 0 -4 0 1 0 1 0 0 1 0 0 0 1 0 0 0 0 1 0 0 0 0
 0 -2 -8 1 1 1 1 1 1 1 -2 1 1 1 1 1 1 1 1 1 1 -2
 0 -11 -5 4 1 1 1 1 1 1 1 1 1 1 1 1 1 4 4 -5 1 1
 0 -3 1 1 1 1 -5 1 1 0 0 1 1 0 0 0 1 1 0 0 0 0
 0 -5 -5 -5 -5 -5 10 -5 -5 10 10 1 1 1 1 1 1 1 1 1 1 7
 0 -2 -2 1 1 1 1 1 1 1 -2 1 1 1 1 1 1 1 1 1 1 -8
 0 -4 0 0 0 0 1 0 0 1 1 0 1 0 0 0 0 1 0 0 0 1
 0 -2 -2 1 -5 1 1 1 1 1 -2 1 1 1 1 1 1 1 1 1 1 -2
 0 -11 1 1 1 1 1 1 1 1 1 1 4 -5 1 1 1 4 -5 1 1 4
 0 -31 -7 5 2 2 2 2 2 2 2 5 5 5 2 2 5 5 5 2 2 -7
 0 -10 5 5 5 5 -55 5 5 5 5 5 5 5 5 5 8 8 8 8 -7 -7
 0 -11 -5 4 -5 4 4 1 1 1 1 1 1 1 1 1 1 1 1 1 1 1
 0 -19 11 20 11 20 20 11 5 -25 -85 11 5 5 5 5 11 5 5 5 5 5
 0 -34 2 2 2 5 2 2 5 2 -7 2 5 2 5 5 2 5 2 5 5 -7
 0 -14 -2 -2 -2 7 -2 -2 7 -2 -5 -2 7 -2 7 7 -2 7 -2 7 7 -5
 0 -10 -22 5 2 2 2 2 5 -7 2 2 5 5 2 5 2 5 5 2 5 -7
 0 -10 -10 5 -22 5 5 2 2 2 2 2 5 5 5 2 2 5 5 5 2 -7
 0 -2 -2 1 -2 1 1 -5 1 1 1 1 1 1 1 1 1 1 1 1 1 -2
 0 -5 -5 1 -5 1 4 1 -5 4 4 1 1 1 1 1 1 1 1 1 1 1
 0 -2 -2 1 -5 1 1 1 1 1 1 1 1 1 1 -2 1 1 1 1 -2 1
 0 -115 17 17 20 5 -13 20 5 -13 20 5 5 17 5 5 5 5 17 5 5 5
 0 -10 -10 5 -40 5 5 5 5 5 5 5 5 5 5 5 8 8 8 8 -7 -7
 0 -1 0 0 0 0 0 1 1 -2 0 1 1 -2 0 1 1 1 0 -2 1 1
 0 -19 11 20 11 20 20 11 5 -25 5 11 5 5 -85 5 11 5 5 5 5 5
 0 -10 2 2 2 5 2 2 5 2 -31 2 5 2 5 5 2 5 2 5 5 -7
 0 -2 -2 1 -2 1 1 1 1 1 1 1 1 1 1 -2 1 1 1 1 -5 1
 0 -1 -1 1 1 1 1 1 1 1 1 2 1 1 -11 1 2 1 1 1 -3 2
 0 -34 2 2 2 5 2 2 5 2 5 5 2 2 -4 2 5 2 2 2 -4 5
 0 -2 -2 1 1 1 1 1 1 1 -2 1 1 1 -5 1 1 1 1 1 1 -2
 0 -1 -1 1 1 1 1 1 1 1 1 2 -11 1 1 1 2 1 1 -1 -1 2
 0 -5 -5 1 1 1 1 1 1 1 1 1 1 4 -5 1 1 1 4 -5 1 4
 0 -4 -4 3 0 0 0 0 1 1 0 0 1 1 0 1 0 3 3 -4 1 1
 0 -10 -40 5 5 5 -10 5 5 5 5 5 5 5 5 5 8 8 8 8 -7 -7
 0 -1 -1 1 1 1 1 1 1 1 1 2 1 1 -1 -9 2 1 1 1 -3 2
 0 -5 -5 1 -5 1 4 1 1 1 1 1 1 1 1 1 1 1 4 4 -5 1
 0 -4 0 0 0 1 0 0 1 0 1 1 0 0 0 0 1 0 0 0 0 1
 0 -22 -7 2 -7 2 5 2 2 2 2 5 2 5 5 2 5 2 5 5 2 -7
 0 -1 -1 -1 2 2 2 2 2 2 -19 2 2 2 2 2 2 2 2 2 2 -4
 0 -1 0 0 0 0 0 1 1 -2 0 1 1 -2 0 1 1 1 -2 0 1 1
 0 -1 -1 1 1 1 1 1 1 1 -1 2 1 1 -3 1 2 1 1 -9 1 2
 0 -11 -11 10 1 1 1 1 1 1 1 1 1 1 1 1 1 10 10 -11 1 1
 0 -10 -10 -10 -10 -10 5 -10 -10 5 5 2 2 17 17 17 2 2 17 17 17 -31
 0 -2 -2 2 3 2 2 3 2 2 -25 3 2 2 3 3 3 2 2 3 3 -5
 0 -19 11 20 11 20 20 11 5 -25 -25 11 5 5 5 -55 11 5 5 5 5 5
 0 -13 -13 20 17 20 20 17 5 5 -25 17 5 5 5 -85 17 5 5 5 5 5
 0 -10 -55 5 11 11 11 5 5 5 -4 5 5 5 -4 5 5 5 5 -4 5 5
 0 -11 1 1 1 1 1 1 1 1 1 1 4 -5 1 1 1 4 1 -5 1 4
 0 -1 -1 8 5 -7 5 5 5 -7 5 5 5 5 5 5 5 8 8 5 5 -55
 0 -5 -5 5 0 0 0 0 0 0 0 0 5 5 -5 0 1 1 1 1 1 1
 0 -13 10 7 10 7 10 5 7 -5 5 5 7 -5 5 5 5 7 5 -65 5 5
 0 -5 -5 1 -5 1 4 -5 1 4 4 1 1 1 1 1 1 1 1 1 1 1
 0 -10 -22 5 2 2 2 2 5 5 2 2 5 5 2 -7 2 5 5 2 -7 5
 0 -4 -4 3 -4 3 3 0 0 0 0 0 1 1 1 0 0 1 1 1 0 1
 0 -5 -5 1 1 -5 4 1 1 1 1 1 1 1 1 1 1 1 4 4 -5 1
 0 -1 -1 1 1 1 1 1 1 1 -7 2 1 1 -3 1 2 1 1 -3 1 2
 0 -10 -10 5 2 2 2 2 5 5 2 2 5 5 2 -19 2 5 5 2 -7 5
 0 -31 2 2 2 2 2 5 5 2 2 5 5 2 2 -7 5 5 2 2 -7 5
 0 -170 -50 25 10 10 10 10 25 25 10 10 25 25 10 25 22 37 37 22 -23 -23
 0 -215 10 10 10 10 10 25 25 10 10 25 25 10 10 25 37 37 22 22 -23 -23
 0 -3 0 0 0 0 0 1 1 0 0 1 3 -4 0 1 1 3 -4 0 1 3
 0 -1 -1 2 -1 2 2 2 2 2 2 5 2 2 2 -22 5 2 2 2 -7 5
 0 -17 -5 13 -5 13 -5 -5 13 -5 -5 40 13 -35 -5 -5 40 13 -5 -35 -5 40
 0 -19 11 20 11 20 20 11 5 -25 5 11 5 5 -25 -55 11 5 5 5 5 5
 0 -1 -1 2 1 1 1 1 2 2 1 3 1 1 1 -15 3 1 1 1 -3 3
 0 -2 -2 -2 -2 -2 -5 -2 -2 -5 7 -2 -2 7 7 7 -2 -2 7 7 7 -5
 0 -22 -7 2 2 2 2 5 2 5 2 5 2 5 2 -7 5 2 5 2 -7 5
 0 -170 -35 10 10 10 10 25 10 25 10 25 10 25 10 25 37 22 37 22 -23 -23
 0 -20 -56 13 4 13 13 4 4 4 4 4 7 7 -5 4 4 7 7 -5 4 7
 0 -3 -3 3 0 0 0 0 0 0 0 1 1 1 0 0 1 3 3 -4 0 1
 0 -1 -1 -1 2 2 2 2 2 2 -13 2 2 2 -4 2 2 2 2 -4 2 2
 0 -17 -5 13 -5 13 -5 -5 13 -5 -5 40 13 -35 -5 -5 40 13 -35 -5 -5 40
 0 -1 -1 -1 -1 -1 -1 -1 -1 -1 5 -1 -1 -4 5 5 2 2 2 -1 -1 2
 0 -10 -10 -10 -10 -10 35 -10 -10 35 35 -10 5 -10 -10 -10 2 17 2 2 2 17
 0 -14 -5 1 -5 1 -5 10 16 -5 -5 25 16 -35 -5 10 25 16 -35 -5 10 25
 0 -17 1 7 1 7 -5 1 7 -5 -5 16 7 -5 -5 -5 16 7 -5 -5 -5 10
 0 -1 -1 1 1 1 1 1 1 1 -7 2 1 1 -3 1 2 1 1 1 -3 2
 0 -1 -1 1 0 0 0 0 0 0 0 1 1 1 -2 0 1 1 1 -2 0 1
 0 -2 -2 -5 -2 -5 -5 -2 -5 -5 10 13 -5 -5 10 10 13 -5 -5 10 10 -5
 0 -11 -11 55 4 -20 -20 4 -20 -20 -20 49 25 25 -20 -20 49 55 55 -20 -80 25
 0 -5 -5 4 -5 4 4 1 1 1 1 1 1 1 1 -5 1 1 1 1 1 1
 0 -10 -10 5 -10 5 5 -10 5 5 5 2 -7 5 5 5 2 2 2 2 2 2
 0 -115 11 11 11 11 17 20 5 -19 11 20 5 11 -19 20 5 5 11 11 5 5
 0 -3 0 0 0 0 0 1 1 0 0 1 3 -4 0 1 1 3 0 -4 1 3
 0 -14 -5 1 -5 1 -5 10 16 -5 -5 25 16 -35 -5 10 25 16 -5 -35 10 25
 0 -1 -1 -1 -1 -1 -1 -1 -1 -1 5 -1 -13 8 5 5 -1 -13 8 5 5 8
 0 -1 -1 -1 2 2 2 2 2 2 -13 2 2 2 -4 2 2 2 2 2 -4 2
 0 -11 1 1 1 1 1 1 1 1 1 1 10 -11 1 1 1 10 1 -11 1 10
 0 -1 -1 1 0 0 0 0 0 0 0 1 1 1 -2 0 1 1 1 0 -2 1
 0 -10 -10 -10 -10 -10 35 -10 -70 35 35 -10 -70 35 35 35 2 2 -13 -13 47 47
 0 -10 -10 5 -10 5 5 2 -7 5 5 2 -7 5 5 5 2 2 2 2 2 2
 0 -1 -1 3 2 -2 2 2 2 -2 2 3 3 3 2 2 3 3 3 2 2 -25
 0 -10 2 2 2 5 2 2 5 2 -19 2 5 2 -7 5 2 5 2 5 -7 5
 0 -2 -2 1 -2 1 1 -2 1 1 1 1 -2 1 1 1 1 -2 1 1 1 1
 0 -5 -5 5 -5 5 5 0 0 0 0 0 0 0 0 0 1 1 1 1 1 1
 0 -115 23 23 5 5 -7 5 5 -7 20 5 5 -7 20 20 5 5 23 5 5 5
 0 -28 -4 5 2 2 2 2 5 5 2 5 -4 2 2 2 5 2 2 2 -4 5
 0 -10 -10 -10 -10 -10 35 -10 -70 35 35 -70 -10 35 35 35 2 2 -13 -13 47 47
 0 -1 -1 -1 -1 -1 -1 -1 -1 -1 5 -1 -13 8 5 5 -13 -1 8 5 5 8
 0 -2 -2 1 -2 1 1 -2 1 1 1 1 1 1 1 1 1 1 1 1 1 -5
 0 -11 -11 10 -11 10 10 1 1 1 1 1 1 1 1 1 1 1 1 1 1 1
 0 -10 -10 5 -10 5 5 -10 5 5 5 -10 5 5 5 5 2 2 2 2 2 2
 0 -10 -10 5 -10 5 5 2 2 2 2 2 5 5 5 -10 2 5 5 5 -10 5
 0 -10 -10 5 -10 5 5 -10 5 5 5 2 2 2 2 2 2 5 5 5 5 -10
 0 -5 0 0 0 0 0 0 5 -5 0 0 5 0 -5 5 1 1 1 1 1 1
 0 -10 -10 5 -10 5 5 2 2 2 2 2 5 5 5 2 2 5 5 5 2 -19
 0 -1 -1 -1 -1 -1 2 -1 -1 2 2 -1 5 -1 -1 -1 -1 5 -1 -1 -1 5
 0 -17 -5 3 2 2 2 2 2 2 2 3 -5 3 2 2 3 3 3 -2 -2 3
 0 -2 -2 -5 -2 -5 -5 -2 -5 -5 -5 10 7 7 7 7 10 7 7 7 7 -26
 0 -1 -1 2 2 -1 2 2 2 -1 -1 2 2 2 2 2 2 2 2 2 2 -19
 0 -17 4 4 4 4 -5 4 4 -5 -5 7 7 -2 -2 -2 7 7 -2 -2 -2 1
 0 -1 -1 5 -1 5 5 -1 5 5 5 14 5 5 5 5 14 5 5 5 5 -70
 0 -1 -1 20 -1 20 20 9 -5 -5 -5 9 -5 -5 -5 -5 9 -5 -5 -5 -5 -5
 0 -1 -1 -1 -1 -1 -1 -1 -1 -1 -1 2 2 2 2 2 2 2 2 2 2 -7
 0 -2 -2 -2 -2 -2 1 -2 -2 1 5 -2 -2 5 1 5 -2 -2 5 5 1 1
