return [ [ 4, 2, 7 ], [ 9, 1, 3 ], [ 2, 5, 12 ], [ 6, 5, 1 ], [ 3, 4, 14 ], 
  [ 16, 4, 8 ], [ 8, 1, 10 ], [ 6, 7, 19 ], [ 11, 10, 2 ], [ 7, 9, 21 ], 
  [ 23, 9, 13 ], [ 13, 3, 15 ], [ 11, 12, 25 ], [ 15, 5, 17 ], 
  [ 27, 12, 14 ], [ 18, 17, 6 ], [ 14, 16, 29 ], [ 30, 16, 20 ], 
  [ 20, 8, 22 ], [ 18, 19, 32 ], [ 22, 10, 24 ], [ 33, 19, 21 ], 
  [ 26, 24, 11 ], [ 21, 23, 35 ], [ 26, 13, 28 ], [ 36, 23, 25 ], 
  [ 31, 28, 15 ], [ 25, 27, 37 ], [ 31, 17, 30 ], [ 29, 18, 34 ], 
  [ 38, 27, 29 ], [ 34, 20, 33 ], [ 39, 32, 22 ], [ 30, 32, 40 ], 
  [ 39, 24, 36 ], [ 35, 26, 37 ], [ 36, 28, 38 ], [ 40, 37, 31 ], 
  [ 40, 33, 35 ], [ 34, 39, 38 ] ];
