return [ [ 4, 2, 7 ], [ 9, 1, 3 ], [ 2, 5, 12 ], [ 6, 5, 1 ], [ 3, 4, 14 ], 
  [ 16, 4, 8 ], [ 8, 1, 10 ], [ 6, 7, 19 ], [ 11, 10, 2 ], [ 7, 9, 21 ], 
  [ 23, 9, 13 ], [ 13, 3, 15 ], [ 11, 12, 26 ], [ 15, 5, 17 ], 
  [ 27, 12, 14 ], [ 18, 17, 6 ], [ 14, 16, 28 ], [ 30, 16, 20 ], 
  [ 20, 8, 22 ], [ 18, 19, 36 ], [ 22, 10, 24 ], [ 37, 19, 21 ], 
  [ 25, 24, 11 ], [ 21, 23, 38 ], [ 33, 23, 29 ], [ 29, 13, 27 ], 
  [ 26, 15, 28 ], [ 27, 17, 31 ], [ 25, 26, 32 ], [ 34, 31, 18 ], 
  [ 32, 28, 30 ], [ 29, 31, 35 ], [ 40, 25, 35 ], [ 35, 30, 39 ], 
  [ 33, 32, 34 ], [ 39, 20, 37 ], [ 36, 22, 38 ], [ 37, 24, 40 ], 
  [ 34, 36, 40 ], [ 39, 38, 33 ] ];
