return [ [ 4, 2, 7 ], [ 10, 1, 3 ], [ 2, 5, 13 ], [ 6, 5, 1 ], [ 3, 4, 16 ], 
  [ 18, 4, 8 ], [ 8, 1, 9 ], [ 6, 7, 21 ], [ 23, 7, 11 ], [ 12, 11, 2 ], 
  [ 9, 10, 25 ], [ 27, 10, 14 ], [ 14, 3, 15 ], [ 12, 13, 29 ], 
  [ 31, 13, 17 ], [ 17, 5, 19 ], [ 15, 16, 33 ], [ 20, 19, 6 ], 
  [ 16, 18, 34 ], [ 36, 18, 22 ], [ 22, 8, 24 ], [ 20, 21, 38 ], 
  [ 26, 24, 9 ], [ 21, 23, 40 ], [ 26, 11, 28 ], [ 41, 23, 25 ], 
  [ 30, 28, 12 ], [ 25, 27, 43 ], [ 30, 14, 32 ], [ 45, 27, 29 ], 
  [ 35, 32, 15 ], [ 29, 31, 47 ], [ 35, 17, 34 ], [ 33, 19, 37 ], 
  [ 49, 31, 33 ], [ 39, 37, 20 ], [ 34, 36, 50 ], [ 39, 22, 42 ], 
  [ 52, 36, 38 ], [ 42, 24, 41 ], [ 44, 40, 26 ], [ 38, 40, 56 ], 
  [ 44, 28, 46 ], [ 57, 41, 43 ], [ 48, 46, 30 ], [ 43, 45, 58 ], 
  [ 48, 32, 51 ], [ 53, 45, 47 ], [ 51, 35, 50 ], [ 49, 37, 54 ], 
  [ 55, 47, 49 ], [ 54, 39, 59 ], [ 60, 48, 55 ], [ 55, 50, 52 ], 
  [ 53, 51, 54 ], [ 59, 42, 57 ], [ 56, 44, 58 ], [ 57, 46, 60 ], 
  [ 52, 56, 60 ], [ 59, 58, 53 ] ];
