return [ [ 2, 4, 7 ], [ 3, 1, 10 ], [ 5, 2, 13 ], [ 1, 5, 6 ], [ 4, 3, 16 ], 
  [ 8, 4, 18 ], [ 1, 8, 9 ], [ 7, 6, 21 ], [ 23, 11, 7 ], [ 2, 11, 12 ], 
  [ 9, 25, 10 ], [ 14, 10, 27 ], [ 14, 15, 3 ], [ 30, 13, 12 ], 
  [ 13, 31, 17 ], [ 5, 17, 19 ], [ 15, 33, 16 ], [ 6, 19, 20 ], 
  [ 18, 16, 35 ], [ 22, 18, 37 ], [ 8, 22, 24 ], [ 21, 20, 40 ], 
  [ 26, 9, 24 ], [ 23, 21, 42 ], [ 11, 26, 28 ], [ 25, 23, 44 ], 
  [ 12, 28, 29 ], [ 25, 45, 27 ], [ 32, 27, 47 ], [ 31, 14, 32 ], 
  [ 15, 30, 34 ], [ 30, 29, 50 ], [ 17, 34, 36 ], [ 33, 31, 51 ], 
  [ 36, 38, 19 ], [ 53, 35, 33 ], [ 20, 38, 39 ], [ 35, 54, 37 ], 
  [ 41, 37, 56 ], [ 41, 43, 22 ], [ 63, 40, 39 ], [ 43, 46, 24 ], 
  [ 40, 64, 42 ], [ 45, 26, 46 ], [ 28, 44, 48 ], [ 42, 65, 44 ], 
  [ 29, 48, 49 ], [ 47, 45, 66 ], [ 60, 52, 47 ], [ 32, 52, 51 ], 
  [ 34, 50, 55 ], [ 49, 57, 50 ], [ 54, 36, 55 ], [ 38, 53, 58 ], 
  [ 59, 53, 51 ], [ 39, 58, 61 ], [ 52, 62, 59 ], [ 54, 59, 56 ], 
  [ 58, 55, 57 ], [ 62, 49, 68 ], [ 62, 67, 56 ], [ 57, 60, 61 ], 
  [ 64, 41, 67 ], [ 43, 63, 65 ], [ 46, 64, 66 ], [ 48, 65, 68 ], 
  [ 61, 68, 63 ], [ 67, 60, 66 ] ];
