return [ [ 2, 3, 4 ], [ 1, 5, 6 ], [ 1, 7, 8 ], [ 1, 9, 10 ], [ 2, 11, 12 ], 
  [ 2, 12, 13 ], [ 3, 13, 14 ], [ 3, 15, 16 ], [ 4, 16, 17 ], [ 4, 18, 11 ], 
  [ 5, 10, 19 ], [ 5, 20, 6 ], [ 6, 21, 7 ], [ 7, 22, 23 ], [ 8, 23, 24 ], 
  [ 8, 25, 9 ], [ 9, 25, 26 ], [ 10, 26, 27 ], [ 11, 28, 29 ], 
  [ 12, 29, 30 ], [ 13, 30, 31 ], [ 14, 31, 32 ], [ 14, 33, 15 ], 
  [ 15, 34, 35 ], [ 16, 35, 17 ], [ 17, 36, 18 ], [ 18, 37, 28 ], 
  [ 19, 27, 38 ], [ 19, 39, 20 ], [ 20, 40, 21 ], [ 21, 41, 22 ], 
  [ 22, 42, 43 ], [ 23, 43, 44 ], [ 24, 44, 45 ], [ 24, 46, 25 ], 
  [ 26, 46, 47 ], [ 27, 47, 48 ], [ 28, 49, 50 ], [ 29, 50, 51 ], 
  [ 30, 51, 52 ], [ 31, 52, 53 ], [ 32, 53, 54 ], [ 32, 55, 33 ], 
  [ 33, 56, 34 ], [ 34, 57, 58 ], [ 35, 58, 36 ], [ 36, 59, 37 ], 
  [ 37, 60, 49 ], [ 38, 48, 61 ], [ 38, 62, 39 ], [ 39, 63, 40 ], 
  [ 40, 63, 41 ], [ 41, 64, 42 ], [ 42, 65, 66 ], [ 43, 66, 67 ], 
  [ 44, 67, 68 ], [ 45, 68, 69 ], [ 45, 69, 46 ], [ 47, 69, 70 ], 
  [ 48, 70, 71 ], [ 49, 72, 73 ], [ 50, 73, 74 ], [ 51, 74, 52 ], 
  [ 53, 74, 75 ], [ 54, 75, 76 ], [ 54, 77, 55 ], [ 55, 78, 56 ], 
  [ 56, 79, 57 ], [ 57, 59, 58 ], [ 59, 79, 60 ], [ 60, 80, 72 ], 
  [ 61, 71, 81 ], [ 61, 82, 62 ], [ 62, 64, 63 ], [ 64, 82, 65 ], 
  [ 65, 82, 81 ], [ 66, 81, 83 ], [ 67, 83, 84 ], [ 68, 84, 70 ], 
  [ 71, 84, 83 ], [ 72, 77, 76 ], [ 73, 76, 75 ], [ 77, 80, 78 ], 
  [ 78, 80, 79 ] ];
