return [ [ 6, 10, 2 ], [ 1, 38, 3 ], [ 2, 35, 4 ], [ 3, 14, 5 ], 
  [ 4, 16, 6 ], [ 5, 7, 1 ], [ 6, 18, 8 ], [ 7, 11, 9 ], [ 8, 13, 10 ], 
  [ 9, 44, 1 ], [ 8, 20, 12 ], [ 11, 23, 13 ], [ 12, 48, 9 ], [ 4, 37, 15 ], 
  [ 14, 24, 16 ], [ 15, 17, 5 ], [ 16, 26, 18 ], [ 17, 19, 7 ], 
  [ 18, 28, 20 ], [ 19, 21, 11 ], [ 20, 30, 22 ], [ 21, 102, 23 ], 
  [ 22, 110, 12 ], [ 15, 50, 25 ], [ 24, 31, 26 ], [ 25, 27, 17 ], 
  [ 26, 33, 28 ], [ 27, 29, 19 ], [ 28, 34, 30 ], [ 29, 99, 21 ], 
  [ 25, 63, 32 ], [ 31, 72, 33 ], [ 32, 34, 27 ], [ 33, 74, 29 ], 
  [ 3, 40, 36 ], [ 35, 51, 37 ], [ 36, 49, 14 ], [ 2, 41, 39 ], 
  [ 38, 43, 40 ], [ 39, 57, 35 ], [ 38, 44, 42 ], [ 41, 47, 43 ], 
  [ 42, 61, 39 ], [ 10, 45, 41 ], [ 44, 48, 46 ], [ 45, 125, 47 ], 
  [ 46, 119, 42 ], [ 13, 111, 45 ], [ 37, 53, 50 ], [ 49, 62, 24 ], 
  [ 36, 54, 52 ], [ 51, 56, 53 ], [ 52, 67, 49 ], [ 51, 57, 55 ], 
  [ 54, 60, 56 ], [ 55, 71, 52 ], [ 40, 58, 54 ], [ 57, 61, 59 ], 
  [ 58, 113, 60 ], [ 59, 85, 55 ], [ 43, 118, 58 ], [ 50, 64, 63 ], 
  [ 62, 66, 31 ], [ 62, 67, 65 ], [ 64, 70, 66 ], [ 65, 75, 63 ], 
  [ 53, 68, 64 ], [ 67, 71, 69 ], [ 68, 78, 70 ], [ 69, 76, 65 ], 
  [ 56, 84, 68 ], [ 32, 75, 73 ], [ 72, 89, 74 ], [ 73, 98, 34 ], 
  [ 66, 77, 72 ], [ 70, 80, 77 ], [ 76, 88, 75 ], [ 69, 81, 79 ], 
  [ 78, 83, 80 ], [ 79, 93, 76 ], [ 78, 84, 82 ], [ 81, 87, 83 ], 
  [ 82, 97, 79 ], [ 71, 85, 81 ], [ 84, 60, 86 ], [ 85, 114, 87 ], 
  [ 86, 122, 82 ], [ 77, 90, 89 ], [ 88, 92, 73 ], [ 88, 93, 91 ], 
  [ 90, 96, 92 ], [ 91, 100, 89 ], [ 80, 94, 90 ], [ 93, 97, 95 ], 
  [ 94, 138, 96 ], [ 95, 107, 91 ], [ 83, 123, 94 ], [ 74, 100, 99 ], 
  [ 98, 101, 30 ], [ 92, 106, 98 ], [ 99, 103, 102 ], [ 101, 105, 22 ], 
  [ 101, 106, 104 ], [ 103, 109, 105 ], [ 104, 112, 102 ], [ 100, 107, 103 ], 
  [ 106, 96, 108 ], [ 107, 136, 109 ], [ 108, 134, 104 ], [ 23, 112, 111 ], 
  [ 110, 127, 48 ], [ 105, 130, 110 ], [ 59, 115, 114 ], [ 113, 117, 86 ], 
  [ 113, 118, 116 ], [ 115, 121, 117 ], [ 116, 124, 114 ], [ 61, 119, 115 ], 
  [ 118, 47, 120 ], [ 119, 126, 121 ], [ 120, 131, 116 ], [ 87, 124, 123 ], 
  [ 122, 139, 97 ], [ 117, 132, 122 ], [ 46, 127, 126 ], [ 125, 129, 120 ], 
  [ 125, 111, 128 ], [ 127, 130, 129 ], [ 128, 133, 126 ], [ 112, 134, 128 ], 
  [ 121, 133, 132 ], [ 131, 140, 124 ], [ 129, 135, 131 ], [ 130, 109, 135 ], 
  [ 134, 137, 133 ], [ 108, 138, 137 ], [ 136, 140, 135 ], [ 136, 95, 139 ], 
  [ 138, 123, 140 ], [ 139, 132, 137 ] ];
