return [ [ 4, 2, 7 ], [ 9, 1, 3 ], [ 2, 5, 12 ], [ 6, 5, 1 ], [ 3, 4, 14 ], 
  [ 16, 4, 8 ], [ 8, 1, 10 ], [ 6, 7, 19 ], [ 11, 10, 2 ], [ 7, 9, 21 ], 
  [ 23, 9, 13 ], [ 13, 3, 15 ], [ 11, 12, 26 ], [ 15, 5, 17 ], 
  [ 27, 12, 14 ], [ 18, 17, 6 ], [ 14, 16, 29 ], [ 31, 16, 20 ], 
  [ 20, 8, 22 ], [ 18, 19, 34 ], [ 22, 10, 24 ], [ 36, 19, 21 ], 
  [ 25, 24, 11 ], [ 21, 23, 37 ], [ 39, 23, 28 ], [ 28, 13, 27 ], 
  [ 30, 26, 15 ], [ 25, 26, 42 ], [ 30, 17, 32 ], [ 43, 27, 29 ], 
  [ 33, 32, 18 ], [ 29, 31, 44 ], [ 46, 31, 35 ], [ 35, 20, 38 ], 
  [ 33, 34, 52 ], [ 38, 22, 37 ], [ 36, 24, 40 ], [ 53, 34, 36 ], 
  [ 41, 40, 25 ], [ 37, 39, 54 ], [ 49, 39, 45 ], [ 45, 28, 43 ], 
  [ 42, 30, 44 ], [ 43, 32, 47 ], [ 41, 42, 48 ], [ 50, 47, 33 ], 
  [ 48, 44, 46 ], [ 45, 47, 51 ], [ 56, 41, 51 ], [ 51, 46, 55 ], 
  [ 49, 48, 50 ], [ 55, 35, 53 ], [ 52, 38, 54 ], [ 53, 40, 56 ], 
  [ 50, 52, 56 ], [ 55, 54, 49 ] ];
