return [ [ 2, 4, 7 ], [ 3, 1, 10 ], [ 5, 2, 13 ], [ 1, 5, 6 ], [ 4, 3, 16 ], 
  [ 8, 4, 18 ], [ 1, 8, 9 ], [ 7, 6, 21 ], [ 23, 11, 7 ], [ 2, 11, 12 ], 
  [ 9, 25, 10 ], [ 14, 10, 27 ], [ 3, 14, 15 ], [ 13, 12, 30 ], 
  [ 32, 17, 13 ], [ 17, 19, 5 ], [ 15, 34, 16 ], [ 6, 19, 20 ], 
  [ 16, 35, 18 ], [ 22, 18, 37 ], [ 8, 22, 24 ], [ 21, 20, 40 ], 
  [ 26, 9, 24 ], [ 42, 23, 21 ], [ 11, 26, 28 ], [ 25, 23, 43 ], 
  [ 12, 28, 29 ], [ 27, 25, 45 ], [ 31, 27, 47 ], [ 14, 31, 33 ], 
  [ 30, 29, 50 ], [ 36, 15, 33 ], [ 32, 30, 52 ], [ 17, 36, 35 ], 
  [ 19, 34, 38 ], [ 34, 32, 54 ], [ 20, 38, 39 ], [ 37, 35, 55 ], 
  [ 41, 37, 57 ], [ 22, 41, 44 ], [ 40, 39, 64 ], [ 43, 24, 44 ], 
  [ 26, 42, 46 ], [ 42, 40, 68 ], [ 46, 48, 28 ], [ 69, 45, 43 ], 
  [ 29, 48, 49 ], [ 45, 70, 47 ], [ 65, 51, 47 ], [ 31, 51, 53 ], 
  [ 49, 61, 50 ], [ 53, 56, 33 ], [ 58, 52, 50 ], [ 56, 55, 36 ], 
  [ 54, 59, 38 ], [ 52, 60, 54 ], [ 39, 59, 62 ], [ 60, 53, 63 ], 
  [ 55, 60, 57 ], [ 56, 58, 59 ], [ 51, 67, 63 ], [ 63, 66, 57 ], 
  [ 61, 62, 58 ], [ 41, 66, 71 ], [ 67, 49, 72 ], [ 62, 67, 64 ], 
  [ 61, 65, 66 ], [ 71, 69, 44 ], [ 70, 46, 68 ], [ 48, 69, 72 ], 
  [ 72, 68, 64 ], [ 70, 71, 65 ] ];
