return [ [ 4, 2, 7 ], [ 10, 1, 3 ], [ 2, 5, 12 ], [ 6, 5, 1 ], [ 3, 4, 15 ], 
  [ 17, 4, 8 ], [ 8, 1, 9 ], [ 6, 7, 19 ], [ 21, 7, 11 ], [ 13, 11, 2 ], 
  [ 9, 10, 24 ], [ 13, 3, 14 ], [ 25, 10, 12 ], [ 12, 16, 27 ], 
  [ 16, 5, 18 ], [ 29, 14, 15 ], [ 20, 18, 6 ], [ 15, 17, 31 ], 
  [ 20, 8, 22 ], [ 32, 17, 19 ], [ 23, 22, 9 ], [ 19, 21, 34 ], 
  [ 35, 21, 26 ], [ 26, 11, 25 ], [ 28, 24, 13 ], [ 23, 24, 37 ], 
  [ 28, 14, 30 ], [ 38, 25, 27 ], [ 33, 30, 16 ], [ 27, 29, 40 ], 
  [ 33, 18, 32 ], [ 31, 20, 36 ], [ 41, 29, 31 ], [ 36, 22, 35 ], 
  [ 39, 34, 23 ], [ 32, 34, 42 ], [ 39, 26, 38 ], [ 37, 28, 43 ], 
  [ 44, 35, 37 ], [ 43, 30, 41 ], [ 40, 33, 42 ], [ 41, 36, 44 ], 
  [ 38, 40, 44 ], [ 43, 42, 39 ] ];
