return [ [ 4, 2, 7 ], [ 9, 1, 3 ], [ 2, 5, 12 ], [ 6, 5, 1 ], [ 3, 4, 14 ], 
  [ 16, 4, 8 ], [ 8, 1, 10 ], [ 6, 7, 19 ], [ 11, 10, 2 ], [ 7, 9, 21 ], 
  [ 23, 9, 13 ], [ 13, 3, 15 ], [ 11, 12, 25 ], [ 15, 5, 17 ], 
  [ 27, 12, 14 ], [ 18, 17, 6 ], [ 14, 16, 29 ], [ 30, 16, 20 ], 
  [ 20, 8, 22 ], [ 18, 19, 32 ], [ 22, 10, 24 ], [ 34, 19, 21 ], 
  [ 26, 24, 11 ], [ 21, 23, 36 ], [ 26, 13, 28 ], [ 37, 23, 25 ], 
  [ 31, 28, 15 ], [ 25, 27, 39 ], [ 31, 17, 30 ], [ 29, 18, 33 ], 
  [ 41, 27, 29 ], [ 33, 20, 35 ], [ 30, 32, 42 ], [ 38, 35, 22 ], 
  [ 44, 32, 34 ], [ 38, 24, 37 ], [ 36, 26, 40 ], [ 45, 34, 36 ], 
  [ 40, 28, 43 ], [ 37, 39, 46 ], [ 43, 31, 42 ], [ 41, 33, 47 ], 
  [ 48, 39, 41 ], [ 47, 35, 45 ], [ 44, 38, 46 ], [ 45, 40, 48 ], 
  [ 42, 44, 48 ], [ 47, 46, 43 ] ];
