return [ [ 2, 3, 4 ], [ 1, 5, 6 ], [ 1, 7, 8 ], [ 1, 9, 10 ], [ 2, 11, 12 ], 
  [ 2, 12, 13 ], [ 3, 13, 14 ], [ 3, 15, 16 ], [ 4, 16, 17 ], [ 4, 18, 11 ], 
  [ 5, 10, 19 ], [ 5, 20, 6 ], [ 6, 21, 7 ], [ 7, 22, 23 ], [ 8, 23, 24 ], 
  [ 8, 25, 9 ], [ 9, 25, 26 ], [ 10, 26, 27 ], [ 11, 28, 29 ], 
  [ 12, 29, 30 ], [ 13, 30, 31 ], [ 14, 31, 32 ], [ 14, 32, 15 ], 
  [ 15, 33, 34 ], [ 16, 34, 17 ], [ 17, 35, 18 ], [ 18, 36, 28 ], 
  [ 19, 27, 37 ], [ 19, 38, 20 ], [ 20, 39, 21 ], [ 21, 40, 22 ], 
  [ 22, 41, 23 ], [ 24, 41, 42 ], [ 24, 43, 25 ], [ 26, 43, 44 ], 
  [ 27, 44, 37 ], [ 28, 36, 45 ], [ 29, 45, 46 ], [ 30, 46, 47 ], 
  [ 31, 47, 48 ], [ 32, 48, 33 ], [ 33, 49, 50 ], [ 34, 50, 35 ], 
  [ 35, 51, 36 ], [ 37, 52, 38 ], [ 38, 53, 39 ], [ 39, 53, 40 ], 
  [ 40, 54, 41 ], [ 42, 54, 55 ], [ 42, 55, 43 ], [ 44, 55, 52 ], 
  [ 45, 51, 56 ], [ 46, 56, 47 ], [ 48, 56, 49 ], [ 49, 51, 50 ], 
  [ 52, 54, 53 ] ];
