return [ [ 4, 2, 7 ], [ 9, 1, 3 ], [ 2, 5, 12 ], [ 6, 5, 1 ], [ 3, 4, 15 ], 
  [ 17, 4, 8 ], [ 8, 1, 10 ], [ 6, 7, 20 ], [ 11, 10, 2 ], [ 7, 9, 22 ], 
  [ 24, 9, 13 ], [ 13, 3, 14 ], [ 11, 12, 26 ], [ 28, 12, 16 ], 
  [ 16, 5, 18 ], [ 14, 15, 30 ], [ 19, 18, 6 ], [ 15, 17, 31 ], 
  [ 33, 17, 21 ], [ 21, 8, 23 ], [ 19, 20, 36 ], [ 23, 10, 25 ], 
  [ 37, 20, 22 ], [ 27, 25, 11 ], [ 22, 24, 39 ], [ 27, 13, 29 ], 
  [ 40, 24, 26 ], [ 32, 29, 14 ], [ 26, 28, 41 ], [ 32, 16, 31 ], 
  [ 30, 18, 34 ], [ 35, 28, 30 ], [ 34, 19, 38 ], [ 35, 31, 33 ], 
  [ 42, 32, 34 ], [ 38, 21, 37 ], [ 43, 36, 23 ], [ 33, 36, 44 ], 
  [ 43, 25, 40 ], [ 39, 27, 41 ], [ 40, 29, 42 ], [ 44, 41, 35 ], 
  [ 44, 37, 39 ], [ 38, 43, 42 ] ];
