return [ [ 4, 2, 7 ], [ 9, 1, 3 ], [ 2, 5, 11 ], [ 6, 5, 1 ], [ 3, 4, 13 ], 
  [ 14, 4, 8 ], [ 8, 1, 10 ], [ 6, 7, 17 ], [ 12, 10, 2 ], [ 7, 9, 19 ], 
  [ 12, 3, 15 ], [ 21, 9, 11 ], [ 15, 5, 14 ], [ 16, 13, 6 ], [ 11, 13, 23 ], 
  [ 24, 14, 18 ], [ 18, 8, 20 ], [ 16, 17, 27 ], [ 20, 10, 22 ], 
  [ 29, 17, 19 ], [ 25, 22, 12 ], [ 19, 21, 31 ], [ 25, 15, 24 ], 
  [ 23, 16, 26 ], [ 33, 21, 23 ], [ 24, 28, 34 ], [ 28, 18, 30 ], 
  [ 36, 26, 27 ], [ 32, 30, 20 ], [ 27, 29, 37 ], [ 32, 22, 35 ], 
  [ 38, 29, 31 ], [ 35, 25, 34 ], [ 33, 26, 39 ], [ 40, 31, 33 ], 
  [ 39, 28, 37 ], [ 36, 30, 38 ], [ 37, 32, 40 ], [ 40, 34, 36 ], 
  [ 38, 35, 39 ] ];
