return [ [ 2, 3, 4 ], [ 1, 5, 6 ], [ 1, 7, 8 ], [ 1, 9, 5 ], [ 2, 4, 10 ], 
  [ 2, 11, 12 ], [ 3, 12, 13 ], [ 3, 13, 14 ], [ 4, 14, 15 ], [ 5, 16, 17 ], 
  [ 6, 17, 18 ], [ 6, 19, 7 ], [ 7, 20, 8 ], [ 8, 21, 9 ], [ 9, 22, 16 ], 
  [ 10, 15, 23 ], [ 10, 24, 11 ], [ 11, 25, 26 ], [ 12, 26, 27 ], 
  [ 13, 27, 28 ], [ 14, 28, 29 ], [ 15, 29, 30 ], [ 16, 31, 32 ], 
  [ 17, 32, 33 ], [ 18, 33, 34 ], [ 18, 34, 19 ], [ 19, 35, 20 ], 
  [ 20, 35, 21 ], [ 21, 36, 22 ], [ 22, 37, 31 ], [ 23, 30, 38 ], 
  [ 23, 38, 24 ], [ 24, 39, 25 ], [ 25, 40, 26 ], [ 27, 40, 28 ], 
  [ 29, 40, 39 ], [ 30, 39, 38 ], [ 31, 37, 32 ], [ 33, 37, 36 ], 
  [ 34, 36, 35 ] ];
