return [ [ 2, 3, 4 ], [ 1, 5, 6 ], [ 1, 7, 8 ], [ 1, 9, 10 ], [ 2, 11, 12 ], 
  [ 2, 13, 14 ], [ 3, 14, 15 ], [ 3, 16, 17 ], [ 4, 17, 18 ], [ 4, 19, 11 ], 
  [ 5, 10, 20 ], [ 5, 20, 21 ], [ 6, 21, 22 ], [ 6, 22, 7 ], [ 7, 22, 23 ], 
  [ 8, 23, 24 ], [ 8, 25, 9 ], [ 9, 26, 27 ], [ 10, 27, 28 ], [ 11, 29, 12 ], 
  [ 12, 30, 13 ], [ 13, 15, 14 ], [ 15, 30, 16 ], [ 16, 31, 32 ], 
  [ 17, 32, 33 ], [ 18, 33, 34 ], [ 18, 35, 19 ], [ 19, 36, 29 ], 
  [ 20, 28, 37 ], [ 21, 37, 23 ], [ 24, 37, 38 ], [ 24, 39, 25 ], 
  [ 25, 39, 26 ], [ 26, 40, 41 ], [ 27, 41, 42 ], [ 28, 42, 38 ], 
  [ 29, 31, 30 ], [ 31, 36, 43 ], [ 32, 43, 33 ], [ 34, 43, 44 ], 
  [ 34, 44, 35 ], [ 35, 44, 36 ], [ 38, 40, 39 ], [ 40, 42, 41 ] ];
