return [ [ 2, 3, 4 ], [ 1, 5, 6 ], [ 1, 7, 8 ], [ 1, 9, 10 ], [ 2, 11, 12 ], 
  [ 2, 13, 14 ], [ 3, 14, 15 ], [ 3, 16, 17 ], [ 4, 17, 18 ], [ 4, 19, 11 ], 
  [ 5, 10, 20 ], [ 5, 21, 22 ], [ 6, 22, 23 ], [ 6, 24, 7 ], [ 7, 25, 26 ], 
  [ 8, 26, 27 ], [ 8, 28, 9 ], [ 9, 29, 30 ], [ 10, 30, 31 ], [ 11, 32, 33 ], 
  [ 12, 33, 34 ], [ 12, 35, 13 ], [ 13, 36, 37 ], [ 14, 37, 38 ], 
  [ 15, 38, 39 ], [ 15, 40, 16 ], [ 16, 41, 42 ], [ 17, 42, 43 ], 
  [ 18, 43, 44 ], [ 18, 45, 19 ], [ 19, 46, 32 ], [ 20, 31, 47 ], 
  [ 20, 48, 21 ], [ 21, 49, 50 ], [ 22, 50, 51 ], [ 23, 51, 52 ], 
  [ 23, 53, 24 ], [ 24, 54, 25 ], [ 25, 55, 56 ], [ 26, 56, 57 ], 
  [ 27, 57, 58 ], [ 27, 59, 28 ], [ 28, 60, 29 ], [ 29, 61, 62 ], 
  [ 30, 62, 63 ], [ 31, 63, 64 ], [ 32, 65, 66 ], [ 33, 66, 67 ], 
  [ 34, 67, 68 ], [ 34, 68, 35 ], [ 35, 69, 36 ], [ 36, 70, 71 ], 
  [ 37, 71, 72 ], [ 38, 72, 73 ], [ 39, 73, 74 ], [ 39, 75, 40 ], 
  [ 40, 76, 41 ], [ 41, 77, 78 ], [ 42, 78, 79 ], [ 43, 79, 80 ], 
  [ 44, 80, 81 ], [ 44, 81, 45 ], [ 45, 82, 46 ], [ 46, 83, 65 ], 
  [ 47, 64, 84 ], [ 47, 85, 48 ], [ 48, 86, 49 ], [ 49, 87, 50 ], 
  [ 51, 87, 88 ], [ 52, 88, 89 ], [ 52, 90, 53 ], [ 53, 91, 54 ], 
  [ 54, 91, 55 ], [ 55, 92, 93 ], [ 56, 93, 94 ], [ 57, 94, 95 ], 
  [ 58, 95, 96 ], [ 58, 96, 59 ], [ 59, 97, 60 ], [ 60, 98, 61 ], 
  [ 61, 99, 62 ], [ 63, 99, 100 ], [ 64, 100, 101 ], [ 65, 102, 103 ], 
  [ 66, 103, 104 ], [ 67, 104, 105 ], [ 68, 105, 69 ], [ 69, 106, 70 ], 
  [ 70, 107, 108 ], [ 71, 108, 109 ], [ 72, 109, 73 ], [ 74, 109, 110 ], 
  [ 74, 111, 75 ], [ 75, 112, 76 ], [ 76, 113, 77 ], [ 77, 114, 78 ], 
  [ 79, 114, 115 ], [ 80, 115, 116 ], [ 81, 116, 82 ], [ 82, 117, 83 ], 
  [ 83, 117, 102 ], [ 84, 101, 118 ], [ 84, 119, 85 ], [ 85, 120, 86 ], 
  [ 86, 121, 87 ], [ 88, 121, 122 ], [ 89, 122, 123 ], [ 89, 123, 90 ], 
  [ 90, 92, 91 ], [ 92, 123, 124 ], [ 93, 124, 125 ], [ 94, 125, 126 ], 
  [ 95, 126, 127 ], [ 96, 127, 97 ], [ 97, 128, 98 ], [ 98, 129, 99 ], 
  [ 100, 129, 101 ], [ 102, 130, 131 ], [ 103, 131, 132 ], [ 104, 132, 133 ], 
  [ 105, 133, 106 ], [ 106, 134, 107 ], [ 107, 110, 108 ], [ 110, 134, 111 ], 
  [ 111, 135, 112 ], [ 112, 136, 113 ], [ 113, 137, 114 ], [ 115, 137, 130 ], 
  [ 116, 130, 117 ], [ 118, 129, 128 ], [ 118, 138, 119 ], [ 119, 139, 120 ], 
  [ 120, 140, 121 ], [ 122, 140, 124 ], [ 125, 140, 139 ], [ 126, 139, 138 ], 
  [ 127, 138, 128 ], [ 131, 137, 136 ], [ 132, 136, 135 ], [ 133, 135, 134 ] 
 ];
