return [ [ 2, 4, 7 ], [ 3, 1, 10 ], [ 5, 2, 13 ], [ 1, 5, 6 ], [ 4, 3, 15 ], 
  [ 8, 4, 17 ], [ 1, 8, 9 ], [ 7, 6, 20 ], [ 11, 7, 22 ], [ 11, 12, 2 ], 
  [ 25, 10, 9 ], [ 10, 26, 14 ], [ 16, 3, 14 ], [ 13, 12, 29 ], 
  [ 5, 16, 18 ], [ 15, 13, 31 ], [ 18, 19, 6 ], [ 33, 17, 15 ], 
  [ 17, 34, 21 ], [ 8, 21, 23 ], [ 20, 19, 37 ], [ 9, 23, 24 ], 
  [ 22, 20, 39 ], [ 41, 27, 22 ], [ 26, 11, 27 ], [ 12, 25, 28 ], 
  [ 24, 43, 25 ], [ 44, 30, 26 ], [ 14, 30, 32 ], [ 28, 46, 29 ], 
  [ 16, 32, 35 ], [ 31, 29, 49 ], [ 34, 18, 35 ], [ 19, 33, 36 ], 
  [ 33, 31, 51 ], [ 52, 38, 34 ], [ 38, 40, 21 ], [ 36, 54, 37 ], 
  [ 23, 40, 42 ], [ 37, 55, 39 ], [ 45, 24, 42 ], [ 41, 39, 58 ], 
  [ 27, 45, 44 ], [ 47, 28, 43 ], [ 43, 41, 48 ], [ 30, 47, 50 ], 
  [ 46, 44, 48 ], [ 47, 45, 59 ], [ 32, 50, 53 ], [ 49, 46, 60 ], 
  [ 53, 52, 35 ], [ 56, 36, 51 ], [ 57, 51, 49 ], [ 38, 56, 55 ], 
  [ 40, 54, 61 ], [ 54, 52, 57 ], [ 56, 53, 62 ], [ 61, 59, 42 ], 
  [ 58, 60, 48 ], [ 59, 62, 50 ], [ 62, 58, 55 ], [ 60, 61, 57 ] ];
