return [ (  1,139)(  2,136)(  3,132)(  4,135)(  5,126)(  6,138)(  7,119)
    (  8,120)(  9,140)( 10,125)( 11,112)( 12,113)( 13,137)( 14,131)( 15,103)
    ( 16,104)( 17,133)( 18,134)( 19,111)( 20, 94)( 21, 95)( 22,127)( 23,128)
    ( 24,118)( 25, 84)( 26, 85)( 27, 86)( 28,121)( 29,122)( 30,124)( 31, 93)
    ( 32, 75)( 33, 76)( 34, 77)( 35,114)( 36,115)( 37,130)( 38,102)( 39, 65)
    ( 40, 66)( 41, 67)( 42,105)( 43,106)( 44,107)( 45,110)( 46, 74)( 47, 56)
    ( 48, 57)( 49, 58)( 50, 96)( 51, 97)( 52, 98)( 53,129)( 54,101)( 55, 64)
    ( 59, 87)( 60, 88)( 61, 89)( 62,123)( 63, 92)( 68, 78)( 69, 79)( 70, 80)
    ( 71,116)( 72,117)( 73, 83)( 81,108)( 82,109)( 90, 99)( 91,100)(141,348)
    (142,343)(143,347)(144,337)(145,349)(146,330)(147,331)(148,346)(149,336)
    (150,320)(151,321)(152,350)(153,342)(154,329)(155,307)(156,308)(157,332)
    (158,344)(159,345)(160,318)(161,319)(162,295)(163,296)(164,322)(165,338)
    (166,339)(167,328)(168,280)(169,281)(170,282)(171,283)(172,333)(173,334)
    (174,335)(175,317)(176,294)(177,266)(178,267)(179,268)(180,269)(181,323)
    (182,324)(183,340)(184,327)(185,306)(186,279)(187,252)(188,253)(189,254)
    (190,284)(191,309)(192,310)(193,311)(194,312)(195,316)(196,264)(197,265)
    (198,238)(199,239)(200,240)(201,270)(202,297)(203,298)(204,299)(205,300)
    (206,341)(207,305)(208,251)(209,222)(210,223)(211,224)(212,225)(213,226)
    (214,285)(215,286)(216,287)(217,313)(218,315)(219,293)(220,263)(221,237)
    (227,241)(228,271)(229,272)(230,273)(231,301)(232,325)(233,326)(234,304)
    (235,278)(236,250)(242,255)(243,256)(244,257)(245,258)(246,259)(247,288)
    (248,314)(249,292)(260,302)(261,303)(262,277)(274,289)(275,290)(276,291)
    (351,421)(352,422)(353,418)(354,419)(355,408)(356,417)(357,403)(358,420)
    (359,407)(360,409)(361,415)(362,402)(363,404)(364,412)(365,387)(366,388)
    (367,416)(368,401)(369,382)(370,383)(371,413)(372,414)(373,398)(374,389)
    (375,399)(376,400)(377,381)(378,394)(379,395)(380,396)(384,410)(385,411)
    (386,393)(390,397)(391,405)(392,406) ];
