return rec(
  EXT := [ [ 1, 0, 0, 0, 0, 0, 0, 0, 0, 0, 0, 0, 0 ], [ 1, 1, 1, 1, 1, 0, 0, 0, 0, 0, 0, 0, 0 ], 
      [ 1, 1, 1, 1, 1, 1, 1, 1, 1, 0, 0, 0, 0 ], [ 1, 1, 1, 1, 1, 1, 1, 1, 1, 1, 1, 1, 1 ], 
      [ 1, 0, 1, 1, 1, 0, 1, 1, 1, 0, 1, 1, 1 ], [ 1, 0, 0, 1, 1, 0, 0, 1, 1, 0, 0, 1, 1 ], 
      [ 1, 0, 0, 0, 1, 0, 0, 0, 1, 0, 0, 0, 1 ], [ 1, 0, 1, 0, 1, 0, 1, 0, 1, 0, 1, 0, 1 ], 
      [ 1, 1, 0, 1, 1, 1, 0, 1, 1, 1, 0, 1, 1 ], [ 1, 1, 0, 0, 1, 1, 0, 0, 1, 1, 0, 0, 1 ], 
      [ 1, 1, 1, 0, 1, 1, 1, 0, 1, 1, 1, 0, 1 ], [ 1, 0, 1, 1, 1, 0, 1, 1, 1, 1, 0, 0, 0 ], 
      [ 1, 0, 0, 1, 1, 0, 0, 1, 1, 1, 1, 0, 0 ], [ 1, 0, 0, 0, 1, 0, 0, 0, 1, 1, 1, 1, 0 ], 
      [ 1, 0, 1, 0, 1, 0, 1, 0, 1, 1, 0, 1, 0 ], [ 1, 1, 0, 1, 1, 1, 0, 1, 1, 0, 1, 0, 0 ], 
      [ 1, 1, 0, 0, 1, 1, 0, 0, 1, 0, 1, 1, 0 ], [ 1, 1, 1, 0, 1, 1, 1, 0, 1, 0, 0, 1, 0 ], 
      [ 1, 1, 1, 1, 1, 0, 0, 0, 0, 1, 1, 1, 1 ], [ 1, 0, 1, 1, 1, 1, 0, 0, 0, 0, 1, 1, 1 ], 
      [ 1, 0, 0, 1, 1, 1, 1, 0, 0, 0, 0, 1, 1 ], [ 1, 0, 0, 0, 1, 1, 1, 1, 0, 0, 0, 0, 1 ], 
      [ 1, 0, 1, 0, 1, 1, 0, 1, 0, 0, 1, 0, 1 ], [ 1, 1, 0, 1, 1, 0, 1, 0, 0, 1, 0, 1, 1 ], 
      [ 1, 1, 0, 0, 1, 0, 1, 1, 0, 1, 0, 0, 1 ], [ 1, 1, 1, 0, 1, 0, 0, 1, 0, 1, 1, 0, 1 ], 
      [ 1, 0, 1, 1, 1, 1, 0, 0, 0, 1, 0, 0, 0 ], [ 1, 0, 0, 1, 1, 1, 1, 0, 0, 1, 1, 0, 0 ], 
      [ 1, 0, 0, 0, 1, 1, 1, 1, 0, 1, 1, 1, 0 ], [ 1, 0, 1, 0, 1, 1, 0, 1, 0, 1, 0, 1, 0 ], 
      [ 1, 1, 0, 1, 1, 0, 1, 0, 0, 0, 1, 0, 0 ], [ 1, 1, 0, 0, 1, 0, 1, 1, 0, 0, 1, 1, 0 ], 
      [ 1, 1, 1, 0, 1, 0, 0, 1, 0, 0, 0, 1, 0 ], [ 1, 0, 0, 0, 0, 1, 1, 1, 1, 0, 0, 0, 0 ], 
      [ 1, 0, 0, 0, 0, 1, 1, 1, 1, 1, 1, 1, 1 ], [ 1, 1, 0, 0, 0, 0, 1, 1, 1, 0, 1, 1, 1 ], 
      [ 1, 1, 1, 0, 0, 0, 0, 1, 1, 0, 0, 1, 1 ], [ 1, 1, 1, 1, 0, 0, 0, 0, 1, 0, 0, 0, 1 ], 
      [ 1, 1, 0, 1, 0, 0, 1, 0, 1, 0, 1, 0, 1 ], [ 1, 0, 1, 0, 0, 1, 0, 1, 1, 1, 0, 1, 1 ], 
      [ 1, 0, 1, 1, 0, 1, 0, 0, 1, 1, 0, 0, 1 ], [ 1, 0, 0, 1, 0, 1, 1, 0, 1, 1, 1, 0, 1 ], 
      [ 1, 1, 0, 0, 0, 0, 1, 1, 1, 1, 0, 0, 0 ], [ 1, 1, 1, 0, 0, 0, 0, 1, 1, 1, 1, 0, 0 ], 
      [ 1, 1, 1, 1, 0, 0, 0, 0, 1, 1, 1, 1, 0 ], [ 1, 1, 0, 1, 0, 0, 1, 0, 1, 1, 0, 1, 0 ], 
      [ 1, 0, 1, 0, 0, 1, 0, 1, 1, 0, 1, 0, 0 ], [ 1, 0, 1, 1, 0, 1, 0, 0, 1, 0, 1, 1, 0 ], 
      [ 1, 0, 0, 1, 0, 1, 1, 0, 1, 0, 0, 1, 0 ], [ 1, 0, 0, 0, 0, 0, 0, 0, 0, 1, 1, 1, 1 ], 
      [ 1, 1, 0, 0, 0, 1, 0, 0, 0, 0, 1, 1, 1 ], [ 1, 1, 1, 0, 0, 1, 1, 0, 0, 0, 0, 1, 1 ], 
      [ 1, 1, 1, 1, 0, 1, 1, 1, 0, 0, 0, 0, 1 ], [ 1, 1, 0, 1, 0, 1, 0, 1, 0, 0, 1, 0, 1 ], 
      [ 1, 0, 1, 0, 0, 0, 1, 0, 0, 1, 0, 1, 1 ], [ 1, 0, 1, 1, 0, 0, 1, 1, 0, 1, 0, 0, 1 ], 
      [ 1, 0, 0, 1, 0, 0, 0, 1, 0, 1, 1, 0, 1 ], [ 1, 1, 0, 0, 0, 1, 0, 0, 0, 1, 0, 0, 0 ], 
      [ 1, 1, 1, 0, 0, 1, 1, 0, 0, 1, 1, 0, 0 ], [ 1, 1, 1, 1, 0, 1, 1, 1, 0, 1, 1, 1, 0 ], 
      [ 1, 1, 0, 1, 0, 1, 0, 1, 0, 1, 0, 1, 0 ], [ 1, 0, 1, 0, 0, 0, 1, 0, 0, 0, 1, 0, 0 ], 
      [ 1, 0, 1, 1, 0, 0, 1, 1, 0, 0, 1, 1, 0 ], [ 1, 0, 0, 1, 0, 0, 0, 1, 0, 0, 0, 1, 0 ] ],
  GRP := Group( [ ( 7,64)( 8,63)(10,61)(11,60)(14,57)(15,56)(17,54)(18,53)(22,49)(23,48)(25,46)(26,45)(29,42)(30,41)
        (32,39)(33,38), ( 6, 8)( 9,11)(13,15)(16,18)(21,23)(24,26)(28,30)(31,33)(37,39)(40,42)(44,46)(47,49)(52,54)
        (55,57)(59,61)(62,64), ( 2,34)( 6,63, 8)( 7,64,62)( 9,60,11)(10,61,59)(13,56,15)(14,57,55)(16,53,18)
        (17,54,52)(19,35)(20,36)(21,32,23,37,48,39)(22,33,47,38,49,31)(24,29,26,40,45,42)(25,30,44,41,46,28)(27,43), 
      ( 5, 9)( 8,10)(12,16)(15,17)(20,24)(23,25)(27,31)(30,32)(36,40)(39,41)(43,47)(46,48)(51,55)(54,56)(58,62)
        (61,63), ( 3,19)(12,20)(13,21)(14,22)(15,23)(16,24)(17,25)(18,26)(34,50)(43,51)(44,52)(45,53)(46,54)(47,55)
        (48,56)(49,57), ( 1, 2,19,50)( 3, 4,35,34)( 5,36,43,12)( 6,32,46,13,63,39,44,56, 8,37,25,15)( 7,33,24,14,64,
         31,45,57,62,38,26,55)( 9,29,49,16,60,42,47,53,11,40,22,18)(10,30,21,17,61,28,48,54,59,41,23,52)(20,51,58,27)
        , ( 1, 5)( 2,20,50,36,34,12)( 3,27,19,51,35,43)( 4,58)( 6, 7, 8,62,63,64)( 9,10,11,59,60,61)(13,38,23,55,32,
         49)(14,39,47,56,33,21)(15,31,48,57,37,22)(16,41,26,52,29,46)(17,42,44,53,30,24)(18,28,45,54,40,25) ] ),
  LOrb := 
   [ [ 1, 2, 6, 7, 9, 10, 19, 20, 21, 22, 23, 24, 25, 26, 27, 30, 33, 37, 38, 40, 41, 50, 51, 52, 53, 54, 55, 56, 
          57, 58, 61, 64 ], [ 2, 3, 4, 5, 6, 9, 12, 13, 16, 19, 20, 21, 24, 27, 28, 31, 38, 39, 41, 42, 45, 46, 48, 
          49, 53, 54, 56, 57, 60, 61, 63, 64 ] ],
  eRec := rec(
      GRA := rec(
          adjacencies := [ [ 4, 5, 6, 7 ], [ 4, 5, 6, 7 ], [ 4, 5, 6, 7 ], [ 1, 2, 3 ], [ 1, 2, 3 ], [ 1, 2, 3 ], 
              [ 1, 2, 3 ] ],
          group := Group( [ () ] ),
          isGraph := true,
          order := 7,
          representatives := [ 1, 2, 3, 4, 5, 6, 7 ],
          schreierVector := [ -1, -2, -3, -4, -5, -6, -7 ] ),
      ListSet := [ [  ], [ 1 ], [ 1, 2 ], [ 1, 2, 3 ], [ 1, 2, 3, 4 ], [ 1, 2, 3, 4, 5 ], [ 1, 2, 3, 4, 5, 6 ], 
          [ 1, 2, 3, 4, 6 ], [ 1, 2, 3, 5 ], [ 1, 2, 3, 5, 6 ], [ 1, 2, 3, 6 ], [ 1, 2, 4 ], [ 1, 2, 4, 5 ], 
          [ 1, 2, 4, 5, 6 ], [ 1, 2, 4, 6 ], [ 1, 2, 5 ], [ 1, 2, 5, 6 ], [ 1, 2, 6 ], [ 1, 3 ], [ 1, 3, 4 ], 
          [ 1, 3, 4, 5 ], [ 1, 3, 4, 5, 6 ], [ 1, 3, 4, 6 ], [ 1, 3, 5 ], [ 1, 3, 5, 6 ], [ 1, 3, 6 ], [ 1, 4 ], 
          [ 1, 4, 5 ], [ 1, 4, 5, 6 ], [ 1, 4, 6 ], [ 1, 5 ], [ 1, 5, 6 ], [ 1, 6 ], [ 2 ], [ 2, 3 ], [ 2, 3, 4 ], 
          [ 2, 3, 4, 5 ], [ 2, 3, 4, 5, 6 ], [ 2, 3, 4, 6 ], [ 2, 3, 5 ], [ 2, 3, 5, 6 ], [ 2, 3, 6 ], [ 2, 4 ], 
          [ 2, 4, 5 ], [ 2, 4, 5, 6 ], [ 2, 4, 6 ], [ 2, 5 ], [ 2, 5, 6 ], [ 2, 6 ], [ 3 ], [ 3, 4 ], [ 3, 4, 5 ], 
          [ 3, 4, 5, 6 ], [ 3, 4, 6 ], [ 3, 5 ], [ 3, 5, 6 ], [ 3, 6 ], [ 4 ], [ 4, 5 ], [ 4, 5, 6 ], [ 4, 6 ], 
          [ 5 ], [ 5, 6 ], [ 6 ] ],
      ListVect := [ [ 1, 0, 0, 0, 0, 0, 0, 0, 0, 0, 0, 0, 0 ], [ 1, 1, 1, 1, 1, 0, 0, 0, 0, 0, 0, 0, 0 ], 
          [ 1, 1, 1, 1, 1, 1, 1, 1, 1, 0, 0, 0, 0 ], [ 1, 1, 1, 1, 1, 1, 1, 1, 1, 1, 1, 1, 1 ], 
          [ 1, 0, 1, 1, 1, 0, 1, 1, 1, 0, 1, 1, 1 ], [ 1, 0, 0, 1, 1, 0, 0, 1, 1, 0, 0, 1, 1 ], 
          [ 1, 0, 0, 0, 1, 0, 0, 0, 1, 0, 0, 0, 1 ], [ 1, 0, 1, 0, 1, 0, 1, 0, 1, 0, 1, 0, 1 ], 
          [ 1, 1, 0, 1, 1, 1, 0, 1, 1, 1, 0, 1, 1 ], [ 1, 1, 0, 0, 1, 1, 0, 0, 1, 1, 0, 0, 1 ], 
          [ 1, 1, 1, 0, 1, 1, 1, 0, 1, 1, 1, 0, 1 ], [ 1, 0, 1, 1, 1, 0, 1, 1, 1, 1, 0, 0, 0 ], 
          [ 1, 0, 0, 1, 1, 0, 0, 1, 1, 1, 1, 0, 0 ], [ 1, 0, 0, 0, 1, 0, 0, 0, 1, 1, 1, 1, 0 ], 
          [ 1, 0, 1, 0, 1, 0, 1, 0, 1, 1, 0, 1, 0 ], [ 1, 1, 0, 1, 1, 1, 0, 1, 1, 0, 1, 0, 0 ], 
          [ 1, 1, 0, 0, 1, 1, 0, 0, 1, 0, 1, 1, 0 ], [ 1, 1, 1, 0, 1, 1, 1, 0, 1, 0, 0, 1, 0 ], 
          [ 1, 1, 1, 1, 1, 0, 0, 0, 0, 1, 1, 1, 1 ], [ 1, 0, 1, 1, 1, 1, 0, 0, 0, 0, 1, 1, 1 ], 
          [ 1, 0, 0, 1, 1, 1, 1, 0, 0, 0, 0, 1, 1 ], [ 1, 0, 0, 0, 1, 1, 1, 1, 0, 0, 0, 0, 1 ], 
          [ 1, 0, 1, 0, 1, 1, 0, 1, 0, 0, 1, 0, 1 ], [ 1, 1, 0, 1, 1, 0, 1, 0, 0, 1, 0, 1, 1 ], 
          [ 1, 1, 0, 0, 1, 0, 1, 1, 0, 1, 0, 0, 1 ], [ 1, 1, 1, 0, 1, 0, 0, 1, 0, 1, 1, 0, 1 ], 
          [ 1, 0, 1, 1, 1, 1, 0, 0, 0, 1, 0, 0, 0 ], [ 1, 0, 0, 1, 1, 1, 1, 0, 0, 1, 1, 0, 0 ], 
          [ 1, 0, 0, 0, 1, 1, 1, 1, 0, 1, 1, 1, 0 ], [ 1, 0, 1, 0, 1, 1, 0, 1, 0, 1, 0, 1, 0 ], 
          [ 1, 1, 0, 1, 1, 0, 1, 0, 0, 0, 1, 0, 0 ], [ 1, 1, 0, 0, 1, 0, 1, 1, 0, 0, 1, 1, 0 ], 
          [ 1, 1, 1, 0, 1, 0, 0, 1, 0, 0, 0, 1, 0 ], [ 1, 0, 0, 0, 0, 1, 1, 1, 1, 0, 0, 0, 0 ], 
          [ 1, 0, 0, 0, 0, 1, 1, 1, 1, 1, 1, 1, 1 ], [ 1, 1, 0, 0, 0, 0, 1, 1, 1, 0, 1, 1, 1 ], 
          [ 1, 1, 1, 0, 0, 0, 0, 1, 1, 0, 0, 1, 1 ], [ 1, 1, 1, 1, 0, 0, 0, 0, 1, 0, 0, 0, 1 ], 
          [ 1, 1, 0, 1, 0, 0, 1, 0, 1, 0, 1, 0, 1 ], [ 1, 0, 1, 0, 0, 1, 0, 1, 1, 1, 0, 1, 1 ], 
          [ 1, 0, 1, 1, 0, 1, 0, 0, 1, 1, 0, 0, 1 ], [ 1, 0, 0, 1, 0, 1, 1, 0, 1, 1, 1, 0, 1 ], 
          [ 1, 1, 0, 0, 0, 0, 1, 1, 1, 1, 0, 0, 0 ], [ 1, 1, 1, 0, 0, 0, 0, 1, 1, 1, 1, 0, 0 ], 
          [ 1, 1, 1, 1, 0, 0, 0, 0, 1, 1, 1, 1, 0 ], [ 1, 1, 0, 1, 0, 0, 1, 0, 1, 1, 0, 1, 0 ], 
          [ 1, 0, 1, 0, 0, 1, 0, 1, 1, 0, 1, 0, 0 ], [ 1, 0, 1, 1, 0, 1, 0, 0, 1, 0, 1, 1, 0 ], 
          [ 1, 0, 0, 1, 0, 1, 1, 0, 1, 0, 0, 1, 0 ], [ 1, 0, 0, 0, 0, 0, 0, 0, 0, 1, 1, 1, 1 ], 
          [ 1, 1, 0, 0, 0, 1, 0, 0, 0, 0, 1, 1, 1 ], [ 1, 1, 1, 0, 0, 1, 1, 0, 0, 0, 0, 1, 1 ], 
          [ 1, 1, 1, 1, 0, 1, 1, 1, 0, 0, 0, 0, 1 ], [ 1, 1, 0, 1, 0, 1, 0, 1, 0, 0, 1, 0, 1 ], 
          [ 1, 0, 1, 0, 0, 0, 1, 0, 0, 1, 0, 1, 1 ], [ 1, 0, 1, 1, 0, 0, 1, 1, 0, 1, 0, 0, 1 ], 
          [ 1, 0, 0, 1, 0, 0, 0, 1, 0, 1, 1, 0, 1 ], [ 1, 1, 0, 0, 0, 1, 0, 0, 0, 1, 0, 0, 0 ], 
          [ 1, 1, 1, 0, 0, 1, 1, 0, 0, 1, 1, 0, 0 ], [ 1, 1, 1, 1, 0, 1, 1, 1, 0, 1, 1, 1, 0 ], 
          [ 1, 1, 0, 1, 0, 1, 0, 1, 0, 1, 0, 1, 0 ], [ 1, 0, 1, 0, 0, 0, 1, 0, 0, 0, 1, 0, 0 ], 
          [ 1, 0, 1, 1, 0, 0, 1, 1, 0, 0, 1, 1, 0 ], [ 1, 0, 0, 1, 0, 0, 0, 1, 0, 0, 0, 1, 0 ] ] ) );
