return rec(
  EXT := [ [ 1, 0, 0, 0, 0, 0, 0 ], [ 1, 1, 1, 1, 0, 0, 0 ], [ 1, 1, 1, 1, 1, 1, 1 ], [ 1, 0, 1, 1, 0, 1, 1 ], 
      [ 1, 0, 0, 1, 0, 0, 1 ], [ 1, 1, 0, 1, 1, 0, 1 ], [ 1, 0, 1, 1, 1, 0, 0 ], [ 1, 0, 0, 1, 1, 1, 0 ], 
      [ 1, 1, 0, 1, 0, 1, 0 ], [ 1, 0, 0, 0, 1, 1, 1 ], [ 1, 1, 0, 0, 0, 1, 1 ], [ 1, 1, 1, 0, 0, 0, 1 ], 
      [ 1, 0, 1, 0, 1, 0, 1 ], [ 1, 1, 0, 0, 1, 0, 0 ], [ 1, 1, 1, 0, 1, 1, 0 ], [ 1, 0, 1, 0, 0, 1, 0 ] ],
  GRP := Group( [ ( 8,13)( 9,12), ( 7, 9)(11,13), ( 2, 7)( 8, 9)(10,11)(12,13), ( 4, 6)(14,16), ( 4,15)( 5,14), 
      ( 1, 2)( 3,10)( 4,13)( 5, 7)( 6, 8)( 9,14)(11,15)(12,16) ] ),
  LOrb := [ [ 2, 3, 4, 5, 6, 7, 8, 9 ] ],
  eRec := rec(
      GRA := rec(
          adjacencies := [ [ 3, 4, 5 ], [ 3, 4, 5 ], [ 1, 2 ], [ 1, 2 ], [ 1, 2 ] ],
          group := Group( [ () ] ),
          isGraph := true,
          order := 5,
          representatives := [ 1, 2, 3, 4, 5 ],
          schreierVector := [ -1, -2, -3, -4, -5 ] ),
      ListSet := [ [  ], [ 1 ], [ 1, 2 ], [ 1, 2, 3 ], [ 1, 2, 3, 4 ], [ 1, 2, 4 ], [ 1, 3 ], [ 1, 3, 4 ], [ 1, 4 ], 
          [ 2 ], [ 2, 3 ], [ 2, 3, 4 ], [ 2, 4 ], [ 3 ], [ 3, 4 ], [ 4 ] ],
      ListVect := [ [ 1, 0, 0, 0, 0, 0, 0 ], [ 1, 1, 1, 1, 0, 0, 0 ], [ 1, 1, 1, 1, 1, 1, 1 ], 
          [ 1, 0, 1, 1, 0, 1, 1 ], [ 1, 0, 0, 1, 0, 0, 1 ], [ 1, 1, 0, 1, 1, 0, 1 ], [ 1, 0, 1, 1, 1, 0, 0 ], 
          [ 1, 0, 0, 1, 1, 1, 0 ], [ 1, 1, 0, 1, 0, 1, 0 ], [ 1, 0, 0, 0, 1, 1, 1 ], [ 1, 1, 0, 0, 0, 1, 1 ], 
          [ 1, 1, 1, 0, 0, 0, 1 ], [ 1, 0, 1, 0, 1, 0, 1 ], [ 1, 1, 0, 0, 1, 0, 0 ], [ 1, 1, 1, 0, 1, 1, 0 ], 
          [ 1, 0, 1, 0, 0, 1, 0 ] ] ) );
