return rec(
  EXT := [ [ 1, 0, 0, 0, 0, 0, 0, 0, 0, 0, 0, 0, 0, 0, 0 ], [ 1, 1, 1, 1, 1, 1, 1, 1, 0, 0, 0, 0, 0, 0, 0 ], 
      [ 1, 1, 1, 1, 1, 1, 1, 1, 1, 1, 1, 1, 1, 1, 1 ], [ 1, 0, 1, 1, 1, 1, 1, 1, 0, 1, 1, 1, 1, 1, 1 ], 
      [ 1, 0, 0, 1, 1, 1, 1, 1, 0, 0, 1, 1, 1, 1, 1 ], [ 1, 0, 0, 0, 1, 1, 1, 1, 0, 0, 0, 1, 1, 1, 1 ], 
      [ 1, 0, 0, 0, 0, 1, 1, 1, 0, 0, 0, 0, 1, 1, 1 ], [ 1, 0, 0, 0, 0, 0, 1, 1, 0, 0, 0, 0, 0, 1, 1 ], 
      [ 1, 0, 0, 0, 0, 0, 0, 1, 0, 0, 0, 0, 0, 0, 1 ], [ 1, 0, 0, 0, 0, 1, 0, 1, 0, 0, 0, 0, 1, 0, 1 ], 
      [ 1, 0, 0, 0, 1, 0, 1, 1, 0, 0, 0, 1, 0, 1, 1 ], [ 1, 0, 0, 0, 1, 0, 0, 1, 0, 0, 0, 1, 0, 0, 1 ], 
      [ 1, 0, 0, 0, 1, 1, 0, 1, 0, 0, 0, 1, 1, 0, 1 ], [ 1, 0, 0, 1, 0, 1, 1, 1, 0, 0, 1, 0, 1, 1, 1 ], 
      [ 1, 0, 0, 1, 0, 0, 1, 1, 0, 0, 1, 0, 0, 1, 1 ], [ 1, 0, 0, 1, 0, 0, 0, 1, 0, 0, 1, 0, 0, 0, 1 ], 
      [ 1, 0, 0, 1, 0, 1, 0, 1, 0, 0, 1, 0, 1, 0, 1 ], [ 1, 0, 0, 1, 1, 0, 1, 1, 0, 0, 1, 1, 0, 1, 1 ], 
      [ 1, 0, 0, 1, 1, 0, 0, 1, 0, 0, 1, 1, 0, 0, 1 ], [ 1, 0, 0, 1, 1, 1, 0, 1, 0, 0, 1, 1, 1, 0, 1 ], 
      [ 1, 0, 1, 0, 1, 1, 1, 1, 0, 1, 0, 1, 1, 1, 1 ], [ 1, 0, 1, 0, 0, 1, 1, 1, 0, 1, 0, 0, 1, 1, 1 ], 
      [ 1, 0, 1, 0, 0, 0, 1, 1, 0, 1, 0, 0, 0, 1, 1 ], [ 1, 0, 1, 0, 0, 0, 0, 1, 0, 1, 0, 0, 0, 0, 1 ], 
      [ 1, 0, 1, 0, 0, 1, 0, 1, 0, 1, 0, 0, 1, 0, 1 ], [ 1, 0, 1, 0, 1, 0, 1, 1, 0, 1, 0, 1, 0, 1, 1 ], 
      [ 1, 0, 1, 0, 1, 0, 0, 1, 0, 1, 0, 1, 0, 0, 1 ], [ 1, 0, 1, 0, 1, 1, 0, 1, 0, 1, 0, 1, 1, 0, 1 ], 
      [ 1, 0, 1, 1, 0, 1, 1, 1, 0, 1, 1, 0, 1, 1, 1 ], [ 1, 0, 1, 1, 0, 0, 1, 1, 0, 1, 1, 0, 0, 1, 1 ], 
      [ 1, 0, 1, 1, 0, 0, 0, 1, 0, 1, 1, 0, 0, 0, 1 ], [ 1, 0, 1, 1, 0, 1, 0, 1, 0, 1, 1, 0, 1, 0, 1 ], 
      [ 1, 0, 1, 1, 1, 0, 1, 1, 0, 1, 1, 1, 0, 1, 1 ], [ 1, 0, 1, 1, 1, 0, 0, 1, 0, 1, 1, 1, 0, 0, 1 ], 
      [ 1, 0, 1, 1, 1, 1, 0, 1, 0, 1, 1, 1, 1, 0, 1 ], [ 1, 1, 0, 1, 1, 1, 1, 1, 1, 0, 1, 1, 1, 1, 1 ], 
      [ 1, 1, 0, 0, 1, 1, 1, 1, 1, 0, 0, 1, 1, 1, 1 ], [ 1, 1, 0, 0, 0, 1, 1, 1, 1, 0, 0, 0, 1, 1, 1 ], 
      [ 1, 1, 0, 0, 0, 0, 1, 1, 1, 0, 0, 0, 0, 1, 1 ], [ 1, 1, 0, 0, 0, 0, 0, 1, 1, 0, 0, 0, 0, 0, 1 ], 
      [ 1, 1, 0, 0, 0, 1, 0, 1, 1, 0, 0, 0, 1, 0, 1 ], [ 1, 1, 0, 0, 1, 0, 1, 1, 1, 0, 0, 1, 0, 1, 1 ], 
      [ 1, 1, 0, 0, 1, 0, 0, 1, 1, 0, 0, 1, 0, 0, 1 ], [ 1, 1, 0, 0, 1, 1, 0, 1, 1, 0, 0, 1, 1, 0, 1 ], 
      [ 1, 1, 0, 1, 0, 1, 1, 1, 1, 0, 1, 0, 1, 1, 1 ], [ 1, 1, 0, 1, 0, 0, 1, 1, 1, 0, 1, 0, 0, 1, 1 ], 
      [ 1, 1, 0, 1, 0, 0, 0, 1, 1, 0, 1, 0, 0, 0, 1 ], [ 1, 1, 0, 1, 0, 1, 0, 1, 1, 0, 1, 0, 1, 0, 1 ], 
      [ 1, 1, 0, 1, 1, 0, 1, 1, 1, 0, 1, 1, 0, 1, 1 ], [ 1, 1, 0, 1, 1, 0, 0, 1, 1, 0, 1, 1, 0, 0, 1 ], 
      [ 1, 1, 0, 1, 1, 1, 0, 1, 1, 0, 1, 1, 1, 0, 1 ], [ 1, 1, 1, 0, 1, 1, 1, 1, 1, 1, 0, 1, 1, 1, 1 ], 
      [ 1, 1, 1, 0, 0, 1, 1, 1, 1, 1, 0, 0, 1, 1, 1 ], [ 1, 1, 1, 0, 0, 0, 1, 1, 1, 1, 0, 0, 0, 1, 1 ], 
      [ 1, 1, 1, 0, 0, 0, 0, 1, 1, 1, 0, 0, 0, 0, 1 ], [ 1, 1, 1, 0, 0, 1, 0, 1, 1, 1, 0, 0, 1, 0, 1 ], 
      [ 1, 1, 1, 0, 1, 0, 1, 1, 1, 1, 0, 1, 0, 1, 1 ], [ 1, 1, 1, 0, 1, 0, 0, 1, 1, 1, 0, 1, 0, 0, 1 ], 
      [ 1, 1, 1, 0, 1, 1, 0, 1, 1, 1, 0, 1, 1, 0, 1 ], [ 1, 1, 1, 1, 0, 1, 1, 1, 1, 1, 1, 0, 1, 1, 1 ], 
      [ 1, 1, 1, 1, 0, 0, 1, 1, 1, 1, 1, 0, 0, 1, 1 ], [ 1, 1, 1, 1, 0, 0, 0, 1, 1, 1, 1, 0, 0, 0, 1 ], 
      [ 1, 1, 1, 1, 0, 1, 0, 1, 1, 1, 1, 0, 1, 0, 1 ], [ 1, 1, 1, 1, 1, 0, 1, 1, 1, 1, 1, 1, 0, 1, 1 ], 
      [ 1, 1, 1, 1, 1, 0, 0, 1, 1, 1, 1, 1, 0, 0, 1 ], [ 1, 1, 1, 1, 1, 1, 0, 1, 1, 1, 1, 1, 1, 0, 1 ], 
      [ 1, 0, 1, 1, 1, 1, 1, 1, 1, 0, 0, 0, 0, 0, 0 ], [ 1, 0, 0, 1, 1, 1, 1, 1, 1, 1, 0, 0, 0, 0, 0 ], 
      [ 1, 0, 0, 0, 1, 1, 1, 1, 1, 1, 1, 0, 0, 0, 0 ], [ 1, 0, 0, 0, 0, 1, 1, 1, 1, 1, 1, 1, 0, 0, 0 ], 
      [ 1, 0, 0, 0, 0, 0, 1, 1, 1, 1, 1, 1, 1, 0, 0 ], [ 1, 0, 0, 0, 0, 0, 0, 1, 1, 1, 1, 1, 1, 1, 0 ], 
      [ 1, 0, 0, 0, 0, 1, 0, 1, 1, 1, 1, 1, 0, 1, 0 ], [ 1, 0, 0, 0, 1, 0, 1, 1, 1, 1, 1, 0, 1, 0, 0 ], 
      [ 1, 0, 0, 0, 1, 0, 0, 1, 1, 1, 1, 0, 1, 1, 0 ], [ 1, 0, 0, 0, 1, 1, 0, 1, 1, 1, 1, 0, 0, 1, 0 ], 
      [ 1, 0, 0, 1, 0, 1, 1, 1, 1, 1, 0, 1, 0, 0, 0 ], [ 1, 0, 0, 1, 0, 0, 1, 1, 1, 1, 0, 1, 1, 0, 0 ], 
      [ 1, 0, 0, 1, 0, 0, 0, 1, 1, 1, 0, 1, 1, 1, 0 ], [ 1, 0, 0, 1, 0, 1, 0, 1, 1, 1, 0, 1, 0, 1, 0 ], 
      [ 1, 0, 0, 1, 1, 0, 1, 1, 1, 1, 0, 0, 1, 0, 0 ], [ 1, 0, 0, 1, 1, 0, 0, 1, 1, 1, 0, 0, 1, 1, 0 ], 
      [ 1, 0, 0, 1, 1, 1, 0, 1, 1, 1, 0, 0, 0, 1, 0 ], [ 1, 0, 1, 0, 1, 1, 1, 1, 1, 0, 1, 0, 0, 0, 0 ], 
      [ 1, 0, 1, 0, 0, 1, 1, 1, 1, 0, 1, 1, 0, 0, 0 ], [ 1, 0, 1, 0, 0, 0, 1, 1, 1, 0, 1, 1, 1, 0, 0 ], 
      [ 1, 0, 1, 0, 0, 0, 0, 1, 1, 0, 1, 1, 1, 1, 0 ], [ 1, 0, 1, 0, 0, 1, 0, 1, 1, 0, 1, 1, 0, 1, 0 ], 
      [ 1, 0, 1, 0, 1, 0, 1, 1, 1, 0, 1, 0, 1, 0, 0 ], [ 1, 0, 1, 0, 1, 0, 0, 1, 1, 0, 1, 0, 1, 1, 0 ], 
      [ 1, 0, 1, 0, 1, 1, 0, 1, 1, 0, 1, 0, 0, 1, 0 ], [ 1, 0, 1, 1, 0, 1, 1, 1, 1, 0, 0, 1, 0, 0, 0 ], 
      [ 1, 0, 1, 1, 0, 0, 1, 1, 1, 0, 0, 1, 1, 0, 0 ], [ 1, 0, 1, 1, 0, 0, 0, 1, 1, 0, 0, 1, 1, 1, 0 ], 
      [ 1, 0, 1, 1, 0, 1, 0, 1, 1, 0, 0, 1, 0, 1, 0 ], [ 1, 0, 1, 1, 1, 0, 1, 1, 1, 0, 0, 0, 1, 0, 0 ], 
      [ 1, 0, 1, 1, 1, 0, 0, 1, 1, 0, 0, 0, 1, 1, 0 ], [ 1, 0, 1, 1, 1, 1, 0, 1, 1, 0, 0, 0, 0, 1, 0 ], 
      [ 1, 1, 0, 1, 1, 1, 1, 1, 0, 1, 0, 0, 0, 0, 0 ], [ 1, 1, 0, 0, 1, 1, 1, 1, 0, 1, 1, 0, 0, 0, 0 ], 
      [ 1, 1, 0, 0, 0, 1, 1, 1, 0, 1, 1, 1, 0, 0, 0 ], [ 1, 1, 0, 0, 0, 0, 1, 1, 0, 1, 1, 1, 1, 0, 0 ], 
      [ 1, 1, 0, 0, 0, 0, 0, 1, 0, 1, 1, 1, 1, 1, 0 ], [ 1, 1, 0, 0, 0, 1, 0, 1, 0, 1, 1, 1, 0, 1, 0 ], 
      [ 1, 1, 0, 0, 1, 0, 1, 1, 0, 1, 1, 0, 1, 0, 0 ], [ 1, 1, 0, 0, 1, 0, 0, 1, 0, 1, 1, 0, 1, 1, 0 ], 
      [ 1, 1, 0, 0, 1, 1, 0, 1, 0, 1, 1, 0, 0, 1, 0 ], [ 1, 1, 0, 1, 0, 1, 1, 1, 0, 1, 0, 1, 0, 0, 0 ], 
      [ 1, 1, 0, 1, 0, 0, 1, 1, 0, 1, 0, 1, 1, 0, 0 ], [ 1, 1, 0, 1, 0, 0, 0, 1, 0, 1, 0, 1, 1, 1, 0 ], 
      [ 1, 1, 0, 1, 0, 1, 0, 1, 0, 1, 0, 1, 0, 1, 0 ], [ 1, 1, 0, 1, 1, 0, 1, 1, 0, 1, 0, 0, 1, 0, 0 ], 
      [ 1, 1, 0, 1, 1, 0, 0, 1, 0, 1, 0, 0, 1, 1, 0 ], [ 1, 1, 0, 1, 1, 1, 0, 1, 0, 1, 0, 0, 0, 1, 0 ], 
      [ 1, 1, 1, 0, 1, 1, 1, 1, 0, 0, 1, 0, 0, 0, 0 ], [ 1, 1, 1, 0, 0, 1, 1, 1, 0, 0, 1, 1, 0, 0, 0 ], 
      [ 1, 1, 1, 0, 0, 0, 1, 1, 0, 0, 1, 1, 1, 0, 0 ], [ 1, 1, 1, 0, 0, 0, 0, 1, 0, 0, 1, 1, 1, 1, 0 ], 
      [ 1, 1, 1, 0, 0, 1, 0, 1, 0, 0, 1, 1, 0, 1, 0 ], [ 1, 1, 1, 0, 1, 0, 1, 1, 0, 0, 1, 0, 1, 0, 0 ], 
      [ 1, 1, 1, 0, 1, 0, 0, 1, 0, 0, 1, 0, 1, 1, 0 ], [ 1, 1, 1, 0, 1, 1, 0, 1, 0, 0, 1, 0, 0, 1, 0 ], 
      [ 1, 1, 1, 1, 0, 1, 1, 1, 0, 0, 0, 1, 0, 0, 0 ], [ 1, 1, 1, 1, 0, 0, 1, 1, 0, 0, 0, 1, 1, 0, 0 ], 
      [ 1, 1, 1, 1, 0, 0, 0, 1, 0, 0, 0, 1, 1, 1, 0 ], [ 1, 1, 1, 1, 0, 1, 0, 1, 0, 0, 0, 1, 0, 1, 0 ], 
      [ 1, 1, 1, 1, 1, 0, 1, 1, 0, 0, 0, 0, 1, 0, 0 ], [ 1, 1, 1, 1, 1, 0, 0, 1, 0, 0, 0, 0, 1, 1, 0 ], 
      [ 1, 1, 1, 1, 1, 1, 0, 1, 0, 0, 0, 0, 0, 1, 0 ], [ 1, 0, 0, 0, 0, 0, 0, 0, 1, 1, 1, 1, 1, 1, 1 ], 
      [ 1, 1, 0, 0, 0, 0, 0, 0, 0, 1, 1, 1, 1, 1, 1 ], [ 1, 1, 1, 0, 0, 0, 0, 0, 0, 0, 1, 1, 1, 1, 1 ], 
      [ 1, 1, 1, 1, 0, 0, 0, 0, 0, 0, 0, 1, 1, 1, 1 ], [ 1, 1, 1, 1, 1, 0, 0, 0, 0, 0, 0, 0, 1, 1, 1 ], 
      [ 1, 1, 1, 1, 1, 1, 0, 0, 0, 0, 0, 0, 0, 1, 1 ], [ 1, 1, 1, 1, 1, 1, 1, 0, 0, 0, 0, 0, 0, 0, 1 ], 
      [ 1, 1, 1, 1, 1, 0, 1, 0, 0, 0, 0, 0, 1, 0, 1 ], [ 1, 1, 1, 1, 0, 1, 0, 0, 0, 0, 0, 1, 0, 1, 1 ], 
      [ 1, 1, 1, 1, 0, 1, 1, 0, 0, 0, 0, 1, 0, 0, 1 ], [ 1, 1, 1, 1, 0, 0, 1, 0, 0, 0, 0, 1, 1, 0, 1 ], 
      [ 1, 1, 1, 0, 1, 0, 0, 0, 0, 0, 1, 0, 1, 1, 1 ], [ 1, 1, 1, 0, 1, 1, 0, 0, 0, 0, 1, 0, 0, 1, 1 ], 
      [ 1, 1, 1, 0, 1, 1, 1, 0, 0, 0, 1, 0, 0, 0, 1 ], [ 1, 1, 1, 0, 1, 0, 1, 0, 0, 0, 1, 0, 1, 0, 1 ], 
      [ 1, 1, 1, 0, 0, 1, 0, 0, 0, 0, 1, 1, 0, 1, 1 ], [ 1, 1, 1, 0, 0, 1, 1, 0, 0, 0, 1, 1, 0, 0, 1 ], 
      [ 1, 1, 1, 0, 0, 0, 1, 0, 0, 0, 1, 1, 1, 0, 1 ], [ 1, 1, 0, 1, 0, 0, 0, 0, 0, 1, 0, 1, 1, 1, 1 ], 
      [ 1, 1, 0, 1, 1, 0, 0, 0, 0, 1, 0, 0, 1, 1, 1 ], [ 1, 1, 0, 1, 1, 1, 0, 0, 0, 1, 0, 0, 0, 1, 1 ], 
      [ 1, 1, 0, 1, 1, 1, 1, 0, 0, 1, 0, 0, 0, 0, 1 ], [ 1, 1, 0, 1, 1, 0, 1, 0, 0, 1, 0, 0, 1, 0, 1 ], 
      [ 1, 1, 0, 1, 0, 1, 0, 0, 0, 1, 0, 1, 0, 1, 1 ], [ 1, 1, 0, 1, 0, 1, 1, 0, 0, 1, 0, 1, 0, 0, 1 ], 
      [ 1, 1, 0, 1, 0, 0, 1, 0, 0, 1, 0, 1, 1, 0, 1 ], [ 1, 1, 0, 0, 1, 0, 0, 0, 0, 1, 1, 0, 1, 1, 1 ], 
      [ 1, 1, 0, 0, 1, 1, 0, 0, 0, 1, 1, 0, 0, 1, 1 ], [ 1, 1, 0, 0, 1, 1, 1, 0, 0, 1, 1, 0, 0, 0, 1 ], 
      [ 1, 1, 0, 0, 1, 0, 1, 0, 0, 1, 1, 0, 1, 0, 1 ], [ 1, 1, 0, 0, 0, 1, 0, 0, 0, 1, 1, 1, 0, 1, 1 ], 
      [ 1, 1, 0, 0, 0, 1, 1, 0, 0, 1, 1, 1, 0, 0, 1 ], [ 1, 1, 0, 0, 0, 0, 1, 0, 0, 1, 1, 1, 1, 0, 1 ], 
      [ 1, 0, 1, 0, 0, 0, 0, 0, 1, 0, 1, 1, 1, 1, 1 ], [ 1, 0, 1, 1, 0, 0, 0, 0, 1, 0, 0, 1, 1, 1, 1 ], 
      [ 1, 0, 1, 1, 1, 0, 0, 0, 1, 0, 0, 0, 1, 1, 1 ], [ 1, 0, 1, 1, 1, 1, 0, 0, 1, 0, 0, 0, 0, 1, 1 ], 
      [ 1, 0, 1, 1, 1, 1, 1, 0, 1, 0, 0, 0, 0, 0, 1 ], [ 1, 0, 1, 1, 1, 0, 1, 0, 1, 0, 0, 0, 1, 0, 1 ], 
      [ 1, 0, 1, 1, 0, 1, 0, 0, 1, 0, 0, 1, 0, 1, 1 ], [ 1, 0, 1, 1, 0, 1, 1, 0, 1, 0, 0, 1, 0, 0, 1 ], 
      [ 1, 0, 1, 1, 0, 0, 1, 0, 1, 0, 0, 1, 1, 0, 1 ], [ 1, 0, 1, 0, 1, 0, 0, 0, 1, 0, 1, 0, 1, 1, 1 ], 
      [ 1, 0, 1, 0, 1, 1, 0, 0, 1, 0, 1, 0, 0, 1, 1 ], [ 1, 0, 1, 0, 1, 1, 1, 0, 1, 0, 1, 0, 0, 0, 1 ], 
      [ 1, 0, 1, 0, 1, 0, 1, 0, 1, 0, 1, 0, 1, 0, 1 ], [ 1, 0, 1, 0, 0, 1, 0, 0, 1, 0, 1, 1, 0, 1, 1 ], 
      [ 1, 0, 1, 0, 0, 1, 1, 0, 1, 0, 1, 1, 0, 0, 1 ], [ 1, 0, 1, 0, 0, 0, 1, 0, 1, 0, 1, 1, 1, 0, 1 ], 
      [ 1, 0, 0, 1, 0, 0, 0, 0, 1, 1, 0, 1, 1, 1, 1 ], [ 1, 0, 0, 1, 1, 0, 0, 0, 1, 1, 0, 0, 1, 1, 1 ], 
      [ 1, 0, 0, 1, 1, 1, 0, 0, 1, 1, 0, 0, 0, 1, 1 ], [ 1, 0, 0, 1, 1, 1, 1, 0, 1, 1, 0, 0, 0, 0, 1 ], 
      [ 1, 0, 0, 1, 1, 0, 1, 0, 1, 1, 0, 0, 1, 0, 1 ], [ 1, 0, 0, 1, 0, 1, 0, 0, 1, 1, 0, 1, 0, 1, 1 ], 
      [ 1, 0, 0, 1, 0, 1, 1, 0, 1, 1, 0, 1, 0, 0, 1 ], [ 1, 0, 0, 1, 0, 0, 1, 0, 1, 1, 0, 1, 1, 0, 1 ], 
      [ 1, 0, 0, 0, 1, 0, 0, 0, 1, 1, 1, 0, 1, 1, 1 ], [ 1, 0, 0, 0, 1, 1, 0, 0, 1, 1, 1, 0, 0, 1, 1 ], 
      [ 1, 0, 0, 0, 1, 1, 1, 0, 1, 1, 1, 0, 0, 0, 1 ], [ 1, 0, 0, 0, 1, 0, 1, 0, 1, 1, 1, 0, 1, 0, 1 ], 
      [ 1, 0, 0, 0, 0, 1, 0, 0, 1, 1, 1, 1, 0, 1, 1 ], [ 1, 0, 0, 0, 0, 1, 1, 0, 1, 1, 1, 1, 0, 0, 1 ], 
      [ 1, 0, 0, 0, 0, 0, 1, 0, 1, 1, 1, 1, 1, 0, 1 ], [ 1, 1, 0, 0, 0, 0, 0, 0, 1, 0, 0, 0, 0, 0, 0 ], 
      [ 1, 1, 1, 0, 0, 0, 0, 0, 1, 1, 0, 0, 0, 0, 0 ], [ 1, 1, 1, 1, 0, 0, 0, 0, 1, 1, 1, 0, 0, 0, 0 ], 
      [ 1, 1, 1, 1, 1, 0, 0, 0, 1, 1, 1, 1, 0, 0, 0 ], [ 1, 1, 1, 1, 1, 1, 0, 0, 1, 1, 1, 1, 1, 0, 0 ], 
      [ 1, 1, 1, 1, 1, 1, 1, 0, 1, 1, 1, 1, 1, 1, 0 ], [ 1, 1, 1, 1, 1, 0, 1, 0, 1, 1, 1, 1, 0, 1, 0 ], 
      [ 1, 1, 1, 1, 0, 1, 0, 0, 1, 1, 1, 0, 1, 0, 0 ], [ 1, 1, 1, 1, 0, 1, 1, 0, 1, 1, 1, 0, 1, 1, 0 ], 
      [ 1, 1, 1, 1, 0, 0, 1, 0, 1, 1, 1, 0, 0, 1, 0 ], [ 1, 1, 1, 0, 1, 0, 0, 0, 1, 1, 0, 1, 0, 0, 0 ], 
      [ 1, 1, 1, 0, 1, 1, 0, 0, 1, 1, 0, 1, 1, 0, 0 ], [ 1, 1, 1, 0, 1, 1, 1, 0, 1, 1, 0, 1, 1, 1, 0 ], 
      [ 1, 1, 1, 0, 1, 0, 1, 0, 1, 1, 0, 1, 0, 1, 0 ], [ 1, 1, 1, 0, 0, 1, 0, 0, 1, 1, 0, 0, 1, 0, 0 ], 
      [ 1, 1, 1, 0, 0, 1, 1, 0, 1, 1, 0, 0, 1, 1, 0 ], [ 1, 1, 1, 0, 0, 0, 1, 0, 1, 1, 0, 0, 0, 1, 0 ], 
      [ 1, 1, 0, 1, 0, 0, 0, 0, 1, 0, 1, 0, 0, 0, 0 ], [ 1, 1, 0, 1, 1, 0, 0, 0, 1, 0, 1, 1, 0, 0, 0 ], 
      [ 1, 1, 0, 1, 1, 1, 0, 0, 1, 0, 1, 1, 1, 0, 0 ], [ 1, 1, 0, 1, 1, 1, 1, 0, 1, 0, 1, 1, 1, 1, 0 ], 
      [ 1, 1, 0, 1, 1, 0, 1, 0, 1, 0, 1, 1, 0, 1, 0 ], [ 1, 1, 0, 1, 0, 1, 0, 0, 1, 0, 1, 0, 1, 0, 0 ], 
      [ 1, 1, 0, 1, 0, 1, 1, 0, 1, 0, 1, 0, 1, 1, 0 ], [ 1, 1, 0, 1, 0, 0, 1, 0, 1, 0, 1, 0, 0, 1, 0 ], 
      [ 1, 1, 0, 0, 1, 0, 0, 0, 1, 0, 0, 1, 0, 0, 0 ], [ 1, 1, 0, 0, 1, 1, 0, 0, 1, 0, 0, 1, 1, 0, 0 ], 
      [ 1, 1, 0, 0, 1, 1, 1, 0, 1, 0, 0, 1, 1, 1, 0 ], [ 1, 1, 0, 0, 1, 0, 1, 0, 1, 0, 0, 1, 0, 1, 0 ], 
      [ 1, 1, 0, 0, 0, 1, 0, 0, 1, 0, 0, 0, 1, 0, 0 ], [ 1, 1, 0, 0, 0, 1, 1, 0, 1, 0, 0, 0, 1, 1, 0 ], 
      [ 1, 1, 0, 0, 0, 0, 1, 0, 1, 0, 0, 0, 0, 1, 0 ], [ 1, 0, 1, 0, 0, 0, 0, 0, 0, 1, 0, 0, 0, 0, 0 ], 
      [ 1, 0, 1, 1, 0, 0, 0, 0, 0, 1, 1, 0, 0, 0, 0 ], [ 1, 0, 1, 1, 1, 0, 0, 0, 0, 1, 1, 1, 0, 0, 0 ], 
      [ 1, 0, 1, 1, 1, 1, 0, 0, 0, 1, 1, 1, 1, 0, 0 ], [ 1, 0, 1, 1, 1, 1, 1, 0, 0, 1, 1, 1, 1, 1, 0 ], 
      [ 1, 0, 1, 1, 1, 0, 1, 0, 0, 1, 1, 1, 0, 1, 0 ], [ 1, 0, 1, 1, 0, 1, 0, 0, 0, 1, 1, 0, 1, 0, 0 ], 
      [ 1, 0, 1, 1, 0, 1, 1, 0, 0, 1, 1, 0, 1, 1, 0 ], [ 1, 0, 1, 1, 0, 0, 1, 0, 0, 1, 1, 0, 0, 1, 0 ], 
      [ 1, 0, 1, 0, 1, 0, 0, 0, 0, 1, 0, 1, 0, 0, 0 ], [ 1, 0, 1, 0, 1, 1, 0, 0, 0, 1, 0, 1, 1, 0, 0 ], 
      [ 1, 0, 1, 0, 1, 1, 1, 0, 0, 1, 0, 1, 1, 1, 0 ], [ 1, 0, 1, 0, 1, 0, 1, 0, 0, 1, 0, 1, 0, 1, 0 ], 
      [ 1, 0, 1, 0, 0, 1, 0, 0, 0, 1, 0, 0, 1, 0, 0 ], [ 1, 0, 1, 0, 0, 1, 1, 0, 0, 1, 0, 0, 1, 1, 0 ], 
      [ 1, 0, 1, 0, 0, 0, 1, 0, 0, 1, 0, 0, 0, 1, 0 ], [ 1, 0, 0, 1, 0, 0, 0, 0, 0, 0, 1, 0, 0, 0, 0 ], 
      [ 1, 0, 0, 1, 1, 0, 0, 0, 0, 0, 1, 1, 0, 0, 0 ], [ 1, 0, 0, 1, 1, 1, 0, 0, 0, 0, 1, 1, 1, 0, 0 ], 
      [ 1, 0, 0, 1, 1, 1, 1, 0, 0, 0, 1, 1, 1, 1, 0 ], [ 1, 0, 0, 1, 1, 0, 1, 0, 0, 0, 1, 1, 0, 1, 0 ], 
      [ 1, 0, 0, 1, 0, 1, 0, 0, 0, 0, 1, 0, 1, 0, 0 ], [ 1, 0, 0, 1, 0, 1, 1, 0, 0, 0, 1, 0, 1, 1, 0 ], 
      [ 1, 0, 0, 1, 0, 0, 1, 0, 0, 0, 1, 0, 0, 1, 0 ], [ 1, 0, 0, 0, 1, 0, 0, 0, 0, 0, 0, 1, 0, 0, 0 ], 
      [ 1, 0, 0, 0, 1, 1, 0, 0, 0, 0, 0, 1, 1, 0, 0 ], [ 1, 0, 0, 0, 1, 1, 1, 0, 0, 0, 0, 1, 1, 1, 0 ], 
      [ 1, 0, 0, 0, 1, 0, 1, 0, 0, 0, 0, 1, 0, 1, 0 ], [ 1, 0, 0, 0, 0, 1, 0, 0, 0, 0, 0, 0, 1, 0, 0 ], 
      [ 1, 0, 0, 0, 0, 1, 1, 0, 0, 0, 0, 0, 1, 1, 0 ], [ 1, 0, 0, 0, 0, 0, 1, 0, 0, 0, 0, 0, 0, 1, 0 ] ],
  GRP := Group( [ ( 70, 74)( 73, 75)( 77, 81)( 80, 82)( 85, 89)( 88, 90)( 92, 96)( 95, 97)(101,105)(104,106)(108,112)
        (111,113)(116,120)(119,121)(123,127)(126,128)(134,138)(137,139)(141,145)(144,146)(149,153)(152,154)(156,160)
        (159,161)(165,169)(168,170)(172,176)(175,177)(180,184)(183,185)(187,191)(190,192), 
      ( 68, 84)( 77, 85)( 78, 86)( 79, 87)( 80, 88)( 81, 89)( 82, 90)( 83, 91)( 99,115)(108,116)(109,117)(110,118)
        (111,119)(112,120)(113,121)(114,122)(132,148)(141,149)(142,150)(143,151)(144,152)(145,153)(146,154)(147,155)
        (163,179)(172,180)(173,181)(174,182)(175,183)(176,184)(177,185)(178,186), 
      ( 68, 84)( 70, 74)( 72,193)( 73,190)( 75,192)( 76,189)( 77, 89)( 78, 86)( 79,178)( 80,175)( 81, 85)( 82,177)
        ( 83,174)( 87,186)( 88,183)( 90,185)( 91,182)( 92, 96)( 94,171)( 95,168)( 97,170)( 98,167)( 99,115)(101,105)
        (103,162)(104,159)(106,161)(107,158)(108,120)(109,117)(110,147)(111,144)(112,116)(113,146)(114,143)(118,155)
        (119,152)(121,154)(122,151)(123,127)(125,140)(126,137)(128,139)(129,136)(132,148)(134,138)(141,153)(142,150)
        (145,149)(156,160)(163,179)(165,169)(172,184)(173,181)(176,180)(187,191), 
      ( 71, 73)( 74, 76)( 78, 80)( 81, 83)( 86, 88)( 89, 91)( 93, 95)( 96, 98)(102,104)(105,107)(109,111)(112,114)
        (117,119)(120,122)(124,126)(127,129)(135,137)(138,140)(142,144)(145,147)(150,152)(153,155)(157,159)(160,162)
        (166,168)(169,171)(173,175)(176,178)(181,183)(184,186)(188,190)(191,193), 
      ( 67, 99)( 84,100)( 85,101)( 86,102)( 87,103)( 88,104)( 89,105)( 90,106)( 91,107)( 92,108)( 93,109)( 94,110)
        ( 95,111)( 96,112)( 97,113)( 98,114)(131,163)(148,164)(149,165)(150,166)(151,167)(152,168)(153,169)(154,170)
        (155,171)(156,172)(157,173)(158,174)(159,175)(160,176)(161,177)(162,178), 
      ( 69, 77)( 74, 78)( 75, 79)( 76, 80)( 84, 92)( 89, 93)( 90, 94)( 91, 95)(100,108)(105,109)(106,110)(107,111)
        (115,123)(120,124)(121,125)(122,126)(133,141)(138,142)(139,143)(140,144)(148,156)(153,157)(154,158)(155,159)
        (164,172)(169,173)(170,174)(171,175)(179,187)(184,188)(185,189)(186,190), 
      (  2, 67, 68, 69, 70, 71, 72,103,118,125,128,129)( 73,102, 87,110,121,126,127, 98, 99, 84, 77, 74)
        ( 75,104,117, 94,113,122,123, 96, 83,100, 85, 78)( 76,101, 86, 79,106,119,124, 97,114,115, 92, 81)
        ( 80,105, 88,109, 90,111,120, 95,112, 91,108, 89)( 82,107,116, 93)(130,131,132,133,134,135,136,167,182,189,
         192,193)(137,166,151,174,185,190,191,162,163,148,141,138)(139,168,181,158,177,186,187,160,147,164,149,142)
        (140,165,150,143,170,183,188,161,178,179,156,145)(144,169,152,173,154,175,184,159,176,155,172,153)
        (146,171,180,157), (  7, 11)( 10, 12)( 14, 18)( 17, 19)( 22, 26)( 25, 27)( 29, 33)( 32, 34)( 38, 42)( 41, 43)
        ( 45, 49)( 48, 50)( 53, 57)( 56, 58)( 60, 64)( 63, 65)(197,201)(200,202)(204,208)(207,209)(212,216)(215,217)
        (219,223)(222,224)(228,232)(231,233)(235,239)(238,240)(243,247)(246,248)(250,254)(253,255), 
      (  5, 21)( 14, 22)( 15, 23)( 16, 24)( 17, 25)( 18, 26)( 19, 27)( 20, 28)( 36, 52)( 45, 53)( 46, 54)( 47, 55)
        ( 48, 56)( 49, 57)( 50, 58)( 51, 59)(195,211)(204,212)(205,213)(206,214)(207,215)(208,216)(209,217)(210,218)
        (226,242)(235,243)(236,244)(237,245)(238,246)(239,247)(240,248)(241,249), 
      (  5, 21)(  7, 11)(  9,256)( 10,253)( 12,255)( 13,252)( 14, 26)( 15, 23)( 16,241)( 17,238)( 18, 22)( 19,240)
        ( 20,237)( 24,249)( 25,246)( 27,248)( 28,245)( 29, 33)( 31,234)( 32,231)( 34,233)( 35,230)( 36, 52)( 38, 42)
        ( 40,225)( 41,222)( 43,224)( 44,221)( 45, 57)( 46, 54)( 47,210)( 48,207)( 49, 53)( 50,209)( 51,206)( 55,218)
        ( 56,215)( 58,217)( 59,214)( 60, 64)( 62,203)( 63,200)( 65,202)( 66,199)(195,211)(197,201)(204,216)(205,213)
        (208,212)(219,223)(226,242)(228,232)(235,247)(236,244)(239,243)(250,254), 
      (  8, 10)( 11, 13)( 15, 17)( 18, 20)( 23, 25)( 26, 28)( 30, 32)( 33, 35)( 39, 41)( 42, 44)( 46, 48)( 49, 51)
        ( 54, 56)( 57, 59)( 61, 63)( 64, 66)(198,200)(201,203)(205,207)(208,210)(213,215)(216,218)(220,222)(223,225)
        (229,231)(232,234)(236,238)(239,241)(244,246)(247,249)(251,253)(254,256), 
      (  4, 36)( 21, 37)( 22, 38)( 23, 39)( 24, 40)( 25, 41)( 26, 42)( 27, 43)( 28, 44)( 29, 45)( 30, 46)( 31, 47)
        ( 32, 48)( 33, 49)( 34, 50)( 35, 51)(194,226)(211,227)(212,228)(213,229)(214,230)(215,231)(216,232)(217,233)
        (218,234)(219,235)(220,236)(221,237)(222,238)(223,239)(224,240)(225,241), 
      (  6, 14)( 11, 15)( 12, 16)( 13, 17)( 21, 29)( 26, 30)( 27, 31)( 28, 32)( 37, 45)( 42, 46)( 43, 47)( 44, 48)
        ( 52, 60)( 57, 61)( 58, 62)( 59, 63)(196,204)(201,205)(202,206)(203,207)(211,219)(216,220)(217,221)(218,222)
        (227,235)(232,236)(233,237)(234,238)(242,250)(247,251)(248,252)(249,253), 
      (  1,  2)(  3,130)(  4, 72, 36,191, 60,179, 66,131,199,163, 64,187, 52,193)(  5, 73, 45,184, 63,148,198,132,
         200,172, 57,190, 21, 71)(  6, 70, 14, 80, 48,153,201,133,197,141,207,175, 26, 74)(  7, 77, 17,111,216,138,
         196,134,204,144,238, 89, 11, 69)(  8, 68, 10,108,247,126,211,135,195,137,235,120,253, 84)(  9, 99,254,123,
         242,129,194,136,226,127,250,115,256, 67)( 12,100,255, 92, 16,114,223,139,227,128,219,143,241, 96)
        ( 13,101,248, 95, 47,150,208,140,228,121,222,174, 23, 81)( 15, 83, 41,154,232,125,212,142,210,168, 27,105,
         252, 85)( 18, 76, 38,185, 32,110,213,145,203,165, 58,159,237, 86)( 19,107,224,170, 31,113,220,146,234, 97,
          43,158,240, 93)( 20,104,217,169, 62,149,205,147,231, 90, 42,189, 22, 78)( 24,112,251,116,249, 98, 40,151,
         239,124,243,122,225,167)( 25,109,244,119,218,166, 55,152,236,117,246, 91, 39,182)( 28,102,245, 88, 46,181,
          56,155,229,118,215,173, 54,183)( 29, 79, 51,160,202,164, 65,156,206,178, 33, 75, 37,192)( 30, 82, 44,161,
         233, 94, 50,157,209,171, 34,106,221,177)( 35,103,214,176, 61,180, 59,162,230, 87, 49,188, 53,186) ] ),
  LOrb := 
   [ [ 2, 3, 4, 5, 6, 7, 8, 9, 10, 11, 12, 13, 14, 15, 16, 17, 18, 19, 20, 21, 22, 23, 24, 25, 26, 27, 28, 29, 30, 
          31, 32, 33, 34, 35, 36, 37, 38, 39, 40, 41, 42, 43, 44, 45, 46, 47, 48, 49, 50, 51, 52, 53, 54, 55, 56, 
          57, 58, 59, 60, 61, 62, 63, 64, 65, 66, 67, 68, 69, 70, 73, 76, 77, 80, 83, 84, 85, 88, 91, 92, 95, 98, 
          99, 100, 101, 104, 107, 108, 111, 114, 115, 116, 119, 122, 123, 126, 129, 135, 136, 138, 139, 142, 143, 
          145, 146, 150, 151, 153, 154, 157, 158, 160, 161, 166, 167, 169, 170, 173, 174, 176, 177, 181, 182, 184, 
          185, 188, 189, 191, 192 ] ],
  eRec := rec(
      GRA := rec(
          adjacencies := [ [ 3, 4, 5, 6, 7, 8, 9 ], [ 3, 4, 5, 6, 7, 8, 9 ], [ 1, 2 ], [ 1, 2 ], [ 1, 2 ], [ 1, 2 ], 
              [ 1, 2 ], [ 1, 2 ], [ 1, 2 ] ],
          group := Group( [ () ] ),
          isGraph := true,
          order := 9,
          representatives := [ 1, 2, 3, 4, 5, 6, 7, 8, 9 ],
          schreierVector := [ -1, -2, -3, -4, -5, -6, -7, -8, -9 ] ),
      ListSet := [ [  ], [ 1 ], [ 1, 2 ], [ 1, 2, 3 ], [ 1, 2, 3, 4 ], [ 1, 2, 3, 4, 5 ], [ 1, 2, 3, 4, 5, 6 ], 
          [ 1, 2, 3, 4, 5, 6, 7 ], [ 1, 2, 3, 4, 5, 6, 7, 8 ], [ 1, 2, 3, 4, 5, 6, 8 ], [ 1, 2, 3, 4, 5, 7 ], 
          [ 1, 2, 3, 4, 5, 7, 8 ], [ 1, 2, 3, 4, 5, 8 ], [ 1, 2, 3, 4, 6 ], [ 1, 2, 3, 4, 6, 7 ], 
          [ 1, 2, 3, 4, 6, 7, 8 ], [ 1, 2, 3, 4, 6, 8 ], [ 1, 2, 3, 4, 7 ], [ 1, 2, 3, 4, 7, 8 ], [ 1, 2, 3, 4, 8 ], 
          [ 1, 2, 3, 5 ], [ 1, 2, 3, 5, 6 ], [ 1, 2, 3, 5, 6, 7 ], [ 1, 2, 3, 5, 6, 7, 8 ], [ 1, 2, 3, 5, 6, 8 ], 
          [ 1, 2, 3, 5, 7 ], [ 1, 2, 3, 5, 7, 8 ], [ 1, 2, 3, 5, 8 ], [ 1, 2, 3, 6 ], [ 1, 2, 3, 6, 7 ], 
          [ 1, 2, 3, 6, 7, 8 ], [ 1, 2, 3, 6, 8 ], [ 1, 2, 3, 7 ], [ 1, 2, 3, 7, 8 ], [ 1, 2, 3, 8 ], [ 1, 2, 4 ], 
          [ 1, 2, 4, 5 ], [ 1, 2, 4, 5, 6 ], [ 1, 2, 4, 5, 6, 7 ], [ 1, 2, 4, 5, 6, 7, 8 ], [ 1, 2, 4, 5, 6, 8 ], 
          [ 1, 2, 4, 5, 7 ], [ 1, 2, 4, 5, 7, 8 ], [ 1, 2, 4, 5, 8 ], [ 1, 2, 4, 6 ], [ 1, 2, 4, 6, 7 ], 
          [ 1, 2, 4, 6, 7, 8 ], [ 1, 2, 4, 6, 8 ], [ 1, 2, 4, 7 ], [ 1, 2, 4, 7, 8 ], [ 1, 2, 4, 8 ], [ 1, 2, 5 ], 
          [ 1, 2, 5, 6 ], [ 1, 2, 5, 6, 7 ], [ 1, 2, 5, 6, 7, 8 ], [ 1, 2, 5, 6, 8 ], [ 1, 2, 5, 7 ], 
          [ 1, 2, 5, 7, 8 ], [ 1, 2, 5, 8 ], [ 1, 2, 6 ], [ 1, 2, 6, 7 ], [ 1, 2, 6, 7, 8 ], [ 1, 2, 6, 8 ], 
          [ 1, 2, 7 ], [ 1, 2, 7, 8 ], [ 1, 2, 8 ], [ 1, 3 ], [ 1, 3, 4 ], [ 1, 3, 4, 5 ], [ 1, 3, 4, 5, 6 ], 
          [ 1, 3, 4, 5, 6, 7 ], [ 1, 3, 4, 5, 6, 7, 8 ], [ 1, 3, 4, 5, 6, 8 ], [ 1, 3, 4, 5, 7 ], 
          [ 1, 3, 4, 5, 7, 8 ], [ 1, 3, 4, 5, 8 ], [ 1, 3, 4, 6 ], [ 1, 3, 4, 6, 7 ], [ 1, 3, 4, 6, 7, 8 ], 
          [ 1, 3, 4, 6, 8 ], [ 1, 3, 4, 7 ], [ 1, 3, 4, 7, 8 ], [ 1, 3, 4, 8 ], [ 1, 3, 5 ], [ 1, 3, 5, 6 ], 
          [ 1, 3, 5, 6, 7 ], [ 1, 3, 5, 6, 7, 8 ], [ 1, 3, 5, 6, 8 ], [ 1, 3, 5, 7 ], [ 1, 3, 5, 7, 8 ], 
          [ 1, 3, 5, 8 ], [ 1, 3, 6 ], [ 1, 3, 6, 7 ], [ 1, 3, 6, 7, 8 ], [ 1, 3, 6, 8 ], [ 1, 3, 7 ], 
          [ 1, 3, 7, 8 ], [ 1, 3, 8 ], [ 1, 4 ], [ 1, 4, 5 ], [ 1, 4, 5, 6 ], [ 1, 4, 5, 6, 7 ], 
          [ 1, 4, 5, 6, 7, 8 ], [ 1, 4, 5, 6, 8 ], [ 1, 4, 5, 7 ], [ 1, 4, 5, 7, 8 ], [ 1, 4, 5, 8 ], [ 1, 4, 6 ], 
          [ 1, 4, 6, 7 ], [ 1, 4, 6, 7, 8 ], [ 1, 4, 6, 8 ], [ 1, 4, 7 ], [ 1, 4, 7, 8 ], [ 1, 4, 8 ], [ 1, 5 ], 
          [ 1, 5, 6 ], [ 1, 5, 6, 7 ], [ 1, 5, 6, 7, 8 ], [ 1, 5, 6, 8 ], [ 1, 5, 7 ], [ 1, 5, 7, 8 ], [ 1, 5, 8 ], 
          [ 1, 6 ], [ 1, 6, 7 ], [ 1, 6, 7, 8 ], [ 1, 6, 8 ], [ 1, 7 ], [ 1, 7, 8 ], [ 1, 8 ], [ 2 ], [ 2, 3 ], 
          [ 2, 3, 4 ], [ 2, 3, 4, 5 ], [ 2, 3, 4, 5, 6 ], [ 2, 3, 4, 5, 6, 7 ], [ 2, 3, 4, 5, 6, 7, 8 ], 
          [ 2, 3, 4, 5, 6, 8 ], [ 2, 3, 4, 5, 7 ], [ 2, 3, 4, 5, 7, 8 ], [ 2, 3, 4, 5, 8 ], [ 2, 3, 4, 6 ], 
          [ 2, 3, 4, 6, 7 ], [ 2, 3, 4, 6, 7, 8 ], [ 2, 3, 4, 6, 8 ], [ 2, 3, 4, 7 ], [ 2, 3, 4, 7, 8 ], 
          [ 2, 3, 4, 8 ], [ 2, 3, 5 ], [ 2, 3, 5, 6 ], [ 2, 3, 5, 6, 7 ], [ 2, 3, 5, 6, 7, 8 ], [ 2, 3, 5, 6, 8 ], 
          [ 2, 3, 5, 7 ], [ 2, 3, 5, 7, 8 ], [ 2, 3, 5, 8 ], [ 2, 3, 6 ], [ 2, 3, 6, 7 ], [ 2, 3, 6, 7, 8 ], 
          [ 2, 3, 6, 8 ], [ 2, 3, 7 ], [ 2, 3, 7, 8 ], [ 2, 3, 8 ], [ 2, 4 ], [ 2, 4, 5 ], [ 2, 4, 5, 6 ], 
          [ 2, 4, 5, 6, 7 ], [ 2, 4, 5, 6, 7, 8 ], [ 2, 4, 5, 6, 8 ], [ 2, 4, 5, 7 ], [ 2, 4, 5, 7, 8 ], 
          [ 2, 4, 5, 8 ], [ 2, 4, 6 ], [ 2, 4, 6, 7 ], [ 2, 4, 6, 7, 8 ], [ 2, 4, 6, 8 ], [ 2, 4, 7 ], 
          [ 2, 4, 7, 8 ], [ 2, 4, 8 ], [ 2, 5 ], [ 2, 5, 6 ], [ 2, 5, 6, 7 ], [ 2, 5, 6, 7, 8 ], [ 2, 5, 6, 8 ], 
          [ 2, 5, 7 ], [ 2, 5, 7, 8 ], [ 2, 5, 8 ], [ 2, 6 ], [ 2, 6, 7 ], [ 2, 6, 7, 8 ], [ 2, 6, 8 ], [ 2, 7 ], 
          [ 2, 7, 8 ], [ 2, 8 ], [ 3 ], [ 3, 4 ], [ 3, 4, 5 ], [ 3, 4, 5, 6 ], [ 3, 4, 5, 6, 7 ], 
          [ 3, 4, 5, 6, 7, 8 ], [ 3, 4, 5, 6, 8 ], [ 3, 4, 5, 7 ], [ 3, 4, 5, 7, 8 ], [ 3, 4, 5, 8 ], [ 3, 4, 6 ], 
          [ 3, 4, 6, 7 ], [ 3, 4, 6, 7, 8 ], [ 3, 4, 6, 8 ], [ 3, 4, 7 ], [ 3, 4, 7, 8 ], [ 3, 4, 8 ], [ 3, 5 ], 
          [ 3, 5, 6 ], [ 3, 5, 6, 7 ], [ 3, 5, 6, 7, 8 ], [ 3, 5, 6, 8 ], [ 3, 5, 7 ], [ 3, 5, 7, 8 ], [ 3, 5, 8 ], 
          [ 3, 6 ], [ 3, 6, 7 ], [ 3, 6, 7, 8 ], [ 3, 6, 8 ], [ 3, 7 ], [ 3, 7, 8 ], [ 3, 8 ], [ 4 ], [ 4, 5 ], 
          [ 4, 5, 6 ], [ 4, 5, 6, 7 ], [ 4, 5, 6, 7, 8 ], [ 4, 5, 6, 8 ], [ 4, 5, 7 ], [ 4, 5, 7, 8 ], [ 4, 5, 8 ], 
          [ 4, 6 ], [ 4, 6, 7 ], [ 4, 6, 7, 8 ], [ 4, 6, 8 ], [ 4, 7 ], [ 4, 7, 8 ], [ 4, 8 ], [ 5 ], [ 5, 6 ], 
          [ 5, 6, 7 ], [ 5, 6, 7, 8 ], [ 5, 6, 8 ], [ 5, 7 ], [ 5, 7, 8 ], [ 5, 8 ], [ 6 ], [ 6, 7 ], [ 6, 7, 8 ], 
          [ 6, 8 ], [ 7 ], [ 7, 8 ], [ 8 ] ],
      ListVect := [ [ 1, 0, 0, 0, 0, 0, 0, 0, 0, 0, 0, 0, 0, 0, 0 ], [ 1, 1, 1, 1, 1, 1, 1, 1, 0, 0, 0, 0, 0, 0, 0 ],
          [ 1, 1, 1, 1, 1, 1, 1, 1, 1, 1, 1, 1, 1, 1, 1 ], [ 1, 0, 1, 1, 1, 1, 1, 1, 0, 1, 1, 1, 1, 1, 1 ], 
          [ 1, 0, 0, 1, 1, 1, 1, 1, 0, 0, 1, 1, 1, 1, 1 ], [ 1, 0, 0, 0, 1, 1, 1, 1, 0, 0, 0, 1, 1, 1, 1 ], 
          [ 1, 0, 0, 0, 0, 1, 1, 1, 0, 0, 0, 0, 1, 1, 1 ], [ 1, 0, 0, 0, 0, 0, 1, 1, 0, 0, 0, 0, 0, 1, 1 ], 
          [ 1, 0, 0, 0, 0, 0, 0, 1, 0, 0, 0, 0, 0, 0, 1 ], [ 1, 0, 0, 0, 0, 1, 0, 1, 0, 0, 0, 0, 1, 0, 1 ], 
          [ 1, 0, 0, 0, 1, 0, 1, 1, 0, 0, 0, 1, 0, 1, 1 ], [ 1, 0, 0, 0, 1, 0, 0, 1, 0, 0, 0, 1, 0, 0, 1 ], 
          [ 1, 0, 0, 0, 1, 1, 0, 1, 0, 0, 0, 1, 1, 0, 1 ], [ 1, 0, 0, 1, 0, 1, 1, 1, 0, 0, 1, 0, 1, 1, 1 ], 
          [ 1, 0, 0, 1, 0, 0, 1, 1, 0, 0, 1, 0, 0, 1, 1 ], [ 1, 0, 0, 1, 0, 0, 0, 1, 0, 0, 1, 0, 0, 0, 1 ], 
          [ 1, 0, 0, 1, 0, 1, 0, 1, 0, 0, 1, 0, 1, 0, 1 ], [ 1, 0, 0, 1, 1, 0, 1, 1, 0, 0, 1, 1, 0, 1, 1 ], 
          [ 1, 0, 0, 1, 1, 0, 0, 1, 0, 0, 1, 1, 0, 0, 1 ], [ 1, 0, 0, 1, 1, 1, 0, 1, 0, 0, 1, 1, 1, 0, 1 ], 
          [ 1, 0, 1, 0, 1, 1, 1, 1, 0, 1, 0, 1, 1, 1, 1 ], [ 1, 0, 1, 0, 0, 1, 1, 1, 0, 1, 0, 0, 1, 1, 1 ], 
          [ 1, 0, 1, 0, 0, 0, 1, 1, 0, 1, 0, 0, 0, 1, 1 ], [ 1, 0, 1, 0, 0, 0, 0, 1, 0, 1, 0, 0, 0, 0, 1 ], 
          [ 1, 0, 1, 0, 0, 1, 0, 1, 0, 1, 0, 0, 1, 0, 1 ], [ 1, 0, 1, 0, 1, 0, 1, 1, 0, 1, 0, 1, 0, 1, 1 ], 
          [ 1, 0, 1, 0, 1, 0, 0, 1, 0, 1, 0, 1, 0, 0, 1 ], [ 1, 0, 1, 0, 1, 1, 0, 1, 0, 1, 0, 1, 1, 0, 1 ], 
          [ 1, 0, 1, 1, 0, 1, 1, 1, 0, 1, 1, 0, 1, 1, 1 ], [ 1, 0, 1, 1, 0, 0, 1, 1, 0, 1, 1, 0, 0, 1, 1 ], 
          [ 1, 0, 1, 1, 0, 0, 0, 1, 0, 1, 1, 0, 0, 0, 1 ], [ 1, 0, 1, 1, 0, 1, 0, 1, 0, 1, 1, 0, 1, 0, 1 ], 
          [ 1, 0, 1, 1, 1, 0, 1, 1, 0, 1, 1, 1, 0, 1, 1 ], [ 1, 0, 1, 1, 1, 0, 0, 1, 0, 1, 1, 1, 0, 0, 1 ], 
          [ 1, 0, 1, 1, 1, 1, 0, 1, 0, 1, 1, 1, 1, 0, 1 ], [ 1, 1, 0, 1, 1, 1, 1, 1, 1, 0, 1, 1, 1, 1, 1 ], 
          [ 1, 1, 0, 0, 1, 1, 1, 1, 1, 0, 0, 1, 1, 1, 1 ], [ 1, 1, 0, 0, 0, 1, 1, 1, 1, 0, 0, 0, 1, 1, 1 ], 
          [ 1, 1, 0, 0, 0, 0, 1, 1, 1, 0, 0, 0, 0, 1, 1 ], [ 1, 1, 0, 0, 0, 0, 0, 1, 1, 0, 0, 0, 0, 0, 1 ], 
          [ 1, 1, 0, 0, 0, 1, 0, 1, 1, 0, 0, 0, 1, 0, 1 ], [ 1, 1, 0, 0, 1, 0, 1, 1, 1, 0, 0, 1, 0, 1, 1 ], 
          [ 1, 1, 0, 0, 1, 0, 0, 1, 1, 0, 0, 1, 0, 0, 1 ], [ 1, 1, 0, 0, 1, 1, 0, 1, 1, 0, 0, 1, 1, 0, 1 ], 
          [ 1, 1, 0, 1, 0, 1, 1, 1, 1, 0, 1, 0, 1, 1, 1 ], [ 1, 1, 0, 1, 0, 0, 1, 1, 1, 0, 1, 0, 0, 1, 1 ], 
          [ 1, 1, 0, 1, 0, 0, 0, 1, 1, 0, 1, 0, 0, 0, 1 ], [ 1, 1, 0, 1, 0, 1, 0, 1, 1, 0, 1, 0, 1, 0, 1 ], 
          [ 1, 1, 0, 1, 1, 0, 1, 1, 1, 0, 1, 1, 0, 1, 1 ], [ 1, 1, 0, 1, 1, 0, 0, 1, 1, 0, 1, 1, 0, 0, 1 ], 
          [ 1, 1, 0, 1, 1, 1, 0, 1, 1, 0, 1, 1, 1, 0, 1 ], [ 1, 1, 1, 0, 1, 1, 1, 1, 1, 1, 0, 1, 1, 1, 1 ], 
          [ 1, 1, 1, 0, 0, 1, 1, 1, 1, 1, 0, 0, 1, 1, 1 ], [ 1, 1, 1, 0, 0, 0, 1, 1, 1, 1, 0, 0, 0, 1, 1 ], 
          [ 1, 1, 1, 0, 0, 0, 0, 1, 1, 1, 0, 0, 0, 0, 1 ], [ 1, 1, 1, 0, 0, 1, 0, 1, 1, 1, 0, 0, 1, 0, 1 ], 
          [ 1, 1, 1, 0, 1, 0, 1, 1, 1, 1, 0, 1, 0, 1, 1 ], [ 1, 1, 1, 0, 1, 0, 0, 1, 1, 1, 0, 1, 0, 0, 1 ], 
          [ 1, 1, 1, 0, 1, 1, 0, 1, 1, 1, 0, 1, 1, 0, 1 ], [ 1, 1, 1, 1, 0, 1, 1, 1, 1, 1, 1, 0, 1, 1, 1 ], 
          [ 1, 1, 1, 1, 0, 0, 1, 1, 1, 1, 1, 0, 0, 1, 1 ], [ 1, 1, 1, 1, 0, 0, 0, 1, 1, 1, 1, 0, 0, 0, 1 ], 
          [ 1, 1, 1, 1, 0, 1, 0, 1, 1, 1, 1, 0, 1, 0, 1 ], [ 1, 1, 1, 1, 1, 0, 1, 1, 1, 1, 1, 1, 0, 1, 1 ], 
          [ 1, 1, 1, 1, 1, 0, 0, 1, 1, 1, 1, 1, 0, 0, 1 ], [ 1, 1, 1, 1, 1, 1, 0, 1, 1, 1, 1, 1, 1, 0, 1 ], 
          [ 1, 0, 1, 1, 1, 1, 1, 1, 1, 0, 0, 0, 0, 0, 0 ], [ 1, 0, 0, 1, 1, 1, 1, 1, 1, 1, 0, 0, 0, 0, 0 ], 
          [ 1, 0, 0, 0, 1, 1, 1, 1, 1, 1, 1, 0, 0, 0, 0 ], [ 1, 0, 0, 0, 0, 1, 1, 1, 1, 1, 1, 1, 0, 0, 0 ], 
          [ 1, 0, 0, 0, 0, 0, 1, 1, 1, 1, 1, 1, 1, 0, 0 ], [ 1, 0, 0, 0, 0, 0, 0, 1, 1, 1, 1, 1, 1, 1, 0 ], 
          [ 1, 0, 0, 0, 0, 1, 0, 1, 1, 1, 1, 1, 0, 1, 0 ], [ 1, 0, 0, 0, 1, 0, 1, 1, 1, 1, 1, 0, 1, 0, 0 ], 
          [ 1, 0, 0, 0, 1, 0, 0, 1, 1, 1, 1, 0, 1, 1, 0 ], [ 1, 0, 0, 0, 1, 1, 0, 1, 1, 1, 1, 0, 0, 1, 0 ], 
          [ 1, 0, 0, 1, 0, 1, 1, 1, 1, 1, 0, 1, 0, 0, 0 ], [ 1, 0, 0, 1, 0, 0, 1, 1, 1, 1, 0, 1, 1, 0, 0 ], 
          [ 1, 0, 0, 1, 0, 0, 0, 1, 1, 1, 0, 1, 1, 1, 0 ], [ 1, 0, 0, 1, 0, 1, 0, 1, 1, 1, 0, 1, 0, 1, 0 ], 
          [ 1, 0, 0, 1, 1, 0, 1, 1, 1, 1, 0, 0, 1, 0, 0 ], [ 1, 0, 0, 1, 1, 0, 0, 1, 1, 1, 0, 0, 1, 1, 0 ], 
          [ 1, 0, 0, 1, 1, 1, 0, 1, 1, 1, 0, 0, 0, 1, 0 ], [ 1, 0, 1, 0, 1, 1, 1, 1, 1, 0, 1, 0, 0, 0, 0 ], 
          [ 1, 0, 1, 0, 0, 1, 1, 1, 1, 0, 1, 1, 0, 0, 0 ], [ 1, 0, 1, 0, 0, 0, 1, 1, 1, 0, 1, 1, 1, 0, 0 ], 
          [ 1, 0, 1, 0, 0, 0, 0, 1, 1, 0, 1, 1, 1, 1, 0 ], [ 1, 0, 1, 0, 0, 1, 0, 1, 1, 0, 1, 1, 0, 1, 0 ], 
          [ 1, 0, 1, 0, 1, 0, 1, 1, 1, 0, 1, 0, 1, 0, 0 ], [ 1, 0, 1, 0, 1, 0, 0, 1, 1, 0, 1, 0, 1, 1, 0 ], 
          [ 1, 0, 1, 0, 1, 1, 0, 1, 1, 0, 1, 0, 0, 1, 0 ], [ 1, 0, 1, 1, 0, 1, 1, 1, 1, 0, 0, 1, 0, 0, 0 ], 
          [ 1, 0, 1, 1, 0, 0, 1, 1, 1, 0, 0, 1, 1, 0, 0 ], [ 1, 0, 1, 1, 0, 0, 0, 1, 1, 0, 0, 1, 1, 1, 0 ], 
          [ 1, 0, 1, 1, 0, 1, 0, 1, 1, 0, 0, 1, 0, 1, 0 ], [ 1, 0, 1, 1, 1, 0, 1, 1, 1, 0, 0, 0, 1, 0, 0 ], 
          [ 1, 0, 1, 1, 1, 0, 0, 1, 1, 0, 0, 0, 1, 1, 0 ], [ 1, 0, 1, 1, 1, 1, 0, 1, 1, 0, 0, 0, 0, 1, 0 ], 
          [ 1, 1, 0, 1, 1, 1, 1, 1, 0, 1, 0, 0, 0, 0, 0 ], [ 1, 1, 0, 0, 1, 1, 1, 1, 0, 1, 1, 0, 0, 0, 0 ], 
          [ 1, 1, 0, 0, 0, 1, 1, 1, 0, 1, 1, 1, 0, 0, 0 ], [ 1, 1, 0, 0, 0, 0, 1, 1, 0, 1, 1, 1, 1, 0, 0 ], 
          [ 1, 1, 0, 0, 0, 0, 0, 1, 0, 1, 1, 1, 1, 1, 0 ], [ 1, 1, 0, 0, 0, 1, 0, 1, 0, 1, 1, 1, 0, 1, 0 ], 
          [ 1, 1, 0, 0, 1, 0, 1, 1, 0, 1, 1, 0, 1, 0, 0 ], [ 1, 1, 0, 0, 1, 0, 0, 1, 0, 1, 1, 0, 1, 1, 0 ], 
          [ 1, 1, 0, 0, 1, 1, 0, 1, 0, 1, 1, 0, 0, 1, 0 ], [ 1, 1, 0, 1, 0, 1, 1, 1, 0, 1, 0, 1, 0, 0, 0 ], 
          [ 1, 1, 0, 1, 0, 0, 1, 1, 0, 1, 0, 1, 1, 0, 0 ], [ 1, 1, 0, 1, 0, 0, 0, 1, 0, 1, 0, 1, 1, 1, 0 ], 
          [ 1, 1, 0, 1, 0, 1, 0, 1, 0, 1, 0, 1, 0, 1, 0 ], [ 1, 1, 0, 1, 1, 0, 1, 1, 0, 1, 0, 0, 1, 0, 0 ], 
          [ 1, 1, 0, 1, 1, 0, 0, 1, 0, 1, 0, 0, 1, 1, 0 ], [ 1, 1, 0, 1, 1, 1, 0, 1, 0, 1, 0, 0, 0, 1, 0 ], 
          [ 1, 1, 1, 0, 1, 1, 1, 1, 0, 0, 1, 0, 0, 0, 0 ], [ 1, 1, 1, 0, 0, 1, 1, 1, 0, 0, 1, 1, 0, 0, 0 ], 
          [ 1, 1, 1, 0, 0, 0, 1, 1, 0, 0, 1, 1, 1, 0, 0 ], [ 1, 1, 1, 0, 0, 0, 0, 1, 0, 0, 1, 1, 1, 1, 0 ], 
          [ 1, 1, 1, 0, 0, 1, 0, 1, 0, 0, 1, 1, 0, 1, 0 ], [ 1, 1, 1, 0, 1, 0, 1, 1, 0, 0, 1, 0, 1, 0, 0 ], 
          [ 1, 1, 1, 0, 1, 0, 0, 1, 0, 0, 1, 0, 1, 1, 0 ], [ 1, 1, 1, 0, 1, 1, 0, 1, 0, 0, 1, 0, 0, 1, 0 ], 
          [ 1, 1, 1, 1, 0, 1, 1, 1, 0, 0, 0, 1, 0, 0, 0 ], [ 1, 1, 1, 1, 0, 0, 1, 1, 0, 0, 0, 1, 1, 0, 0 ], 
          [ 1, 1, 1, 1, 0, 0, 0, 1, 0, 0, 0, 1, 1, 1, 0 ], [ 1, 1, 1, 1, 0, 1, 0, 1, 0, 0, 0, 1, 0, 1, 0 ], 
          [ 1, 1, 1, 1, 1, 0, 1, 1, 0, 0, 0, 0, 1, 0, 0 ], [ 1, 1, 1, 1, 1, 0, 0, 1, 0, 0, 0, 0, 1, 1, 0 ], 
          [ 1, 1, 1, 1, 1, 1, 0, 1, 0, 0, 0, 0, 0, 1, 0 ], [ 1, 0, 0, 0, 0, 0, 0, 0, 1, 1, 1, 1, 1, 1, 1 ], 
          [ 1, 1, 0, 0, 0, 0, 0, 0, 0, 1, 1, 1, 1, 1, 1 ], [ 1, 1, 1, 0, 0, 0, 0, 0, 0, 0, 1, 1, 1, 1, 1 ], 
          [ 1, 1, 1, 1, 0, 0, 0, 0, 0, 0, 0, 1, 1, 1, 1 ], [ 1, 1, 1, 1, 1, 0, 0, 0, 0, 0, 0, 0, 1, 1, 1 ], 
          [ 1, 1, 1, 1, 1, 1, 0, 0, 0, 0, 0, 0, 0, 1, 1 ], [ 1, 1, 1, 1, 1, 1, 1, 0, 0, 0, 0, 0, 0, 0, 1 ], 
          [ 1, 1, 1, 1, 1, 0, 1, 0, 0, 0, 0, 0, 1, 0, 1 ], [ 1, 1, 1, 1, 0, 1, 0, 0, 0, 0, 0, 1, 0, 1, 1 ], 
          [ 1, 1, 1, 1, 0, 1, 1, 0, 0, 0, 0, 1, 0, 0, 1 ], [ 1, 1, 1, 1, 0, 0, 1, 0, 0, 0, 0, 1, 1, 0, 1 ], 
          [ 1, 1, 1, 0, 1, 0, 0, 0, 0, 0, 1, 0, 1, 1, 1 ], [ 1, 1, 1, 0, 1, 1, 0, 0, 0, 0, 1, 0, 0, 1, 1 ], 
          [ 1, 1, 1, 0, 1, 1, 1, 0, 0, 0, 1, 0, 0, 0, 1 ], [ 1, 1, 1, 0, 1, 0, 1, 0, 0, 0, 1, 0, 1, 0, 1 ], 
          [ 1, 1, 1, 0, 0, 1, 0, 0, 0, 0, 1, 1, 0, 1, 1 ], [ 1, 1, 1, 0, 0, 1, 1, 0, 0, 0, 1, 1, 0, 0, 1 ], 
          [ 1, 1, 1, 0, 0, 0, 1, 0, 0, 0, 1, 1, 1, 0, 1 ], [ 1, 1, 0, 1, 0, 0, 0, 0, 0, 1, 0, 1, 1, 1, 1 ], 
          [ 1, 1, 0, 1, 1, 0, 0, 0, 0, 1, 0, 0, 1, 1, 1 ], [ 1, 1, 0, 1, 1, 1, 0, 0, 0, 1, 0, 0, 0, 1, 1 ], 
          [ 1, 1, 0, 1, 1, 1, 1, 0, 0, 1, 0, 0, 0, 0, 1 ], [ 1, 1, 0, 1, 1, 0, 1, 0, 0, 1, 0, 0, 1, 0, 1 ], 
          [ 1, 1, 0, 1, 0, 1, 0, 0, 0, 1, 0, 1, 0, 1, 1 ], [ 1, 1, 0, 1, 0, 1, 1, 0, 0, 1, 0, 1, 0, 0, 1 ], 
          [ 1, 1, 0, 1, 0, 0, 1, 0, 0, 1, 0, 1, 1, 0, 1 ], [ 1, 1, 0, 0, 1, 0, 0, 0, 0, 1, 1, 0, 1, 1, 1 ], 
          [ 1, 1, 0, 0, 1, 1, 0, 0, 0, 1, 1, 0, 0, 1, 1 ], [ 1, 1, 0, 0, 1, 1, 1, 0, 0, 1, 1, 0, 0, 0, 1 ], 
          [ 1, 1, 0, 0, 1, 0, 1, 0, 0, 1, 1, 0, 1, 0, 1 ], [ 1, 1, 0, 0, 0, 1, 0, 0, 0, 1, 1, 1, 0, 1, 1 ], 
          [ 1, 1, 0, 0, 0, 1, 1, 0, 0, 1, 1, 1, 0, 0, 1 ], [ 1, 1, 0, 0, 0, 0, 1, 0, 0, 1, 1, 1, 1, 0, 1 ], 
          [ 1, 0, 1, 0, 0, 0, 0, 0, 1, 0, 1, 1, 1, 1, 1 ], [ 1, 0, 1, 1, 0, 0, 0, 0, 1, 0, 0, 1, 1, 1, 1 ], 
          [ 1, 0, 1, 1, 1, 0, 0, 0, 1, 0, 0, 0, 1, 1, 1 ], [ 1, 0, 1, 1, 1, 1, 0, 0, 1, 0, 0, 0, 0, 1, 1 ], 
          [ 1, 0, 1, 1, 1, 1, 1, 0, 1, 0, 0, 0, 0, 0, 1 ], [ 1, 0, 1, 1, 1, 0, 1, 0, 1, 0, 0, 0, 1, 0, 1 ], 
          [ 1, 0, 1, 1, 0, 1, 0, 0, 1, 0, 0, 1, 0, 1, 1 ], [ 1, 0, 1, 1, 0, 1, 1, 0, 1, 0, 0, 1, 0, 0, 1 ], 
          [ 1, 0, 1, 1, 0, 0, 1, 0, 1, 0, 0, 1, 1, 0, 1 ], [ 1, 0, 1, 0, 1, 0, 0, 0, 1, 0, 1, 0, 1, 1, 1 ], 
          [ 1, 0, 1, 0, 1, 1, 0, 0, 1, 0, 1, 0, 0, 1, 1 ], [ 1, 0, 1, 0, 1, 1, 1, 0, 1, 0, 1, 0, 0, 0, 1 ], 
          [ 1, 0, 1, 0, 1, 0, 1, 0, 1, 0, 1, 0, 1, 0, 1 ], [ 1, 0, 1, 0, 0, 1, 0, 0, 1, 0, 1, 1, 0, 1, 1 ], 
          [ 1, 0, 1, 0, 0, 1, 1, 0, 1, 0, 1, 1, 0, 0, 1 ], [ 1, 0, 1, 0, 0, 0, 1, 0, 1, 0, 1, 1, 1, 0, 1 ], 
          [ 1, 0, 0, 1, 0, 0, 0, 0, 1, 1, 0, 1, 1, 1, 1 ], [ 1, 0, 0, 1, 1, 0, 0, 0, 1, 1, 0, 0, 1, 1, 1 ], 
          [ 1, 0, 0, 1, 1, 1, 0, 0, 1, 1, 0, 0, 0, 1, 1 ], [ 1, 0, 0, 1, 1, 1, 1, 0, 1, 1, 0, 0, 0, 0, 1 ], 
          [ 1, 0, 0, 1, 1, 0, 1, 0, 1, 1, 0, 0, 1, 0, 1 ], [ 1, 0, 0, 1, 0, 1, 0, 0, 1, 1, 0, 1, 0, 1, 1 ], 
          [ 1, 0, 0, 1, 0, 1, 1, 0, 1, 1, 0, 1, 0, 0, 1 ], [ 1, 0, 0, 1, 0, 0, 1, 0, 1, 1, 0, 1, 1, 0, 1 ], 
          [ 1, 0, 0, 0, 1, 0, 0, 0, 1, 1, 1, 0, 1, 1, 1 ], [ 1, 0, 0, 0, 1, 1, 0, 0, 1, 1, 1, 0, 0, 1, 1 ], 
          [ 1, 0, 0, 0, 1, 1, 1, 0, 1, 1, 1, 0, 0, 0, 1 ], [ 1, 0, 0, 0, 1, 0, 1, 0, 1, 1, 1, 0, 1, 0, 1 ], 
          [ 1, 0, 0, 0, 0, 1, 0, 0, 1, 1, 1, 1, 0, 1, 1 ], [ 1, 0, 0, 0, 0, 1, 1, 0, 1, 1, 1, 1, 0, 0, 1 ], 
          [ 1, 0, 0, 0, 0, 0, 1, 0, 1, 1, 1, 1, 1, 0, 1 ], [ 1, 1, 0, 0, 0, 0, 0, 0, 1, 0, 0, 0, 0, 0, 0 ], 
          [ 1, 1, 1, 0, 0, 0, 0, 0, 1, 1, 0, 0, 0, 0, 0 ], [ 1, 1, 1, 1, 0, 0, 0, 0, 1, 1, 1, 0, 0, 0, 0 ], 
          [ 1, 1, 1, 1, 1, 0, 0, 0, 1, 1, 1, 1, 0, 0, 0 ], [ 1, 1, 1, 1, 1, 1, 0, 0, 1, 1, 1, 1, 1, 0, 0 ], 
          [ 1, 1, 1, 1, 1, 1, 1, 0, 1, 1, 1, 1, 1, 1, 0 ], [ 1, 1, 1, 1, 1, 0, 1, 0, 1, 1, 1, 1, 0, 1, 0 ], 
          [ 1, 1, 1, 1, 0, 1, 0, 0, 1, 1, 1, 0, 1, 0, 0 ], [ 1, 1, 1, 1, 0, 1, 1, 0, 1, 1, 1, 0, 1, 1, 0 ], 
          [ 1, 1, 1, 1, 0, 0, 1, 0, 1, 1, 1, 0, 0, 1, 0 ], [ 1, 1, 1, 0, 1, 0, 0, 0, 1, 1, 0, 1, 0, 0, 0 ], 
          [ 1, 1, 1, 0, 1, 1, 0, 0, 1, 1, 0, 1, 1, 0, 0 ], [ 1, 1, 1, 0, 1, 1, 1, 0, 1, 1, 0, 1, 1, 1, 0 ], 
          [ 1, 1, 1, 0, 1, 0, 1, 0, 1, 1, 0, 1, 0, 1, 0 ], [ 1, 1, 1, 0, 0, 1, 0, 0, 1, 1, 0, 0, 1, 0, 0 ], 
          [ 1, 1, 1, 0, 0, 1, 1, 0, 1, 1, 0, 0, 1, 1, 0 ], [ 1, 1, 1, 0, 0, 0, 1, 0, 1, 1, 0, 0, 0, 1, 0 ], 
          [ 1, 1, 0, 1, 0, 0, 0, 0, 1, 0, 1, 0, 0, 0, 0 ], [ 1, 1, 0, 1, 1, 0, 0, 0, 1, 0, 1, 1, 0, 0, 0 ], 
          [ 1, 1, 0, 1, 1, 1, 0, 0, 1, 0, 1, 1, 1, 0, 0 ], [ 1, 1, 0, 1, 1, 1, 1, 0, 1, 0, 1, 1, 1, 1, 0 ], 
          [ 1, 1, 0, 1, 1, 0, 1, 0, 1, 0, 1, 1, 0, 1, 0 ], [ 1, 1, 0, 1, 0, 1, 0, 0, 1, 0, 1, 0, 1, 0, 0 ], 
          [ 1, 1, 0, 1, 0, 1, 1, 0, 1, 0, 1, 0, 1, 1, 0 ], [ 1, 1, 0, 1, 0, 0, 1, 0, 1, 0, 1, 0, 0, 1, 0 ], 
          [ 1, 1, 0, 0, 1, 0, 0, 0, 1, 0, 0, 1, 0, 0, 0 ], [ 1, 1, 0, 0, 1, 1, 0, 0, 1, 0, 0, 1, 1, 0, 0 ], 
          [ 1, 1, 0, 0, 1, 1, 1, 0, 1, 0, 0, 1, 1, 1, 0 ], [ 1, 1, 0, 0, 1, 0, 1, 0, 1, 0, 0, 1, 0, 1, 0 ], 
          [ 1, 1, 0, 0, 0, 1, 0, 0, 1, 0, 0, 0, 1, 0, 0 ], [ 1, 1, 0, 0, 0, 1, 1, 0, 1, 0, 0, 0, 1, 1, 0 ], 
          [ 1, 1, 0, 0, 0, 0, 1, 0, 1, 0, 0, 0, 0, 1, 0 ], [ 1, 0, 1, 0, 0, 0, 0, 0, 0, 1, 0, 0, 0, 0, 0 ], 
          [ 1, 0, 1, 1, 0, 0, 0, 0, 0, 1, 1, 0, 0, 0, 0 ], [ 1, 0, 1, 1, 1, 0, 0, 0, 0, 1, 1, 1, 0, 0, 0 ], 
          [ 1, 0, 1, 1, 1, 1, 0, 0, 0, 1, 1, 1, 1, 0, 0 ], [ 1, 0, 1, 1, 1, 1, 1, 0, 0, 1, 1, 1, 1, 1, 0 ], 
          [ 1, 0, 1, 1, 1, 0, 1, 0, 0, 1, 1, 1, 0, 1, 0 ], [ 1, 0, 1, 1, 0, 1, 0, 0, 0, 1, 1, 0, 1, 0, 0 ], 
          [ 1, 0, 1, 1, 0, 1, 1, 0, 0, 1, 1, 0, 1, 1, 0 ], [ 1, 0, 1, 1, 0, 0, 1, 0, 0, 1, 1, 0, 0, 1, 0 ], 
          [ 1, 0, 1, 0, 1, 0, 0, 0, 0, 1, 0, 1, 0, 0, 0 ], [ 1, 0, 1, 0, 1, 1, 0, 0, 0, 1, 0, 1, 1, 0, 0 ], 
          [ 1, 0, 1, 0, 1, 1, 1, 0, 0, 1, 0, 1, 1, 1, 0 ], [ 1, 0, 1, 0, 1, 0, 1, 0, 0, 1, 0, 1, 0, 1, 0 ], 
          [ 1, 0, 1, 0, 0, 1, 0, 0, 0, 1, 0, 0, 1, 0, 0 ], [ 1, 0, 1, 0, 0, 1, 1, 0, 0, 1, 0, 0, 1, 1, 0 ], 
          [ 1, 0, 1, 0, 0, 0, 1, 0, 0, 1, 0, 0, 0, 1, 0 ], [ 1, 0, 0, 1, 0, 0, 0, 0, 0, 0, 1, 0, 0, 0, 0 ], 
          [ 1, 0, 0, 1, 1, 0, 0, 0, 0, 0, 1, 1, 0, 0, 0 ], [ 1, 0, 0, 1, 1, 1, 0, 0, 0, 0, 1, 1, 1, 0, 0 ], 
          [ 1, 0, 0, 1, 1, 1, 1, 0, 0, 0, 1, 1, 1, 1, 0 ], [ 1, 0, 0, 1, 1, 0, 1, 0, 0, 0, 1, 1, 0, 1, 0 ], 
          [ 1, 0, 0, 1, 0, 1, 0, 0, 0, 0, 1, 0, 1, 0, 0 ], [ 1, 0, 0, 1, 0, 1, 1, 0, 0, 0, 1, 0, 1, 1, 0 ], 
          [ 1, 0, 0, 1, 0, 0, 1, 0, 0, 0, 1, 0, 0, 1, 0 ], [ 1, 0, 0, 0, 1, 0, 0, 0, 0, 0, 0, 1, 0, 0, 0 ], 
          [ 1, 0, 0, 0, 1, 1, 0, 0, 0, 0, 0, 1, 1, 0, 0 ], [ 1, 0, 0, 0, 1, 1, 1, 0, 0, 0, 0, 1, 1, 1, 0 ], 
          [ 1, 0, 0, 0, 1, 0, 1, 0, 0, 0, 0, 1, 0, 1, 0 ], [ 1, 0, 0, 0, 0, 1, 0, 0, 0, 0, 0, 0, 1, 0, 0 ], 
          [ 1, 0, 0, 0, 0, 1, 1, 0, 0, 0, 0, 0, 1, 1, 0 ], [ 1, 0, 0, 0, 0, 0, 1, 0, 0, 0, 0, 0, 0, 1, 0 ] ] ) );
