return rec(
  EXT := [ [ 1, 0, 0, 0, 0 ], [ 1, 1, 1, 0, 0 ], [ 1, 1, 1, 1, 1 ], [ 1, 0, 1, 0, 1 ], [ 1, 0, 1, 1, 0 ], 
      [ 1, 0, 0, 1, 1 ], [ 1, 1, 0, 0, 1 ], [ 1, 1, 0, 1, 0 ] ],
  GRP := Group( [ (5,7), (4,5)(7,8), (2,4)(6,8), (1,2)(3,6) ] ),
  LOrb := [ [ 1, 2, 4, 5 ] ],
  eRec := rec(
      GRA := rec(
          adjacencies := [ [ 3, 4 ], [ 3, 4 ], [ 1, 2 ], [ 1, 2 ] ],
          group := Group( [ () ] ),
          isGraph := true,
          order := 4,
          representatives := [ 1, 2, 3, 4 ],
          schreierVector := [ -1, -2, -3, -4 ] ),
      ListSet := [ [  ], [ 1 ], [ 1, 2 ], [ 1, 2, 3 ], [ 1, 3 ], [ 2 ], [ 2, 3 ], [ 3 ] ],
      ListVect := [ [ 1, 0, 0, 0, 0 ], [ 1, 1, 1, 0, 0 ], [ 1, 1, 1, 1, 1 ], [ 1, 0, 1, 0, 1 ], [ 1, 0, 1, 1, 0 ], 
          [ 1, 0, 0, 1, 1 ], [ 1, 1, 0, 0, 1 ], [ 1, 1, 0, 1, 0 ] ] ) );
