return rec(
  EXT := [ [ 1, 0, 0, 0 ], [ 1, 1, 1, 1 ], [ 1, 0, 1, 1 ], [ 1, 0, 0, 1 ], [ 1, 1, 0, 1 ], [ 1, 1, 0, 0 ], 
      [ 1, 1, 1, 0 ], [ 1, 0, 1, 0 ] ],
  GRP := Group( [ (3,5)(6,8), (3,7)(4,6), (1,2)(3,8,7,6,5,4), (1,3,7)(2,6,4) ] ),
  LOrb := [ [ 2, 3, 4, 5 ] ],
  eRec := rec(
      GRA := rec(
          adjacencies := [ [ 2, 3, 4 ], [ 1 ], [ 1 ], [ 1 ] ],
          autGroup := Group( [ (3,4), (2,3) ] ),
          group := Group( [ () ] ),
          isGraph := true,
          isSimple := true,
          order := 4,
          representatives := [ 1, 2, 3, 4 ],
          schreierVector := [ -1, -2, -3, -4 ] ),
      GRPcanonic := Group( [ (4,8)(5,7), (3,5)(6,8), (1,2)(3,6)(4,7)(5,8), (1,6)(2,3)(4,5)(7,8), 
          (1,8)(2,5)(3,4)(6,7), (1,4)(2,7)(3,8)(5,6) ] ),
      ListEdges := [ [ 1, 2 ], [ 1, 3 ], [ 1, 4 ] ],
      ListSet := [ [  ], [ 1 ], [ 1, 2 ], [ 1, 2, 3 ], [ 1, 3 ], [ 2 ], [ 2, 3 ], [ 3 ] ],
      ListVect := [ [ 1, 0, 0, 0 ], [ 1, 1, 1, 1 ], [ 1, 0, 1, 1 ], [ 1, 0, 0, 1 ], [ 1, 1, 0, 1 ], [ 1, 1, 0, 0 ], 
          [ 1, 1, 1, 0 ], [ 1, 0, 1, 0 ] ] ) );
