return rec(
  EXT := [ [ 1, 0, 0, 0, 0, 0, 0, 0, 0, 0 ], [ 1, 1, 1, 1, 0, 0, 0, 0, 0, 0 ], [ 1, 1, 1, 1, 1, 1, 1, 0, 0, 0 ], 
      [ 1, 1, 1, 1, 1, 1, 1, 1, 1, 1 ], [ 1, 0, 1, 1, 0, 1, 1, 0, 1, 1 ], [ 1, 0, 0, 1, 0, 0, 1, 0, 0, 1 ], 
      [ 1, 1, 0, 1, 1, 0, 1, 1, 0, 1 ], [ 1, 0, 1, 1, 0, 1, 1, 1, 0, 0 ], [ 1, 0, 0, 1, 0, 0, 1, 1, 1, 0 ], 
      [ 1, 1, 0, 1, 1, 0, 1, 0, 1, 0 ], [ 1, 1, 1, 1, 0, 0, 0, 1, 1, 1 ], [ 1, 0, 1, 1, 1, 0, 0, 0, 1, 1 ], 
      [ 1, 0, 0, 1, 1, 1, 0, 0, 0, 1 ], [ 1, 1, 0, 1, 0, 1, 0, 1, 0, 1 ], [ 1, 0, 1, 1, 1, 0, 0, 1, 0, 0 ], 
      [ 1, 0, 0, 1, 1, 1, 0, 1, 1, 0 ], [ 1, 1, 0, 1, 0, 1, 0, 0, 1, 0 ], [ 1, 0, 0, 0, 1, 1, 1, 0, 0, 0 ], 
      [ 1, 0, 0, 0, 1, 1, 1, 1, 1, 1 ], [ 1, 1, 0, 0, 0, 1, 1, 0, 1, 1 ], [ 1, 1, 1, 0, 0, 0, 1, 0, 0, 1 ], 
      [ 1, 0, 1, 0, 1, 0, 1, 1, 0, 1 ], [ 1, 1, 0, 0, 0, 1, 1, 1, 0, 0 ], [ 1, 1, 1, 0, 0, 0, 1, 1, 1, 0 ], 
      [ 1, 0, 1, 0, 1, 0, 1, 0, 1, 0 ], [ 1, 0, 0, 0, 0, 0, 0, 1, 1, 1 ], [ 1, 1, 0, 0, 1, 0, 0, 0, 1, 1 ], 
      [ 1, 1, 1, 0, 1, 1, 0, 0, 0, 1 ], [ 1, 0, 1, 0, 0, 1, 0, 1, 0, 1 ], [ 1, 1, 0, 0, 1, 0, 0, 1, 0, 0 ], 
      [ 1, 1, 1, 0, 1, 1, 0, 1, 1, 0 ], [ 1, 0, 1, 0, 0, 1, 0, 0, 1, 0 ] ],
  GRP := Group( [ ( 2,18)(11,19)(12,20)(13,21)(14,22)(15,23)(16,24)(17,25), ( 2, 6)( 3, 5)( 7,11)( 9,15)(10,12)
        (13,17)(18,32)(19,31)(20,28)(22,24)(23,29)(26,30), ( 5, 7)( 8,10)(12,14)(15,17)(20,22)(23,25)(27,29)(30,32), 
      ( 1, 2, 3, 4,19,26)( 5,20,27,30,15, 8)( 6,21,28,31,16, 9)( 7,22,29,32,17,10)(11,18)(12,23)(13,24)(14,25) ] ),
  LOrb := [ [ 2, 3, 4, 5, 10, 11, 12, 17, 20, 21, 24, 25, 27, 28, 31, 32 ], 
      [ 2, 3, 4, 5, 6, 7, 8, 9, 10, 11, 12, 13, 14, 15, 16, 17 ] ],
  eRec := rec(
      GRA := rec(
          adjacencies := [ [ 4, 5, 6 ], [ 4, 5, 6 ], [ 4, 5, 6 ], [ 1, 2, 3 ], [ 1, 2, 3 ], [ 1, 2, 3 ] ],
          group := Group( [ () ] ),
          isGraph := true,
          order := 6,
          representatives := [ 1, 2, 3, 4, 5, 6 ],
          schreierVector := [ -1, -2, -3, -4, -5, -6 ] ),
      ListSet := [ [  ], [ 1 ], [ 1, 2 ], [ 1, 2, 3 ], [ 1, 2, 3, 4 ], [ 1, 2, 3, 4, 5 ], [ 1, 2, 3, 5 ], 
          [ 1, 2, 4 ], [ 1, 2, 4, 5 ], [ 1, 2, 5 ], [ 1, 3 ], [ 1, 3, 4 ], [ 1, 3, 4, 5 ], [ 1, 3, 5 ], [ 1, 4 ], 
          [ 1, 4, 5 ], [ 1, 5 ], [ 2 ], [ 2, 3 ], [ 2, 3, 4 ], [ 2, 3, 4, 5 ], [ 2, 3, 5 ], [ 2, 4 ], [ 2, 4, 5 ], 
          [ 2, 5 ], [ 3 ], [ 3, 4 ], [ 3, 4, 5 ], [ 3, 5 ], [ 4 ], [ 4, 5 ], [ 5 ] ],
      ListVect := [ [ 1, 0, 0, 0, 0, 0, 0, 0, 0, 0 ], [ 1, 1, 1, 1, 0, 0, 0, 0, 0, 0 ], 
          [ 1, 1, 1, 1, 1, 1, 1, 0, 0, 0 ], [ 1, 1, 1, 1, 1, 1, 1, 1, 1, 1 ], [ 1, 0, 1, 1, 0, 1, 1, 0, 1, 1 ], 
          [ 1, 0, 0, 1, 0, 0, 1, 0, 0, 1 ], [ 1, 1, 0, 1, 1, 0, 1, 1, 0, 1 ], [ 1, 0, 1, 1, 0, 1, 1, 1, 0, 0 ], 
          [ 1, 0, 0, 1, 0, 0, 1, 1, 1, 0 ], [ 1, 1, 0, 1, 1, 0, 1, 0, 1, 0 ], [ 1, 1, 1, 1, 0, 0, 0, 1, 1, 1 ], 
          [ 1, 0, 1, 1, 1, 0, 0, 0, 1, 1 ], [ 1, 0, 0, 1, 1, 1, 0, 0, 0, 1 ], [ 1, 1, 0, 1, 0, 1, 0, 1, 0, 1 ], 
          [ 1, 0, 1, 1, 1, 0, 0, 1, 0, 0 ], [ 1, 0, 0, 1, 1, 1, 0, 1, 1, 0 ], [ 1, 1, 0, 1, 0, 1, 0, 0, 1, 0 ], 
          [ 1, 0, 0, 0, 1, 1, 1, 0, 0, 0 ], [ 1, 0, 0, 0, 1, 1, 1, 1, 1, 1 ], [ 1, 1, 0, 0, 0, 1, 1, 0, 1, 1 ], 
          [ 1, 1, 1, 0, 0, 0, 1, 0, 0, 1 ], [ 1, 0, 1, 0, 1, 0, 1, 1, 0, 1 ], [ 1, 1, 0, 0, 0, 1, 1, 1, 0, 0 ], 
          [ 1, 1, 1, 0, 0, 0, 1, 1, 1, 0 ], [ 1, 0, 1, 0, 1, 0, 1, 0, 1, 0 ], [ 1, 0, 0, 0, 0, 0, 0, 1, 1, 1 ], 
          [ 1, 1, 0, 0, 1, 0, 0, 0, 1, 1 ], [ 1, 1, 1, 0, 1, 1, 0, 0, 0, 1 ], [ 1, 0, 1, 0, 0, 1, 0, 1, 0, 1 ], 
          [ 1, 1, 0, 0, 1, 0, 0, 1, 0, 0 ], [ 1, 1, 1, 0, 1, 1, 0, 1, 1, 0 ], [ 1, 0, 1, 0, 0, 1, 0, 0, 1, 0 ] ] ) );
