return rec(
  EXT := [ [ 1, 0, 0, 0, 0, 0, 0, 0, 0, 0, 0 ], [ 1, 1, 1, 1, 1, 1, 0, 0, 0, 0, 0 ], 
      [ 1, 1, 1, 1, 1, 1, 1, 1, 1, 1, 1 ], [ 1, 0, 1, 1, 1, 1, 0, 1, 1, 1, 1 ], [ 1, 0, 0, 1, 1, 1, 0, 0, 1, 1, 1 ], 
      [ 1, 0, 0, 0, 1, 1, 0, 0, 0, 1, 1 ], [ 1, 0, 0, 0, 0, 1, 0, 0, 0, 0, 1 ], [ 1, 0, 0, 1, 0, 1, 0, 0, 1, 0, 1 ], 
      [ 1, 0, 1, 0, 1, 1, 0, 1, 0, 1, 1 ], [ 1, 0, 1, 0, 0, 1, 0, 1, 0, 0, 1 ], [ 1, 0, 1, 1, 0, 1, 0, 1, 1, 0, 1 ], 
      [ 1, 1, 0, 1, 1, 1, 1, 0, 1, 1, 1 ], [ 1, 1, 0, 0, 1, 1, 1, 0, 0, 1, 1 ], [ 1, 1, 0, 0, 0, 1, 1, 0, 0, 0, 1 ], 
      [ 1, 1, 0, 1, 0, 1, 1, 0, 1, 0, 1 ], [ 1, 1, 1, 0, 1, 1, 1, 1, 0, 1, 1 ], [ 1, 1, 1, 0, 0, 1, 1, 1, 0, 0, 1 ], 
      [ 1, 1, 1, 1, 0, 1, 1, 1, 1, 0, 1 ], [ 1, 0, 1, 1, 1, 1, 1, 0, 0, 0, 0 ], [ 1, 0, 0, 1, 1, 1, 1, 1, 0, 0, 0 ], 
      [ 1, 0, 0, 0, 1, 1, 1, 1, 1, 0, 0 ], [ 1, 0, 0, 0, 0, 1, 1, 1, 1, 1, 0 ], [ 1, 0, 0, 1, 0, 1, 1, 1, 0, 1, 0 ], 
      [ 1, 0, 1, 0, 1, 1, 1, 0, 1, 0, 0 ], [ 1, 0, 1, 0, 0, 1, 1, 0, 1, 1, 0 ], [ 1, 0, 1, 1, 0, 1, 1, 0, 0, 1, 0 ], 
      [ 1, 1, 0, 1, 1, 1, 0, 1, 0, 0, 0 ], [ 1, 1, 0, 0, 1, 1, 0, 1, 1, 0, 0 ], [ 1, 1, 0, 0, 0, 1, 0, 1, 1, 1, 0 ], 
      [ 1, 1, 0, 1, 0, 1, 0, 1, 0, 1, 0 ], [ 1, 1, 1, 0, 1, 1, 0, 0, 1, 0, 0 ], [ 1, 1, 1, 0, 0, 1, 0, 0, 1, 1, 0 ], 
      [ 1, 1, 1, 1, 0, 1, 0, 0, 0, 1, 0 ], [ 1, 0, 0, 0, 0, 0, 1, 1, 1, 1, 1 ], [ 1, 1, 0, 0, 0, 0, 0, 1, 1, 1, 1 ], 
      [ 1, 1, 1, 0, 0, 0, 0, 0, 1, 1, 1 ], [ 1, 1, 1, 1, 0, 0, 0, 0, 0, 1, 1 ], [ 1, 1, 1, 1, 1, 0, 0, 0, 0, 0, 1 ], 
      [ 1, 1, 1, 0, 1, 0, 0, 0, 1, 0, 1 ], [ 1, 1, 0, 1, 0, 0, 0, 1, 0, 1, 1 ], [ 1, 1, 0, 1, 1, 0, 0, 1, 0, 0, 1 ], 
      [ 1, 1, 0, 0, 1, 0, 0, 1, 1, 0, 1 ], [ 1, 0, 1, 0, 0, 0, 1, 0, 1, 1, 1 ], [ 1, 0, 1, 1, 0, 0, 1, 0, 0, 1, 1 ], 
      [ 1, 0, 1, 1, 1, 0, 1, 0, 0, 0, 1 ], [ 1, 0, 1, 0, 1, 0, 1, 0, 1, 0, 1 ], [ 1, 0, 0, 1, 0, 0, 1, 1, 0, 1, 1 ], 
      [ 1, 0, 0, 1, 1, 0, 1, 1, 0, 0, 1 ], [ 1, 0, 0, 0, 1, 0, 1, 1, 1, 0, 1 ], [ 1, 1, 0, 0, 0, 0, 1, 0, 0, 0, 0 ], 
      [ 1, 1, 1, 0, 0, 0, 1, 1, 0, 0, 0 ], [ 1, 1, 1, 1, 0, 0, 1, 1, 1, 0, 0 ], [ 1, 1, 1, 1, 1, 0, 1, 1, 1, 1, 0 ], 
      [ 1, 1, 1, 0, 1, 0, 1, 1, 0, 1, 0 ], [ 1, 1, 0, 1, 0, 0, 1, 0, 1, 0, 0 ], [ 1, 1, 0, 1, 1, 0, 1, 0, 1, 1, 0 ], 
      [ 1, 1, 0, 0, 1, 0, 1, 0, 0, 1, 0 ], [ 1, 0, 1, 0, 0, 0, 0, 1, 0, 0, 0 ], [ 1, 0, 1, 1, 0, 0, 0, 1, 1, 0, 0 ], 
      [ 1, 0, 1, 1, 1, 0, 0, 1, 1, 1, 0 ], [ 1, 0, 1, 0, 1, 0, 0, 1, 0, 1, 0 ], [ 1, 0, 0, 1, 0, 0, 0, 0, 1, 0, 0 ], 
      [ 1, 0, 0, 1, 1, 0, 0, 0, 1, 1, 0 ], [ 1, 0, 0, 0, 1, 0, 0, 0, 0, 1, 0 ] ],
  GRP := Group( [ (19,27)(24,28)(25,29)(26,30)(35,43)(40,44)(41,45)(42,46), (20,24)(23,25)(27,31)(30,32)(36,40)
        (39,41)(43,47)(46,48), (19,27,31)(20,28,24)(22,49)(23,42,25,48,29,46)(26,41,32,45,30,39)(33,38)(35,43,47)
        (36,44,40), (21,23)(24,26)(28,30)(31,33)(37,39)(40,42)(44,46)(47,49), 
      ( 2,19,20,21,22,29,32,33)(23,28,25,30,31,26,27,24)(34,35,36,37,38,45,48,49)(39,44,41,46,47,42,43,40), 
      ( 7,64)( 8,63)(10,61)(11,60)(14,57)(15,56)(17,54)(18,53), ( 6, 8)( 9,11)(13,15)(16,18)(52,54)(55,57)(59,61)
        (62,64), ( 4,12)( 9,13)(10,14)(11,15)(50,58)(55,59)(56,60)(57,61), ( 5, 9)( 8,10)(12,16)(15,17)(51,55)(54,56)
        (58,62)(61,63), ( 1, 2)( 3,34)( 4,22)( 5,21)( 6,20)( 7,19)( 8,24)( 9,23)(10,26)(11,25)(12,49)(13,48)(14,45)
        (15,46)(16,47)(17,44)(18,43)(27,64)(28,63)(29,60)(30,61)(31,62)(32,59)(33,58)(35,53)(36,52)(37,51)(38,50)
        (39,55)(40,54)(41,57)(42,56) ] ),
  LOrb := 
   [ [ 1, 20, 21, 22, 23, 27, 28, 29, 30, 34, 35, 40, 41, 42, 47, 48, 49, 50, 51, 52, 53, 54, 55, 56, 57, 58, 59, 
          60, 61, 62, 63, 64 ] ],
  eRec := rec(
      GRA := rec(
          adjacencies := [ [ 3, 4, 5, 6, 7 ], [ 3, 4, 5, 6, 7 ], [ 1, 2 ], [ 1, 2 ], [ 1, 2 ], [ 1, 2 ], [ 1, 2 ] ],
          group := Group( [ () ] ),
          isGraph := true,
          order := 7,
          representatives := [ 1, 2, 3, 4, 5, 6, 7 ],
          schreierVector := [ -1, -2, -3, -4, -5, -6, -7 ] ),
      ListSet := [ [  ], [ 1 ], [ 1, 2 ], [ 1, 2, 3 ], [ 1, 2, 3, 4 ], [ 1, 2, 3, 4, 5 ], [ 1, 2, 3, 4, 5, 6 ], 
          [ 1, 2, 3, 4, 6 ], [ 1, 2, 3, 5 ], [ 1, 2, 3, 5, 6 ], [ 1, 2, 3, 6 ], [ 1, 2, 4 ], [ 1, 2, 4, 5 ], 
          [ 1, 2, 4, 5, 6 ], [ 1, 2, 4, 6 ], [ 1, 2, 5 ], [ 1, 2, 5, 6 ], [ 1, 2, 6 ], [ 1, 3 ], [ 1, 3, 4 ], 
          [ 1, 3, 4, 5 ], [ 1, 3, 4, 5, 6 ], [ 1, 3, 4, 6 ], [ 1, 3, 5 ], [ 1, 3, 5, 6 ], [ 1, 3, 6 ], [ 1, 4 ], 
          [ 1, 4, 5 ], [ 1, 4, 5, 6 ], [ 1, 4, 6 ], [ 1, 5 ], [ 1, 5, 6 ], [ 1, 6 ], [ 2 ], [ 2, 3 ], [ 2, 3, 4 ], 
          [ 2, 3, 4, 5 ], [ 2, 3, 4, 5, 6 ], [ 2, 3, 4, 6 ], [ 2, 3, 5 ], [ 2, 3, 5, 6 ], [ 2, 3, 6 ], [ 2, 4 ], 
          [ 2, 4, 5 ], [ 2, 4, 5, 6 ], [ 2, 4, 6 ], [ 2, 5 ], [ 2, 5, 6 ], [ 2, 6 ], [ 3 ], [ 3, 4 ], [ 3, 4, 5 ], 
          [ 3, 4, 5, 6 ], [ 3, 4, 6 ], [ 3, 5 ], [ 3, 5, 6 ], [ 3, 6 ], [ 4 ], [ 4, 5 ], [ 4, 5, 6 ], [ 4, 6 ], 
          [ 5 ], [ 5, 6 ], [ 6 ] ],
      ListVect := [ [ 1, 0, 0, 0, 0, 0, 0, 0, 0, 0, 0 ], [ 1, 1, 1, 1, 1, 1, 0, 0, 0, 0, 0 ], 
          [ 1, 1, 1, 1, 1, 1, 1, 1, 1, 1, 1 ], [ 1, 0, 1, 1, 1, 1, 0, 1, 1, 1, 1 ], 
          [ 1, 0, 0, 1, 1, 1, 0, 0, 1, 1, 1 ], [ 1, 0, 0, 0, 1, 1, 0, 0, 0, 1, 1 ], 
          [ 1, 0, 0, 0, 0, 1, 0, 0, 0, 0, 1 ], [ 1, 0, 0, 1, 0, 1, 0, 0, 1, 0, 1 ], 
          [ 1, 0, 1, 0, 1, 1, 0, 1, 0, 1, 1 ], [ 1, 0, 1, 0, 0, 1, 0, 1, 0, 0, 1 ], 
          [ 1, 0, 1, 1, 0, 1, 0, 1, 1, 0, 1 ], [ 1, 1, 0, 1, 1, 1, 1, 0, 1, 1, 1 ], 
          [ 1, 1, 0, 0, 1, 1, 1, 0, 0, 1, 1 ], [ 1, 1, 0, 0, 0, 1, 1, 0, 0, 0, 1 ], 
          [ 1, 1, 0, 1, 0, 1, 1, 0, 1, 0, 1 ], [ 1, 1, 1, 0, 1, 1, 1, 1, 0, 1, 1 ], 
          [ 1, 1, 1, 0, 0, 1, 1, 1, 0, 0, 1 ], [ 1, 1, 1, 1, 0, 1, 1, 1, 1, 0, 1 ], 
          [ 1, 0, 1, 1, 1, 1, 1, 0, 0, 0, 0 ], [ 1, 0, 0, 1, 1, 1, 1, 1, 0, 0, 0 ], 
          [ 1, 0, 0, 0, 1, 1, 1, 1, 1, 0, 0 ], [ 1, 0, 0, 0, 0, 1, 1, 1, 1, 1, 0 ], 
          [ 1, 0, 0, 1, 0, 1, 1, 1, 0, 1, 0 ], [ 1, 0, 1, 0, 1, 1, 1, 0, 1, 0, 0 ], 
          [ 1, 0, 1, 0, 0, 1, 1, 0, 1, 1, 0 ], [ 1, 0, 1, 1, 0, 1, 1, 0, 0, 1, 0 ], 
          [ 1, 1, 0, 1, 1, 1, 0, 1, 0, 0, 0 ], [ 1, 1, 0, 0, 1, 1, 0, 1, 1, 0, 0 ], 
          [ 1, 1, 0, 0, 0, 1, 0, 1, 1, 1, 0 ], [ 1, 1, 0, 1, 0, 1, 0, 1, 0, 1, 0 ], 
          [ 1, 1, 1, 0, 1, 1, 0, 0, 1, 0, 0 ], [ 1, 1, 1, 0, 0, 1, 0, 0, 1, 1, 0 ], 
          [ 1, 1, 1, 1, 0, 1, 0, 0, 0, 1, 0 ], [ 1, 0, 0, 0, 0, 0, 1, 1, 1, 1, 1 ], 
          [ 1, 1, 0, 0, 0, 0, 0, 1, 1, 1, 1 ], [ 1, 1, 1, 0, 0, 0, 0, 0, 1, 1, 1 ], 
          [ 1, 1, 1, 1, 0, 0, 0, 0, 0, 1, 1 ], [ 1, 1, 1, 1, 1, 0, 0, 0, 0, 0, 1 ], 
          [ 1, 1, 1, 0, 1, 0, 0, 0, 1, 0, 1 ], [ 1, 1, 0, 1, 0, 0, 0, 1, 0, 1, 1 ], 
          [ 1, 1, 0, 1, 1, 0, 0, 1, 0, 0, 1 ], [ 1, 1, 0, 0, 1, 0, 0, 1, 1, 0, 1 ], 
          [ 1, 0, 1, 0, 0, 0, 1, 0, 1, 1, 1 ], [ 1, 0, 1, 1, 0, 0, 1, 0, 0, 1, 1 ], 
          [ 1, 0, 1, 1, 1, 0, 1, 0, 0, 0, 1 ], [ 1, 0, 1, 0, 1, 0, 1, 0, 1, 0, 1 ], 
          [ 1, 0, 0, 1, 0, 0, 1, 1, 0, 1, 1 ], [ 1, 0, 0, 1, 1, 0, 1, 1, 0, 0, 1 ], 
          [ 1, 0, 0, 0, 1, 0, 1, 1, 1, 0, 1 ], [ 1, 1, 0, 0, 0, 0, 1, 0, 0, 0, 0 ], 
          [ 1, 1, 1, 0, 0, 0, 1, 1, 0, 0, 0 ], [ 1, 1, 1, 1, 0, 0, 1, 1, 1, 0, 0 ], 
          [ 1, 1, 1, 1, 1, 0, 1, 1, 1, 1, 0 ], [ 1, 1, 1, 0, 1, 0, 1, 1, 0, 1, 0 ], 
          [ 1, 1, 0, 1, 0, 0, 1, 0, 1, 0, 0 ], [ 1, 1, 0, 1, 1, 0, 1, 0, 1, 1, 0 ], 
          [ 1, 1, 0, 0, 1, 0, 1, 0, 0, 1, 0 ], [ 1, 0, 1, 0, 0, 0, 0, 1, 0, 0, 0 ], 
          [ 1, 0, 1, 1, 0, 0, 0, 1, 1, 0, 0 ], [ 1, 0, 1, 1, 1, 0, 0, 1, 1, 1, 0 ], 
          [ 1, 0, 1, 0, 1, 0, 0, 1, 0, 1, 0 ], [ 1, 0, 0, 1, 0, 0, 0, 0, 1, 0, 0 ], 
          [ 1, 0, 0, 1, 1, 0, 0, 0, 1, 1, 0 ], [ 1, 0, 0, 0, 1, 0, 0, 0, 0, 1, 0 ] ] ) );
