return rec(
  EXT := [ [ 1, 0, 0, 0, 0, 0, 0, 0, 0 ], [ 1, 1, 1, 1, 1, 0, 0, 0, 0 ], [ 1, 1, 1, 1, 1, 1, 1, 1, 1 ], 
      [ 1, 0, 1, 1, 1, 0, 1, 1, 1 ], [ 1, 0, 0, 1, 1, 0, 0, 1, 1 ], [ 1, 0, 0, 0, 1, 0, 0, 0, 1 ], 
      [ 1, 0, 1, 0, 1, 0, 1, 0, 1 ], [ 1, 1, 0, 1, 1, 1, 0, 1, 1 ], [ 1, 1, 0, 0, 1, 1, 0, 0, 1 ], 
      [ 1, 1, 1, 0, 1, 1, 1, 0, 1 ], [ 1, 0, 1, 1, 1, 1, 0, 0, 0 ], [ 1, 0, 0, 1, 1, 1, 1, 0, 0 ], 
      [ 1, 0, 0, 0, 1, 1, 1, 1, 0 ], [ 1, 0, 1, 0, 1, 1, 0, 1, 0 ], [ 1, 1, 0, 1, 1, 0, 1, 0, 0 ], 
      [ 1, 1, 0, 0, 1, 0, 1, 1, 0 ], [ 1, 1, 1, 0, 1, 0, 0, 1, 0 ], [ 1, 0, 0, 0, 0, 1, 1, 1, 1 ], 
      [ 1, 1, 0, 0, 0, 0, 1, 1, 1 ], [ 1, 1, 1, 0, 0, 0, 0, 1, 1 ], [ 1, 1, 1, 1, 0, 0, 0, 0, 1 ], 
      [ 1, 1, 0, 1, 0, 0, 1, 0, 1 ], [ 1, 0, 1, 0, 0, 1, 0, 1, 1 ], [ 1, 0, 1, 1, 0, 1, 0, 0, 1 ], 
      [ 1, 0, 0, 1, 0, 1, 1, 0, 1 ], [ 1, 1, 0, 0, 0, 1, 0, 0, 0 ], [ 1, 1, 1, 0, 0, 1, 1, 0, 0 ], 
      [ 1, 1, 1, 1, 0, 1, 1, 1, 0 ], [ 1, 1, 0, 1, 0, 1, 0, 1, 0 ], [ 1, 0, 1, 0, 0, 0, 1, 0, 0 ], 
      [ 1, 0, 1, 1, 0, 0, 1, 1, 0 ], [ 1, 0, 0, 1, 0, 0, 0, 1, 0 ] ],
  GRP := Group( [ (11,15)(14,16)(19,23)(22,24), (11,15)(13,25)(14,22)(16,24)(17,21)(19,23), 
      (12,14)(15,17)(20,22)(23,25), ( 2,11,12,13,16,17)(14,15)(18,19,20,21,24,25)(22,23), 
      ( 4, 8)( 7, 9)(26,30)(29,31), ( 4, 8)( 6,32)( 7,29)( 9,31)(10,28)(26,30), ( 5, 7)( 8,10)(27,29)(30,32), 
      ( 1, 2)( 3,18)( 4,13)( 5,12)( 6,11)( 7,14)( 8,25)( 9,24)(10,23)(15,32)(16,31)(17,30)(19,28)(20,27)(21,26)
        (22,29) ] ),
  LOrb := [ [ 2, 3, 8, 9, 10, 11, 12, 13, 14, 15, 16, 17, 26, 27, 28, 29 ] ],
  eRec := rec(
      GRA := rec(
          adjacencies := [ [ 3, 4, 5, 6 ], [ 3, 4, 5, 6 ], [ 1, 2 ], [ 1, 2 ], [ 1, 2 ], [ 1, 2 ] ],
          group := Group( [ () ] ),
          isGraph := true,
          order := 6,
          representatives := [ 1, 2, 3, 4, 5, 6 ],
          schreierVector := [ -1, -2, -3, -4, -5, -6 ] ),
      ListSet := [ [  ], [ 1 ], [ 1, 2 ], [ 1, 2, 3 ], [ 1, 2, 3, 4 ], [ 1, 2, 3, 4, 5 ], [ 1, 2, 3, 5 ], 
          [ 1, 2, 4 ], [ 1, 2, 4, 5 ], [ 1, 2, 5 ], [ 1, 3 ], [ 1, 3, 4 ], [ 1, 3, 4, 5 ], [ 1, 3, 5 ], [ 1, 4 ], 
          [ 1, 4, 5 ], [ 1, 5 ], [ 2 ], [ 2, 3 ], [ 2, 3, 4 ], [ 2, 3, 4, 5 ], [ 2, 3, 5 ], [ 2, 4 ], [ 2, 4, 5 ], 
          [ 2, 5 ], [ 3 ], [ 3, 4 ], [ 3, 4, 5 ], [ 3, 5 ], [ 4 ], [ 4, 5 ], [ 5 ] ],
      ListVect := [ [ 1, 0, 0, 0, 0, 0, 0, 0, 0 ], [ 1, 1, 1, 1, 1, 0, 0, 0, 0 ], [ 1, 1, 1, 1, 1, 1, 1, 1, 1 ], 
          [ 1, 0, 1, 1, 1, 0, 1, 1, 1 ], [ 1, 0, 0, 1, 1, 0, 0, 1, 1 ], [ 1, 0, 0, 0, 1, 0, 0, 0, 1 ], 
          [ 1, 0, 1, 0, 1, 0, 1, 0, 1 ], [ 1, 1, 0, 1, 1, 1, 0, 1, 1 ], [ 1, 1, 0, 0, 1, 1, 0, 0, 1 ], 
          [ 1, 1, 1, 0, 1, 1, 1, 0, 1 ], [ 1, 0, 1, 1, 1, 1, 0, 0, 0 ], [ 1, 0, 0, 1, 1, 1, 1, 0, 0 ], 
          [ 1, 0, 0, 0, 1, 1, 1, 1, 0 ], [ 1, 0, 1, 0, 1, 1, 0, 1, 0 ], [ 1, 1, 0, 1, 1, 0, 1, 0, 0 ], 
          [ 1, 1, 0, 0, 1, 0, 1, 1, 0 ], [ 1, 1, 1, 0, 1, 0, 0, 1, 0 ], [ 1, 0, 0, 0, 0, 1, 1, 1, 1 ], 
          [ 1, 1, 0, 0, 0, 0, 1, 1, 1 ], [ 1, 1, 1, 0, 0, 0, 0, 1, 1 ], [ 1, 1, 1, 1, 0, 0, 0, 0, 1 ], 
          [ 1, 1, 0, 1, 0, 0, 1, 0, 1 ], [ 1, 0, 1, 0, 0, 1, 0, 1, 1 ], [ 1, 0, 1, 1, 0, 1, 0, 0, 1 ], 
          [ 1, 0, 0, 1, 0, 1, 1, 0, 1 ], [ 1, 1, 0, 0, 0, 1, 0, 0, 0 ], [ 1, 1, 1, 0, 0, 1, 1, 0, 0 ], 
          [ 1, 1, 1, 1, 0, 1, 1, 1, 0 ], [ 1, 1, 0, 1, 0, 1, 0, 1, 0 ], [ 1, 0, 1, 0, 0, 0, 1, 0, 0 ], 
          [ 1, 0, 1, 1, 0, 0, 1, 1, 0 ], [ 1, 0, 0, 1, 0, 0, 0, 1, 0 ] ] ) );
