return rec(
  EXT := [ [ 1, 0, 0, 0, 0, 0, 0, 0, 0, 0, 0, 0, 0, 0, 0, 0, 0 ], 
      [ 1, 1, 1, 1, 1, 1, 1, 1, 1, 0, 0, 0, 0, 0, 0, 0, 0 ], [ 1, 1, 1, 1, 1, 1, 1, 1, 1, 1, 1, 1, 1, 1, 1, 1, 1 ], 
      [ 1, 0, 1, 1, 1, 1, 1, 1, 1, 0, 1, 1, 1, 1, 1, 1, 1 ], [ 1, 0, 0, 1, 1, 1, 1, 1, 1, 0, 0, 1, 1, 1, 1, 1, 1 ], 
      [ 1, 0, 0, 0, 1, 1, 1, 1, 1, 0, 0, 0, 1, 1, 1, 1, 1 ], [ 1, 0, 0, 0, 0, 1, 1, 1, 1, 0, 0, 0, 0, 1, 1, 1, 1 ], 
      [ 1, 0, 0, 0, 0, 0, 1, 1, 1, 0, 0, 0, 0, 0, 1, 1, 1 ], [ 1, 0, 0, 0, 0, 0, 0, 1, 1, 0, 0, 0, 0, 0, 0, 1, 1 ], 
      [ 1, 0, 0, 0, 0, 0, 0, 0, 1, 0, 0, 0, 0, 0, 0, 0, 1 ], [ 1, 0, 0, 0, 0, 0, 1, 0, 1, 0, 0, 0, 0, 0, 1, 0, 1 ], 
      [ 1, 0, 0, 0, 0, 1, 0, 1, 1, 0, 0, 0, 0, 1, 0, 1, 1 ], [ 1, 0, 0, 0, 0, 1, 0, 0, 1, 0, 0, 0, 0, 1, 0, 0, 1 ], 
      [ 1, 0, 0, 0, 0, 1, 1, 0, 1, 0, 0, 0, 0, 1, 1, 0, 1 ], [ 1, 0, 0, 0, 1, 0, 1, 1, 1, 0, 0, 0, 1, 0, 1, 1, 1 ], 
      [ 1, 0, 0, 0, 1, 0, 0, 1, 1, 0, 0, 0, 1, 0, 0, 1, 1 ], [ 1, 0, 0, 0, 1, 0, 0, 0, 1, 0, 0, 0, 1, 0, 0, 0, 1 ], 
      [ 1, 0, 0, 0, 1, 0, 1, 0, 1, 0, 0, 0, 1, 0, 1, 0, 1 ], [ 1, 0, 0, 0, 1, 1, 0, 1, 1, 0, 0, 0, 1, 1, 0, 1, 1 ], 
      [ 1, 0, 0, 0, 1, 1, 0, 0, 1, 0, 0, 0, 1, 1, 0, 0, 1 ], [ 1, 0, 0, 0, 1, 1, 1, 0, 1, 0, 0, 0, 1, 1, 1, 0, 1 ], 
      [ 1, 0, 0, 1, 0, 1, 1, 1, 1, 0, 0, 1, 0, 1, 1, 1, 1 ], [ 1, 0, 0, 1, 0, 0, 1, 1, 1, 0, 0, 1, 0, 0, 1, 1, 1 ], 
      [ 1, 0, 0, 1, 0, 0, 0, 1, 1, 0, 0, 1, 0, 0, 0, 1, 1 ], [ 1, 0, 0, 1, 0, 0, 0, 0, 1, 0, 0, 1, 0, 0, 0, 0, 1 ], 
      [ 1, 0, 0, 1, 0, 0, 1, 0, 1, 0, 0, 1, 0, 0, 1, 0, 1 ], [ 1, 0, 0, 1, 0, 1, 0, 1, 1, 0, 0, 1, 0, 1, 0, 1, 1 ], 
      [ 1, 0, 0, 1, 0, 1, 0, 0, 1, 0, 0, 1, 0, 1, 0, 0, 1 ], [ 1, 0, 0, 1, 0, 1, 1, 0, 1, 0, 0, 1, 0, 1, 1, 0, 1 ], 
      [ 1, 0, 0, 1, 1, 0, 1, 1, 1, 0, 0, 1, 1, 0, 1, 1, 1 ], [ 1, 0, 0, 1, 1, 0, 0, 1, 1, 0, 0, 1, 1, 0, 0, 1, 1 ], 
      [ 1, 0, 0, 1, 1, 0, 0, 0, 1, 0, 0, 1, 1, 0, 0, 0, 1 ], [ 1, 0, 0, 1, 1, 0, 1, 0, 1, 0, 0, 1, 1, 0, 1, 0, 1 ], 
      [ 1, 0, 0, 1, 1, 1, 0, 1, 1, 0, 0, 1, 1, 1, 0, 1, 1 ], [ 1, 0, 0, 1, 1, 1, 0, 0, 1, 0, 0, 1, 1, 1, 0, 0, 1 ], 
      [ 1, 0, 0, 1, 1, 1, 1, 0, 1, 0, 0, 1, 1, 1, 1, 0, 1 ], [ 1, 0, 1, 0, 1, 1, 1, 1, 1, 0, 1, 0, 1, 1, 1, 1, 1 ], 
      [ 1, 0, 1, 0, 0, 1, 1, 1, 1, 0, 1, 0, 0, 1, 1, 1, 1 ], [ 1, 0, 1, 0, 0, 0, 1, 1, 1, 0, 1, 0, 0, 0, 1, 1, 1 ], 
      [ 1, 0, 1, 0, 0, 0, 0, 1, 1, 0, 1, 0, 0, 0, 0, 1, 1 ], [ 1, 0, 1, 0, 0, 0, 0, 0, 1, 0, 1, 0, 0, 0, 0, 0, 1 ], 
      [ 1, 0, 1, 0, 0, 0, 1, 0, 1, 0, 1, 0, 0, 0, 1, 0, 1 ], [ 1, 0, 1, 0, 0, 1, 0, 1, 1, 0, 1, 0, 0, 1, 0, 1, 1 ], 
      [ 1, 0, 1, 0, 0, 1, 0, 0, 1, 0, 1, 0, 0, 1, 0, 0, 1 ], [ 1, 0, 1, 0, 0, 1, 1, 0, 1, 0, 1, 0, 0, 1, 1, 0, 1 ], 
      [ 1, 0, 1, 0, 1, 0, 1, 1, 1, 0, 1, 0, 1, 0, 1, 1, 1 ], [ 1, 0, 1, 0, 1, 0, 0, 1, 1, 0, 1, 0, 1, 0, 0, 1, 1 ], 
      [ 1, 0, 1, 0, 1, 0, 0, 0, 1, 0, 1, 0, 1, 0, 0, 0, 1 ], [ 1, 0, 1, 0, 1, 0, 1, 0, 1, 0, 1, 0, 1, 0, 1, 0, 1 ], 
      [ 1, 0, 1, 0, 1, 1, 0, 1, 1, 0, 1, 0, 1, 1, 0, 1, 1 ], [ 1, 0, 1, 0, 1, 1, 0, 0, 1, 0, 1, 0, 1, 1, 0, 0, 1 ], 
      [ 1, 0, 1, 0, 1, 1, 1, 0, 1, 0, 1, 0, 1, 1, 1, 0, 1 ], [ 1, 0, 1, 1, 0, 1, 1, 1, 1, 0, 1, 1, 0, 1, 1, 1, 1 ], 
      [ 1, 0, 1, 1, 0, 0, 1, 1, 1, 0, 1, 1, 0, 0, 1, 1, 1 ], [ 1, 0, 1, 1, 0, 0, 0, 1, 1, 0, 1, 1, 0, 0, 0, 1, 1 ], 
      [ 1, 0, 1, 1, 0, 0, 0, 0, 1, 0, 1, 1, 0, 0, 0, 0, 1 ], [ 1, 0, 1, 1, 0, 0, 1, 0, 1, 0, 1, 1, 0, 0, 1, 0, 1 ], 
      [ 1, 0, 1, 1, 0, 1, 0, 1, 1, 0, 1, 1, 0, 1, 0, 1, 1 ], [ 1, 0, 1, 1, 0, 1, 0, 0, 1, 0, 1, 1, 0, 1, 0, 0, 1 ], 
      [ 1, 0, 1, 1, 0, 1, 1, 0, 1, 0, 1, 1, 0, 1, 1, 0, 1 ], [ 1, 0, 1, 1, 1, 0, 1, 1, 1, 0, 1, 1, 1, 0, 1, 1, 1 ], 
      [ 1, 0, 1, 1, 1, 0, 0, 1, 1, 0, 1, 1, 1, 0, 0, 1, 1 ], [ 1, 0, 1, 1, 1, 0, 0, 0, 1, 0, 1, 1, 1, 0, 0, 0, 1 ], 
      [ 1, 0, 1, 1, 1, 0, 1, 0, 1, 0, 1, 1, 1, 0, 1, 0, 1 ], [ 1, 0, 1, 1, 1, 1, 0, 1, 1, 0, 1, 1, 1, 1, 0, 1, 1 ], 
      [ 1, 0, 1, 1, 1, 1, 0, 0, 1, 0, 1, 1, 1, 1, 0, 0, 1 ], [ 1, 0, 1, 1, 1, 1, 1, 0, 1, 0, 1, 1, 1, 1, 1, 0, 1 ], 
      [ 1, 1, 0, 1, 1, 1, 1, 1, 1, 1, 0, 1, 1, 1, 1, 1, 1 ], [ 1, 1, 0, 0, 1, 1, 1, 1, 1, 1, 0, 0, 1, 1, 1, 1, 1 ], 
      [ 1, 1, 0, 0, 0, 1, 1, 1, 1, 1, 0, 0, 0, 1, 1, 1, 1 ], [ 1, 1, 0, 0, 0, 0, 1, 1, 1, 1, 0, 0, 0, 0, 1, 1, 1 ], 
      [ 1, 1, 0, 0, 0, 0, 0, 1, 1, 1, 0, 0, 0, 0, 0, 1, 1 ], [ 1, 1, 0, 0, 0, 0, 0, 0, 1, 1, 0, 0, 0, 0, 0, 0, 1 ], 
      [ 1, 1, 0, 0, 0, 0, 1, 0, 1, 1, 0, 0, 0, 0, 1, 0, 1 ], [ 1, 1, 0, 0, 0, 1, 0, 1, 1, 1, 0, 0, 0, 1, 0, 1, 1 ], 
      [ 1, 1, 0, 0, 0, 1, 0, 0, 1, 1, 0, 0, 0, 1, 0, 0, 1 ], [ 1, 1, 0, 0, 0, 1, 1, 0, 1, 1, 0, 0, 0, 1, 1, 0, 1 ], 
      [ 1, 1, 0, 0, 1, 0, 1, 1, 1, 1, 0, 0, 1, 0, 1, 1, 1 ], [ 1, 1, 0, 0, 1, 0, 0, 1, 1, 1, 0, 0, 1, 0, 0, 1, 1 ], 
      [ 1, 1, 0, 0, 1, 0, 0, 0, 1, 1, 0, 0, 1, 0, 0, 0, 1 ], [ 1, 1, 0, 0, 1, 0, 1, 0, 1, 1, 0, 0, 1, 0, 1, 0, 1 ], 
      [ 1, 1, 0, 0, 1, 1, 0, 1, 1, 1, 0, 0, 1, 1, 0, 1, 1 ], [ 1, 1, 0, 0, 1, 1, 0, 0, 1, 1, 0, 0, 1, 1, 0, 0, 1 ], 
      [ 1, 1, 0, 0, 1, 1, 1, 0, 1, 1, 0, 0, 1, 1, 1, 0, 1 ], [ 1, 1, 0, 1, 0, 1, 1, 1, 1, 1, 0, 1, 0, 1, 1, 1, 1 ], 
      [ 1, 1, 0, 1, 0, 0, 1, 1, 1, 1, 0, 1, 0, 0, 1, 1, 1 ], [ 1, 1, 0, 1, 0, 0, 0, 1, 1, 1, 0, 1, 0, 0, 0, 1, 1 ], 
      [ 1, 1, 0, 1, 0, 0, 0, 0, 1, 1, 0, 1, 0, 0, 0, 0, 1 ], [ 1, 1, 0, 1, 0, 0, 1, 0, 1, 1, 0, 1, 0, 0, 1, 0, 1 ], 
      [ 1, 1, 0, 1, 0, 1, 0, 1, 1, 1, 0, 1, 0, 1, 0, 1, 1 ], [ 1, 1, 0, 1, 0, 1, 0, 0, 1, 1, 0, 1, 0, 1, 0, 0, 1 ], 
      [ 1, 1, 0, 1, 0, 1, 1, 0, 1, 1, 0, 1, 0, 1, 1, 0, 1 ], [ 1, 1, 0, 1, 1, 0, 1, 1, 1, 1, 0, 1, 1, 0, 1, 1, 1 ], 
      [ 1, 1, 0, 1, 1, 0, 0, 1, 1, 1, 0, 1, 1, 0, 0, 1, 1 ], [ 1, 1, 0, 1, 1, 0, 0, 0, 1, 1, 0, 1, 1, 0, 0, 0, 1 ], 
      [ 1, 1, 0, 1, 1, 0, 1, 0, 1, 1, 0, 1, 1, 0, 1, 0, 1 ], [ 1, 1, 0, 1, 1, 1, 0, 1, 1, 1, 0, 1, 1, 1, 0, 1, 1 ], 
      [ 1, 1, 0, 1, 1, 1, 0, 0, 1, 1, 0, 1, 1, 1, 0, 0, 1 ], [ 1, 1, 0, 1, 1, 1, 1, 0, 1, 1, 0, 1, 1, 1, 1, 0, 1 ], 
      [ 1, 1, 1, 0, 1, 1, 1, 1, 1, 1, 1, 0, 1, 1, 1, 1, 1 ], [ 1, 1, 1, 0, 0, 1, 1, 1, 1, 1, 1, 0, 0, 1, 1, 1, 1 ], 
      [ 1, 1, 1, 0, 0, 0, 1, 1, 1, 1, 1, 0, 0, 0, 1, 1, 1 ], [ 1, 1, 1, 0, 0, 0, 0, 1, 1, 1, 1, 0, 0, 0, 0, 1, 1 ], 
      [ 1, 1, 1, 0, 0, 0, 0, 0, 1, 1, 1, 0, 0, 0, 0, 0, 1 ], [ 1, 1, 1, 0, 0, 0, 1, 0, 1, 1, 1, 0, 0, 0, 1, 0, 1 ], 
      [ 1, 1, 1, 0, 0, 1, 0, 1, 1, 1, 1, 0, 0, 1, 0, 1, 1 ], [ 1, 1, 1, 0, 0, 1, 0, 0, 1, 1, 1, 0, 0, 1, 0, 0, 1 ], 
      [ 1, 1, 1, 0, 0, 1, 1, 0, 1, 1, 1, 0, 0, 1, 1, 0, 1 ], [ 1, 1, 1, 0, 1, 0, 1, 1, 1, 1, 1, 0, 1, 0, 1, 1, 1 ], 
      [ 1, 1, 1, 0, 1, 0, 0, 1, 1, 1, 1, 0, 1, 0, 0, 1, 1 ], [ 1, 1, 1, 0, 1, 0, 0, 0, 1, 1, 1, 0, 1, 0, 0, 0, 1 ], 
      [ 1, 1, 1, 0, 1, 0, 1, 0, 1, 1, 1, 0, 1, 0, 1, 0, 1 ], [ 1, 1, 1, 0, 1, 1, 0, 1, 1, 1, 1, 0, 1, 1, 0, 1, 1 ], 
      [ 1, 1, 1, 0, 1, 1, 0, 0, 1, 1, 1, 0, 1, 1, 0, 0, 1 ], [ 1, 1, 1, 0, 1, 1, 1, 0, 1, 1, 1, 0, 1, 1, 1, 0, 1 ], 
      [ 1, 1, 1, 1, 0, 1, 1, 1, 1, 1, 1, 1, 0, 1, 1, 1, 1 ], [ 1, 1, 1, 1, 0, 0, 1, 1, 1, 1, 1, 1, 0, 0, 1, 1, 1 ], 
      [ 1, 1, 1, 1, 0, 0, 0, 1, 1, 1, 1, 1, 0, 0, 0, 1, 1 ], [ 1, 1, 1, 1, 0, 0, 0, 0, 1, 1, 1, 1, 0, 0, 0, 0, 1 ], 
      [ 1, 1, 1, 1, 0, 0, 1, 0, 1, 1, 1, 1, 0, 0, 1, 0, 1 ], [ 1, 1, 1, 1, 0, 1, 0, 1, 1, 1, 1, 1, 0, 1, 0, 1, 1 ], 
      [ 1, 1, 1, 1, 0, 1, 0, 0, 1, 1, 1, 1, 0, 1, 0, 0, 1 ], [ 1, 1, 1, 1, 0, 1, 1, 0, 1, 1, 1, 1, 0, 1, 1, 0, 1 ], 
      [ 1, 1, 1, 1, 1, 0, 1, 1, 1, 1, 1, 1, 1, 0, 1, 1, 1 ], [ 1, 1, 1, 1, 1, 0, 0, 1, 1, 1, 1, 1, 1, 0, 0, 1, 1 ], 
      [ 1, 1, 1, 1, 1, 0, 0, 0, 1, 1, 1, 1, 1, 0, 0, 0, 1 ], [ 1, 1, 1, 1, 1, 0, 1, 0, 1, 1, 1, 1, 1, 0, 1, 0, 1 ], 
      [ 1, 1, 1, 1, 1, 1, 0, 1, 1, 1, 1, 1, 1, 1, 0, 1, 1 ], [ 1, 1, 1, 1, 1, 1, 0, 0, 1, 1, 1, 1, 1, 1, 0, 0, 1 ], 
      [ 1, 1, 1, 1, 1, 1, 1, 0, 1, 1, 1, 1, 1, 1, 1, 0, 1 ], [ 1, 0, 1, 1, 1, 1, 1, 1, 1, 1, 0, 0, 0, 0, 0, 0, 0 ], 
      [ 1, 0, 0, 1, 1, 1, 1, 1, 1, 1, 1, 0, 0, 0, 0, 0, 0 ], [ 1, 0, 0, 0, 1, 1, 1, 1, 1, 1, 1, 1, 0, 0, 0, 0, 0 ], 
      [ 1, 0, 0, 0, 0, 1, 1, 1, 1, 1, 1, 1, 1, 0, 0, 0, 0 ], [ 1, 0, 0, 0, 0, 0, 1, 1, 1, 1, 1, 1, 1, 1, 0, 0, 0 ], 
      [ 1, 0, 0, 0, 0, 0, 0, 1, 1, 1, 1, 1, 1, 1, 1, 0, 0 ], [ 1, 0, 0, 0, 0, 0, 0, 0, 1, 1, 1, 1, 1, 1, 1, 1, 0 ], 
      [ 1, 0, 0, 0, 0, 0, 1, 0, 1, 1, 1, 1, 1, 1, 0, 1, 0 ], [ 1, 0, 0, 0, 0, 1, 0, 1, 1, 1, 1, 1, 1, 0, 1, 0, 0 ], 
      [ 1, 0, 0, 0, 0, 1, 0, 0, 1, 1, 1, 1, 1, 0, 1, 1, 0 ], [ 1, 0, 0, 0, 0, 1, 1, 0, 1, 1, 1, 1, 1, 0, 0, 1, 0 ], 
      [ 1, 0, 0, 0, 1, 0, 1, 1, 1, 1, 1, 1, 0, 1, 0, 0, 0 ], [ 1, 0, 0, 0, 1, 0, 0, 1, 1, 1, 1, 1, 0, 1, 1, 0, 0 ], 
      [ 1, 0, 0, 0, 1, 0, 0, 0, 1, 1, 1, 1, 0, 1, 1, 1, 0 ], [ 1, 0, 0, 0, 1, 0, 1, 0, 1, 1, 1, 1, 0, 1, 0, 1, 0 ], 
      [ 1, 0, 0, 0, 1, 1, 0, 1, 1, 1, 1, 1, 0, 0, 1, 0, 0 ], [ 1, 0, 0, 0, 1, 1, 0, 0, 1, 1, 1, 1, 0, 0, 1, 1, 0 ], 
      [ 1, 0, 0, 0, 1, 1, 1, 0, 1, 1, 1, 1, 0, 0, 0, 1, 0 ], [ 1, 0, 0, 1, 0, 1, 1, 1, 1, 1, 1, 0, 1, 0, 0, 0, 0 ], 
      [ 1, 0, 0, 1, 0, 0, 1, 1, 1, 1, 1, 0, 1, 1, 0, 0, 0 ], [ 1, 0, 0, 1, 0, 0, 0, 1, 1, 1, 1, 0, 1, 1, 1, 0, 0 ], 
      [ 1, 0, 0, 1, 0, 0, 0, 0, 1, 1, 1, 0, 1, 1, 1, 1, 0 ], [ 1, 0, 0, 1, 0, 0, 1, 0, 1, 1, 1, 0, 1, 1, 0, 1, 0 ], 
      [ 1, 0, 0, 1, 0, 1, 0, 1, 1, 1, 1, 0, 1, 0, 1, 0, 0 ], [ 1, 0, 0, 1, 0, 1, 0, 0, 1, 1, 1, 0, 1, 0, 1, 1, 0 ], 
      [ 1, 0, 0, 1, 0, 1, 1, 0, 1, 1, 1, 0, 1, 0, 0, 1, 0 ], [ 1, 0, 0, 1, 1, 0, 1, 1, 1, 1, 1, 0, 0, 1, 0, 0, 0 ], 
      [ 1, 0, 0, 1, 1, 0, 0, 1, 1, 1, 1, 0, 0, 1, 1, 0, 0 ], [ 1, 0, 0, 1, 1, 0, 0, 0, 1, 1, 1, 0, 0, 1, 1, 1, 0 ], 
      [ 1, 0, 0, 1, 1, 0, 1, 0, 1, 1, 1, 0, 0, 1, 0, 1, 0 ], [ 1, 0, 0, 1, 1, 1, 0, 1, 1, 1, 1, 0, 0, 0, 1, 0, 0 ], 
      [ 1, 0, 0, 1, 1, 1, 0, 0, 1, 1, 1, 0, 0, 0, 1, 1, 0 ], [ 1, 0, 0, 1, 1, 1, 1, 0, 1, 1, 1, 0, 0, 0, 0, 1, 0 ], 
      [ 1, 0, 1, 0, 1, 1, 1, 1, 1, 1, 0, 1, 0, 0, 0, 0, 0 ], [ 1, 0, 1, 0, 0, 1, 1, 1, 1, 1, 0, 1, 1, 0, 0, 0, 0 ], 
      [ 1, 0, 1, 0, 0, 0, 1, 1, 1, 1, 0, 1, 1, 1, 0, 0, 0 ], [ 1, 0, 1, 0, 0, 0, 0, 1, 1, 1, 0, 1, 1, 1, 1, 0, 0 ], 
      [ 1, 0, 1, 0, 0, 0, 0, 0, 1, 1, 0, 1, 1, 1, 1, 1, 0 ], [ 1, 0, 1, 0, 0, 0, 1, 0, 1, 1, 0, 1, 1, 1, 0, 1, 0 ], 
      [ 1, 0, 1, 0, 0, 1, 0, 1, 1, 1, 0, 1, 1, 0, 1, 0, 0 ], [ 1, 0, 1, 0, 0, 1, 0, 0, 1, 1, 0, 1, 1, 0, 1, 1, 0 ], 
      [ 1, 0, 1, 0, 0, 1, 1, 0, 1, 1, 0, 1, 1, 0, 0, 1, 0 ], [ 1, 0, 1, 0, 1, 0, 1, 1, 1, 1, 0, 1, 0, 1, 0, 0, 0 ], 
      [ 1, 0, 1, 0, 1, 0, 0, 1, 1, 1, 0, 1, 0, 1, 1, 0, 0 ], [ 1, 0, 1, 0, 1, 0, 0, 0, 1, 1, 0, 1, 0, 1, 1, 1, 0 ], 
      [ 1, 0, 1, 0, 1, 0, 1, 0, 1, 1, 0, 1, 0, 1, 0, 1, 0 ], [ 1, 0, 1, 0, 1, 1, 0, 1, 1, 1, 0, 1, 0, 0, 1, 0, 0 ], 
      [ 1, 0, 1, 0, 1, 1, 0, 0, 1, 1, 0, 1, 0, 0, 1, 1, 0 ], [ 1, 0, 1, 0, 1, 1, 1, 0, 1, 1, 0, 1, 0, 0, 0, 1, 0 ], 
      [ 1, 0, 1, 1, 0, 1, 1, 1, 1, 1, 0, 0, 1, 0, 0, 0, 0 ], [ 1, 0, 1, 1, 0, 0, 1, 1, 1, 1, 0, 0, 1, 1, 0, 0, 0 ], 
      [ 1, 0, 1, 1, 0, 0, 0, 1, 1, 1, 0, 0, 1, 1, 1, 0, 0 ], [ 1, 0, 1, 1, 0, 0, 0, 0, 1, 1, 0, 0, 1, 1, 1, 1, 0 ], 
      [ 1, 0, 1, 1, 0, 0, 1, 0, 1, 1, 0, 0, 1, 1, 0, 1, 0 ], [ 1, 0, 1, 1, 0, 1, 0, 1, 1, 1, 0, 0, 1, 0, 1, 0, 0 ], 
      [ 1, 0, 1, 1, 0, 1, 0, 0, 1, 1, 0, 0, 1, 0, 1, 1, 0 ], [ 1, 0, 1, 1, 0, 1, 1, 0, 1, 1, 0, 0, 1, 0, 0, 1, 0 ], 
      [ 1, 0, 1, 1, 1, 0, 1, 1, 1, 1, 0, 0, 0, 1, 0, 0, 0 ], [ 1, 0, 1, 1, 1, 0, 0, 1, 1, 1, 0, 0, 0, 1, 1, 0, 0 ], 
      [ 1, 0, 1, 1, 1, 0, 0, 0, 1, 1, 0, 0, 0, 1, 1, 1, 0 ], [ 1, 0, 1, 1, 1, 0, 1, 0, 1, 1, 0, 0, 0, 1, 0, 1, 0 ], 
      [ 1, 0, 1, 1, 1, 1, 0, 1, 1, 1, 0, 0, 0, 0, 1, 0, 0 ], [ 1, 0, 1, 1, 1, 1, 0, 0, 1, 1, 0, 0, 0, 0, 1, 1, 0 ], 
      [ 1, 0, 1, 1, 1, 1, 1, 0, 1, 1, 0, 0, 0, 0, 0, 1, 0 ], [ 1, 1, 0, 1, 1, 1, 1, 1, 1, 0, 1, 0, 0, 0, 0, 0, 0 ], 
      [ 1, 1, 0, 0, 1, 1, 1, 1, 1, 0, 1, 1, 0, 0, 0, 0, 0 ], [ 1, 1, 0, 0, 0, 1, 1, 1, 1, 0, 1, 1, 1, 0, 0, 0, 0 ], 
      [ 1, 1, 0, 0, 0, 0, 1, 1, 1, 0, 1, 1, 1, 1, 0, 0, 0 ], [ 1, 1, 0, 0, 0, 0, 0, 1, 1, 0, 1, 1, 1, 1, 1, 0, 0 ], 
      [ 1, 1, 0, 0, 0, 0, 0, 0, 1, 0, 1, 1, 1, 1, 1, 1, 0 ], [ 1, 1, 0, 0, 0, 0, 1, 0, 1, 0, 1, 1, 1, 1, 0, 1, 0 ], 
      [ 1, 1, 0, 0, 0, 1, 0, 1, 1, 0, 1, 1, 1, 0, 1, 0, 0 ], [ 1, 1, 0, 0, 0, 1, 0, 0, 1, 0, 1, 1, 1, 0, 1, 1, 0 ], 
      [ 1, 1, 0, 0, 0, 1, 1, 0, 1, 0, 1, 1, 1, 0, 0, 1, 0 ], [ 1, 1, 0, 0, 1, 0, 1, 1, 1, 0, 1, 1, 0, 1, 0, 0, 0 ], 
      [ 1, 1, 0, 0, 1, 0, 0, 1, 1, 0, 1, 1, 0, 1, 1, 0, 0 ], [ 1, 1, 0, 0, 1, 0, 0, 0, 1, 0, 1, 1, 0, 1, 1, 1, 0 ], 
      [ 1, 1, 0, 0, 1, 0, 1, 0, 1, 0, 1, 1, 0, 1, 0, 1, 0 ], [ 1, 1, 0, 0, 1, 1, 0, 1, 1, 0, 1, 1, 0, 0, 1, 0, 0 ], 
      [ 1, 1, 0, 0, 1, 1, 0, 0, 1, 0, 1, 1, 0, 0, 1, 1, 0 ], [ 1, 1, 0, 0, 1, 1, 1, 0, 1, 0, 1, 1, 0, 0, 0, 1, 0 ], 
      [ 1, 1, 0, 1, 0, 1, 1, 1, 1, 0, 1, 0, 1, 0, 0, 0, 0 ], [ 1, 1, 0, 1, 0, 0, 1, 1, 1, 0, 1, 0, 1, 1, 0, 0, 0 ], 
      [ 1, 1, 0, 1, 0, 0, 0, 1, 1, 0, 1, 0, 1, 1, 1, 0, 0 ], [ 1, 1, 0, 1, 0, 0, 0, 0, 1, 0, 1, 0, 1, 1, 1, 1, 0 ], 
      [ 1, 1, 0, 1, 0, 0, 1, 0, 1, 0, 1, 0, 1, 1, 0, 1, 0 ], [ 1, 1, 0, 1, 0, 1, 0, 1, 1, 0, 1, 0, 1, 0, 1, 0, 0 ], 
      [ 1, 1, 0, 1, 0, 1, 0, 0, 1, 0, 1, 0, 1, 0, 1, 1, 0 ], [ 1, 1, 0, 1, 0, 1, 1, 0, 1, 0, 1, 0, 1, 0, 0, 1, 0 ], 
      [ 1, 1, 0, 1, 1, 0, 1, 1, 1, 0, 1, 0, 0, 1, 0, 0, 0 ], [ 1, 1, 0, 1, 1, 0, 0, 1, 1, 0, 1, 0, 0, 1, 1, 0, 0 ], 
      [ 1, 1, 0, 1, 1, 0, 0, 0, 1, 0, 1, 0, 0, 1, 1, 1, 0 ], [ 1, 1, 0, 1, 1, 0, 1, 0, 1, 0, 1, 0, 0, 1, 0, 1, 0 ], 
      [ 1, 1, 0, 1, 1, 1, 0, 1, 1, 0, 1, 0, 0, 0, 1, 0, 0 ], [ 1, 1, 0, 1, 1, 1, 0, 0, 1, 0, 1, 0, 0, 0, 1, 1, 0 ], 
      [ 1, 1, 0, 1, 1, 1, 1, 0, 1, 0, 1, 0, 0, 0, 0, 1, 0 ], [ 1, 1, 1, 0, 1, 1, 1, 1, 1, 0, 0, 1, 0, 0, 0, 0, 0 ], 
      [ 1, 1, 1, 0, 0, 1, 1, 1, 1, 0, 0, 1, 1, 0, 0, 0, 0 ], [ 1, 1, 1, 0, 0, 0, 1, 1, 1, 0, 0, 1, 1, 1, 0, 0, 0 ], 
      [ 1, 1, 1, 0, 0, 0, 0, 1, 1, 0, 0, 1, 1, 1, 1, 0, 0 ], [ 1, 1, 1, 0, 0, 0, 0, 0, 1, 0, 0, 1, 1, 1, 1, 1, 0 ], 
      [ 1, 1, 1, 0, 0, 0, 1, 0, 1, 0, 0, 1, 1, 1, 0, 1, 0 ], [ 1, 1, 1, 0, 0, 1, 0, 1, 1, 0, 0, 1, 1, 0, 1, 0, 0 ], 
      [ 1, 1, 1, 0, 0, 1, 0, 0, 1, 0, 0, 1, 1, 0, 1, 1, 0 ], [ 1, 1, 1, 0, 0, 1, 1, 0, 1, 0, 0, 1, 1, 0, 0, 1, 0 ], 
      [ 1, 1, 1, 0, 1, 0, 1, 1, 1, 0, 0, 1, 0, 1, 0, 0, 0 ], [ 1, 1, 1, 0, 1, 0, 0, 1, 1, 0, 0, 1, 0, 1, 1, 0, 0 ], 
      [ 1, 1, 1, 0, 1, 0, 0, 0, 1, 0, 0, 1, 0, 1, 1, 1, 0 ], [ 1, 1, 1, 0, 1, 0, 1, 0, 1, 0, 0, 1, 0, 1, 0, 1, 0 ], 
      [ 1, 1, 1, 0, 1, 1, 0, 1, 1, 0, 0, 1, 0, 0, 1, 0, 0 ], [ 1, 1, 1, 0, 1, 1, 0, 0, 1, 0, 0, 1, 0, 0, 1, 1, 0 ], 
      [ 1, 1, 1, 0, 1, 1, 1, 0, 1, 0, 0, 1, 0, 0, 0, 1, 0 ], [ 1, 1, 1, 1, 0, 1, 1, 1, 1, 0, 0, 0, 1, 0, 0, 0, 0 ], 
      [ 1, 1, 1, 1, 0, 0, 1, 1, 1, 0, 0, 0, 1, 1, 0, 0, 0 ], [ 1, 1, 1, 1, 0, 0, 0, 1, 1, 0, 0, 0, 1, 1, 1, 0, 0 ], 
      [ 1, 1, 1, 1, 0, 0, 0, 0, 1, 0, 0, 0, 1, 1, 1, 1, 0 ], [ 1, 1, 1, 1, 0, 0, 1, 0, 1, 0, 0, 0, 1, 1, 0, 1, 0 ], 
      [ 1, 1, 1, 1, 0, 1, 0, 1, 1, 0, 0, 0, 1, 0, 1, 0, 0 ], [ 1, 1, 1, 1, 0, 1, 0, 0, 1, 0, 0, 0, 1, 0, 1, 1, 0 ], 
      [ 1, 1, 1, 1, 0, 1, 1, 0, 1, 0, 0, 0, 1, 0, 0, 1, 0 ], [ 1, 1, 1, 1, 1, 0, 1, 1, 1, 0, 0, 0, 0, 1, 0, 0, 0 ], 
      [ 1, 1, 1, 1, 1, 0, 0, 1, 1, 0, 0, 0, 0, 1, 1, 0, 0 ], [ 1, 1, 1, 1, 1, 0, 0, 0, 1, 0, 0, 0, 0, 1, 1, 1, 0 ], 
      [ 1, 1, 1, 1, 1, 0, 1, 0, 1, 0, 0, 0, 0, 1, 0, 1, 0 ], [ 1, 1, 1, 1, 1, 1, 0, 1, 1, 0, 0, 0, 0, 0, 1, 0, 0 ], 
      [ 1, 1, 1, 1, 1, 1, 0, 0, 1, 0, 0, 0, 0, 0, 1, 1, 0 ], [ 1, 1, 1, 1, 1, 1, 1, 0, 1, 0, 0, 0, 0, 0, 0, 1, 0 ], 
      [ 1, 0, 0, 0, 0, 0, 0, 0, 0, 1, 1, 1, 1, 1, 1, 1, 1 ], [ 1, 1, 0, 0, 0, 0, 0, 0, 0, 0, 1, 1, 1, 1, 1, 1, 1 ], 
      [ 1, 1, 1, 0, 0, 0, 0, 0, 0, 0, 0, 1, 1, 1, 1, 1, 1 ], [ 1, 1, 1, 1, 0, 0, 0, 0, 0, 0, 0, 0, 1, 1, 1, 1, 1 ], 
      [ 1, 1, 1, 1, 1, 0, 0, 0, 0, 0, 0, 0, 0, 1, 1, 1, 1 ], [ 1, 1, 1, 1, 1, 1, 0, 0, 0, 0, 0, 0, 0, 0, 1, 1, 1 ], 
      [ 1, 1, 1, 1, 1, 1, 1, 0, 0, 0, 0, 0, 0, 0, 0, 1, 1 ], [ 1, 1, 1, 1, 1, 1, 1, 1, 0, 0, 0, 0, 0, 0, 0, 0, 1 ], 
      [ 1, 1, 1, 1, 1, 1, 0, 1, 0, 0, 0, 0, 0, 0, 1, 0, 1 ], [ 1, 1, 1, 1, 1, 0, 1, 0, 0, 0, 0, 0, 0, 1, 0, 1, 1 ], 
      [ 1, 1, 1, 1, 1, 0, 1, 1, 0, 0, 0, 0, 0, 1, 0, 0, 1 ], [ 1, 1, 1, 1, 1, 0, 0, 1, 0, 0, 0, 0, 0, 1, 1, 0, 1 ], 
      [ 1, 1, 1, 1, 0, 1, 0, 0, 0, 0, 0, 0, 1, 0, 1, 1, 1 ], [ 1, 1, 1, 1, 0, 1, 1, 0, 0, 0, 0, 0, 1, 0, 0, 1, 1 ], 
      [ 1, 1, 1, 1, 0, 1, 1, 1, 0, 0, 0, 0, 1, 0, 0, 0, 1 ], [ 1, 1, 1, 1, 0, 1, 0, 1, 0, 0, 0, 0, 1, 0, 1, 0, 1 ], 
      [ 1, 1, 1, 1, 0, 0, 1, 0, 0, 0, 0, 0, 1, 1, 0, 1, 1 ], [ 1, 1, 1, 1, 0, 0, 1, 1, 0, 0, 0, 0, 1, 1, 0, 0, 1 ], 
      [ 1, 1, 1, 1, 0, 0, 0, 1, 0, 0, 0, 0, 1, 1, 1, 0, 1 ], [ 1, 1, 1, 0, 1, 0, 0, 0, 0, 0, 0, 1, 0, 1, 1, 1, 1 ], 
      [ 1, 1, 1, 0, 1, 1, 0, 0, 0, 0, 0, 1, 0, 0, 1, 1, 1 ], [ 1, 1, 1, 0, 1, 1, 1, 0, 0, 0, 0, 1, 0, 0, 0, 1, 1 ], 
      [ 1, 1, 1, 0, 1, 1, 1, 1, 0, 0, 0, 1, 0, 0, 0, 0, 1 ], [ 1, 1, 1, 0, 1, 1, 0, 1, 0, 0, 0, 1, 0, 0, 1, 0, 1 ], 
      [ 1, 1, 1, 0, 1, 0, 1, 0, 0, 0, 0, 1, 0, 1, 0, 1, 1 ], [ 1, 1, 1, 0, 1, 0, 1, 1, 0, 0, 0, 1, 0, 1, 0, 0, 1 ], 
      [ 1, 1, 1, 0, 1, 0, 0, 1, 0, 0, 0, 1, 0, 1, 1, 0, 1 ], [ 1, 1, 1, 0, 0, 1, 0, 0, 0, 0, 0, 1, 1, 0, 1, 1, 1 ], 
      [ 1, 1, 1, 0, 0, 1, 1, 0, 0, 0, 0, 1, 1, 0, 0, 1, 1 ], [ 1, 1, 1, 0, 0, 1, 1, 1, 0, 0, 0, 1, 1, 0, 0, 0, 1 ], 
      [ 1, 1, 1, 0, 0, 1, 0, 1, 0, 0, 0, 1, 1, 0, 1, 0, 1 ], [ 1, 1, 1, 0, 0, 0, 1, 0, 0, 0, 0, 1, 1, 1, 0, 1, 1 ], 
      [ 1, 1, 1, 0, 0, 0, 1, 1, 0, 0, 0, 1, 1, 1, 0, 0, 1 ], [ 1, 1, 1, 0, 0, 0, 0, 1, 0, 0, 0, 1, 1, 1, 1, 0, 1 ], 
      [ 1, 1, 0, 1, 0, 0, 0, 0, 0, 0, 1, 0, 1, 1, 1, 1, 1 ], [ 1, 1, 0, 1, 1, 0, 0, 0, 0, 0, 1, 0, 0, 1, 1, 1, 1 ], 
      [ 1, 1, 0, 1, 1, 1, 0, 0, 0, 0, 1, 0, 0, 0, 1, 1, 1 ], [ 1, 1, 0, 1, 1, 1, 1, 0, 0, 0, 1, 0, 0, 0, 0, 1, 1 ], 
      [ 1, 1, 0, 1, 1, 1, 1, 1, 0, 0, 1, 0, 0, 0, 0, 0, 1 ], [ 1, 1, 0, 1, 1, 1, 0, 1, 0, 0, 1, 0, 0, 0, 1, 0, 1 ], 
      [ 1, 1, 0, 1, 1, 0, 1, 0, 0, 0, 1, 0, 0, 1, 0, 1, 1 ], [ 1, 1, 0, 1, 1, 0, 1, 1, 0, 0, 1, 0, 0, 1, 0, 0, 1 ], 
      [ 1, 1, 0, 1, 1, 0, 0, 1, 0, 0, 1, 0, 0, 1, 1, 0, 1 ], [ 1, 1, 0, 1, 0, 1, 0, 0, 0, 0, 1, 0, 1, 0, 1, 1, 1 ], 
      [ 1, 1, 0, 1, 0, 1, 1, 0, 0, 0, 1, 0, 1, 0, 0, 1, 1 ], [ 1, 1, 0, 1, 0, 1, 1, 1, 0, 0, 1, 0, 1, 0, 0, 0, 1 ], 
      [ 1, 1, 0, 1, 0, 1, 0, 1, 0, 0, 1, 0, 1, 0, 1, 0, 1 ], [ 1, 1, 0, 1, 0, 0, 1, 0, 0, 0, 1, 0, 1, 1, 0, 1, 1 ], 
      [ 1, 1, 0, 1, 0, 0, 1, 1, 0, 0, 1, 0, 1, 1, 0, 0, 1 ], [ 1, 1, 0, 1, 0, 0, 0, 1, 0, 0, 1, 0, 1, 1, 1, 0, 1 ], 
      [ 1, 1, 0, 0, 1, 0, 0, 0, 0, 0, 1, 1, 0, 1, 1, 1, 1 ], [ 1, 1, 0, 0, 1, 1, 0, 0, 0, 0, 1, 1, 0, 0, 1, 1, 1 ], 
      [ 1, 1, 0, 0, 1, 1, 1, 0, 0, 0, 1, 1, 0, 0, 0, 1, 1 ], [ 1, 1, 0, 0, 1, 1, 1, 1, 0, 0, 1, 1, 0, 0, 0, 0, 1 ], 
      [ 1, 1, 0, 0, 1, 1, 0, 1, 0, 0, 1, 1, 0, 0, 1, 0, 1 ], [ 1, 1, 0, 0, 1, 0, 1, 0, 0, 0, 1, 1, 0, 1, 0, 1, 1 ], 
      [ 1, 1, 0, 0, 1, 0, 1, 1, 0, 0, 1, 1, 0, 1, 0, 0, 1 ], [ 1, 1, 0, 0, 1, 0, 0, 1, 0, 0, 1, 1, 0, 1, 1, 0, 1 ], 
      [ 1, 1, 0, 0, 0, 1, 0, 0, 0, 0, 1, 1, 1, 0, 1, 1, 1 ], [ 1, 1, 0, 0, 0, 1, 1, 0, 0, 0, 1, 1, 1, 0, 0, 1, 1 ], 
      [ 1, 1, 0, 0, 0, 1, 1, 1, 0, 0, 1, 1, 1, 0, 0, 0, 1 ], [ 1, 1, 0, 0, 0, 1, 0, 1, 0, 0, 1, 1, 1, 0, 1, 0, 1 ], 
      [ 1, 1, 0, 0, 0, 0, 1, 0, 0, 0, 1, 1, 1, 1, 0, 1, 1 ], [ 1, 1, 0, 0, 0, 0, 1, 1, 0, 0, 1, 1, 1, 1, 0, 0, 1 ], 
      [ 1, 1, 0, 0, 0, 0, 0, 1, 0, 0, 1, 1, 1, 1, 1, 0, 1 ], [ 1, 0, 1, 0, 0, 0, 0, 0, 0, 1, 0, 1, 1, 1, 1, 1, 1 ], 
      [ 1, 0, 1, 1, 0, 0, 0, 0, 0, 1, 0, 0, 1, 1, 1, 1, 1 ], [ 1, 0, 1, 1, 1, 0, 0, 0, 0, 1, 0, 0, 0, 1, 1, 1, 1 ], 
      [ 1, 0, 1, 1, 1, 1, 0, 0, 0, 1, 0, 0, 0, 0, 1, 1, 1 ], [ 1, 0, 1, 1, 1, 1, 1, 0, 0, 1, 0, 0, 0, 0, 0, 1, 1 ], 
      [ 1, 0, 1, 1, 1, 1, 1, 1, 0, 1, 0, 0, 0, 0, 0, 0, 1 ], [ 1, 0, 1, 1, 1, 1, 0, 1, 0, 1, 0, 0, 0, 0, 1, 0, 1 ], 
      [ 1, 0, 1, 1, 1, 0, 1, 0, 0, 1, 0, 0, 0, 1, 0, 1, 1 ], [ 1, 0, 1, 1, 1, 0, 1, 1, 0, 1, 0, 0, 0, 1, 0, 0, 1 ], 
      [ 1, 0, 1, 1, 1, 0, 0, 1, 0, 1, 0, 0, 0, 1, 1, 0, 1 ], [ 1, 0, 1, 1, 0, 1, 0, 0, 0, 1, 0, 0, 1, 0, 1, 1, 1 ], 
      [ 1, 0, 1, 1, 0, 1, 1, 0, 0, 1, 0, 0, 1, 0, 0, 1, 1 ], [ 1, 0, 1, 1, 0, 1, 1, 1, 0, 1, 0, 0, 1, 0, 0, 0, 1 ], 
      [ 1, 0, 1, 1, 0, 1, 0, 1, 0, 1, 0, 0, 1, 0, 1, 0, 1 ], [ 1, 0, 1, 1, 0, 0, 1, 0, 0, 1, 0, 0, 1, 1, 0, 1, 1 ], 
      [ 1, 0, 1, 1, 0, 0, 1, 1, 0, 1, 0, 0, 1, 1, 0, 0, 1 ], [ 1, 0, 1, 1, 0, 0, 0, 1, 0, 1, 0, 0, 1, 1, 1, 0, 1 ], 
      [ 1, 0, 1, 0, 1, 0, 0, 0, 0, 1, 0, 1, 0, 1, 1, 1, 1 ], [ 1, 0, 1, 0, 1, 1, 0, 0, 0, 1, 0, 1, 0, 0, 1, 1, 1 ], 
      [ 1, 0, 1, 0, 1, 1, 1, 0, 0, 1, 0, 1, 0, 0, 0, 1, 1 ], [ 1, 0, 1, 0, 1, 1, 1, 1, 0, 1, 0, 1, 0, 0, 0, 0, 1 ], 
      [ 1, 0, 1, 0, 1, 1, 0, 1, 0, 1, 0, 1, 0, 0, 1, 0, 1 ], [ 1, 0, 1, 0, 1, 0, 1, 0, 0, 1, 0, 1, 0, 1, 0, 1, 1 ], 
      [ 1, 0, 1, 0, 1, 0, 1, 1, 0, 1, 0, 1, 0, 1, 0, 0, 1 ], [ 1, 0, 1, 0, 1, 0, 0, 1, 0, 1, 0, 1, 0, 1, 1, 0, 1 ], 
      [ 1, 0, 1, 0, 0, 1, 0, 0, 0, 1, 0, 1, 1, 0, 1, 1, 1 ], [ 1, 0, 1, 0, 0, 1, 1, 0, 0, 1, 0, 1, 1, 0, 0, 1, 1 ], 
      [ 1, 0, 1, 0, 0, 1, 1, 1, 0, 1, 0, 1, 1, 0, 0, 0, 1 ], [ 1, 0, 1, 0, 0, 1, 0, 1, 0, 1, 0, 1, 1, 0, 1, 0, 1 ], 
      [ 1, 0, 1, 0, 0, 0, 1, 0, 0, 1, 0, 1, 1, 1, 0, 1, 1 ], [ 1, 0, 1, 0, 0, 0, 1, 1, 0, 1, 0, 1, 1, 1, 0, 0, 1 ], 
      [ 1, 0, 1, 0, 0, 0, 0, 1, 0, 1, 0, 1, 1, 1, 1, 0, 1 ], [ 1, 0, 0, 1, 0, 0, 0, 0, 0, 1, 1, 0, 1, 1, 1, 1, 1 ], 
      [ 1, 0, 0, 1, 1, 0, 0, 0, 0, 1, 1, 0, 0, 1, 1, 1, 1 ], [ 1, 0, 0, 1, 1, 1, 0, 0, 0, 1, 1, 0, 0, 0, 1, 1, 1 ], 
      [ 1, 0, 0, 1, 1, 1, 1, 0, 0, 1, 1, 0, 0, 0, 0, 1, 1 ], [ 1, 0, 0, 1, 1, 1, 1, 1, 0, 1, 1, 0, 0, 0, 0, 0, 1 ], 
      [ 1, 0, 0, 1, 1, 1, 0, 1, 0, 1, 1, 0, 0, 0, 1, 0, 1 ], [ 1, 0, 0, 1, 1, 0, 1, 0, 0, 1, 1, 0, 0, 1, 0, 1, 1 ], 
      [ 1, 0, 0, 1, 1, 0, 1, 1, 0, 1, 1, 0, 0, 1, 0, 0, 1 ], [ 1, 0, 0, 1, 1, 0, 0, 1, 0, 1, 1, 0, 0, 1, 1, 0, 1 ], 
      [ 1, 0, 0, 1, 0, 1, 0, 0, 0, 1, 1, 0, 1, 0, 1, 1, 1 ], [ 1, 0, 0, 1, 0, 1, 1, 0, 0, 1, 1, 0, 1, 0, 0, 1, 1 ], 
      [ 1, 0, 0, 1, 0, 1, 1, 1, 0, 1, 1, 0, 1, 0, 0, 0, 1 ], [ 1, 0, 0, 1, 0, 1, 0, 1, 0, 1, 1, 0, 1, 0, 1, 0, 1 ], 
      [ 1, 0, 0, 1, 0, 0, 1, 0, 0, 1, 1, 0, 1, 1, 0, 1, 1 ], [ 1, 0, 0, 1, 0, 0, 1, 1, 0, 1, 1, 0, 1, 1, 0, 0, 1 ], 
      [ 1, 0, 0, 1, 0, 0, 0, 1, 0, 1, 1, 0, 1, 1, 1, 0, 1 ], [ 1, 0, 0, 0, 1, 0, 0, 0, 0, 1, 1, 1, 0, 1, 1, 1, 1 ], 
      [ 1, 0, 0, 0, 1, 1, 0, 0, 0, 1, 1, 1, 0, 0, 1, 1, 1 ], [ 1, 0, 0, 0, 1, 1, 1, 0, 0, 1, 1, 1, 0, 0, 0, 1, 1 ], 
      [ 1, 0, 0, 0, 1, 1, 1, 1, 0, 1, 1, 1, 0, 0, 0, 0, 1 ], [ 1, 0, 0, 0, 1, 1, 0, 1, 0, 1, 1, 1, 0, 0, 1, 0, 1 ], 
      [ 1, 0, 0, 0, 1, 0, 1, 0, 0, 1, 1, 1, 0, 1, 0, 1, 1 ], [ 1, 0, 0, 0, 1, 0, 1, 1, 0, 1, 1, 1, 0, 1, 0, 0, 1 ], 
      [ 1, 0, 0, 0, 1, 0, 0, 1, 0, 1, 1, 1, 0, 1, 1, 0, 1 ], [ 1, 0, 0, 0, 0, 1, 0, 0, 0, 1, 1, 1, 1, 0, 1, 1, 1 ], 
      [ 1, 0, 0, 0, 0, 1, 1, 0, 0, 1, 1, 1, 1, 0, 0, 1, 1 ], [ 1, 0, 0, 0, 0, 1, 1, 1, 0, 1, 1, 1, 1, 0, 0, 0, 1 ], 
      [ 1, 0, 0, 0, 0, 1, 0, 1, 0, 1, 1, 1, 1, 0, 1, 0, 1 ], [ 1, 0, 0, 0, 0, 0, 1, 0, 0, 1, 1, 1, 1, 1, 0, 1, 1 ], 
      [ 1, 0, 0, 0, 0, 0, 1, 1, 0, 1, 1, 1, 1, 1, 0, 0, 1 ], [ 1, 0, 0, 0, 0, 0, 0, 1, 0, 1, 1, 1, 1, 1, 1, 0, 1 ], 
      [ 1, 1, 0, 0, 0, 0, 0, 0, 0, 1, 0, 0, 0, 0, 0, 0, 0 ], [ 1, 1, 1, 0, 0, 0, 0, 0, 0, 1, 1, 0, 0, 0, 0, 0, 0 ], 
      [ 1, 1, 1, 1, 0, 0, 0, 0, 0, 1, 1, 1, 0, 0, 0, 0, 0 ], [ 1, 1, 1, 1, 1, 0, 0, 0, 0, 1, 1, 1, 1, 0, 0, 0, 0 ], 
      [ 1, 1, 1, 1, 1, 1, 0, 0, 0, 1, 1, 1, 1, 1, 0, 0, 0 ], [ 1, 1, 1, 1, 1, 1, 1, 0, 0, 1, 1, 1, 1, 1, 1, 0, 0 ], 
      [ 1, 1, 1, 1, 1, 1, 1, 1, 0, 1, 1, 1, 1, 1, 1, 1, 0 ], [ 1, 1, 1, 1, 1, 1, 0, 1, 0, 1, 1, 1, 1, 1, 0, 1, 0 ], 
      [ 1, 1, 1, 1, 1, 0, 1, 0, 0, 1, 1, 1, 1, 0, 1, 0, 0 ], [ 1, 1, 1, 1, 1, 0, 1, 1, 0, 1, 1, 1, 1, 0, 1, 1, 0 ], 
      [ 1, 1, 1, 1, 1, 0, 0, 1, 0, 1, 1, 1, 1, 0, 0, 1, 0 ], [ 1, 1, 1, 1, 0, 1, 0, 0, 0, 1, 1, 1, 0, 1, 0, 0, 0 ], 
      [ 1, 1, 1, 1, 0, 1, 1, 0, 0, 1, 1, 1, 0, 1, 1, 0, 0 ], [ 1, 1, 1, 1, 0, 1, 1, 1, 0, 1, 1, 1, 0, 1, 1, 1, 0 ], 
      [ 1, 1, 1, 1, 0, 1, 0, 1, 0, 1, 1, 1, 0, 1, 0, 1, 0 ], [ 1, 1, 1, 1, 0, 0, 1, 0, 0, 1, 1, 1, 0, 0, 1, 0, 0 ], 
      [ 1, 1, 1, 1, 0, 0, 1, 1, 0, 1, 1, 1, 0, 0, 1, 1, 0 ], [ 1, 1, 1, 1, 0, 0, 0, 1, 0, 1, 1, 1, 0, 0, 0, 1, 0 ], 
      [ 1, 1, 1, 0, 1, 0, 0, 0, 0, 1, 1, 0, 1, 0, 0, 0, 0 ], [ 1, 1, 1, 0, 1, 1, 0, 0, 0, 1, 1, 0, 1, 1, 0, 0, 0 ], 
      [ 1, 1, 1, 0, 1, 1, 1, 0, 0, 1, 1, 0, 1, 1, 1, 0, 0 ], [ 1, 1, 1, 0, 1, 1, 1, 1, 0, 1, 1, 0, 1, 1, 1, 1, 0 ], 
      [ 1, 1, 1, 0, 1, 1, 0, 1, 0, 1, 1, 0, 1, 1, 0, 1, 0 ], [ 1, 1, 1, 0, 1, 0, 1, 0, 0, 1, 1, 0, 1, 0, 1, 0, 0 ], 
      [ 1, 1, 1, 0, 1, 0, 1, 1, 0, 1, 1, 0, 1, 0, 1, 1, 0 ], [ 1, 1, 1, 0, 1, 0, 0, 1, 0, 1, 1, 0, 1, 0, 0, 1, 0 ], 
      [ 1, 1, 1, 0, 0, 1, 0, 0, 0, 1, 1, 0, 0, 1, 0, 0, 0 ], [ 1, 1, 1, 0, 0, 1, 1, 0, 0, 1, 1, 0, 0, 1, 1, 0, 0 ], 
      [ 1, 1, 1, 0, 0, 1, 1, 1, 0, 1, 1, 0, 0, 1, 1, 1, 0 ], [ 1, 1, 1, 0, 0, 1, 0, 1, 0, 1, 1, 0, 0, 1, 0, 1, 0 ], 
      [ 1, 1, 1, 0, 0, 0, 1, 0, 0, 1, 1, 0, 0, 0, 1, 0, 0 ], [ 1, 1, 1, 0, 0, 0, 1, 1, 0, 1, 1, 0, 0, 0, 1, 1, 0 ], 
      [ 1, 1, 1, 0, 0, 0, 0, 1, 0, 1, 1, 0, 0, 0, 0, 1, 0 ], [ 1, 1, 0, 1, 0, 0, 0, 0, 0, 1, 0, 1, 0, 0, 0, 0, 0 ], 
      [ 1, 1, 0, 1, 1, 0, 0, 0, 0, 1, 0, 1, 1, 0, 0, 0, 0 ], [ 1, 1, 0, 1, 1, 1, 0, 0, 0, 1, 0, 1, 1, 1, 0, 0, 0 ], 
      [ 1, 1, 0, 1, 1, 1, 1, 0, 0, 1, 0, 1, 1, 1, 1, 0, 0 ], [ 1, 1, 0, 1, 1, 1, 1, 1, 0, 1, 0, 1, 1, 1, 1, 1, 0 ], 
      [ 1, 1, 0, 1, 1, 1, 0, 1, 0, 1, 0, 1, 1, 1, 0, 1, 0 ], [ 1, 1, 0, 1, 1, 0, 1, 0, 0, 1, 0, 1, 1, 0, 1, 0, 0 ], 
      [ 1, 1, 0, 1, 1, 0, 1, 1, 0, 1, 0, 1, 1, 0, 1, 1, 0 ], [ 1, 1, 0, 1, 1, 0, 0, 1, 0, 1, 0, 1, 1, 0, 0, 1, 0 ], 
      [ 1, 1, 0, 1, 0, 1, 0, 0, 0, 1, 0, 1, 0, 1, 0, 0, 0 ], [ 1, 1, 0, 1, 0, 1, 1, 0, 0, 1, 0, 1, 0, 1, 1, 0, 0 ], 
      [ 1, 1, 0, 1, 0, 1, 1, 1, 0, 1, 0, 1, 0, 1, 1, 1, 0 ], [ 1, 1, 0, 1, 0, 1, 0, 1, 0, 1, 0, 1, 0, 1, 0, 1, 0 ], 
      [ 1, 1, 0, 1, 0, 0, 1, 0, 0, 1, 0, 1, 0, 0, 1, 0, 0 ], [ 1, 1, 0, 1, 0, 0, 1, 1, 0, 1, 0, 1, 0, 0, 1, 1, 0 ], 
      [ 1, 1, 0, 1, 0, 0, 0, 1, 0, 1, 0, 1, 0, 0, 0, 1, 0 ], [ 1, 1, 0, 0, 1, 0, 0, 0, 0, 1, 0, 0, 1, 0, 0, 0, 0 ], 
      [ 1, 1, 0, 0, 1, 1, 0, 0, 0, 1, 0, 0, 1, 1, 0, 0, 0 ], [ 1, 1, 0, 0, 1, 1, 1, 0, 0, 1, 0, 0, 1, 1, 1, 0, 0 ], 
      [ 1, 1, 0, 0, 1, 1, 1, 1, 0, 1, 0, 0, 1, 1, 1, 1, 0 ], [ 1, 1, 0, 0, 1, 1, 0, 1, 0, 1, 0, 0, 1, 1, 0, 1, 0 ], 
      [ 1, 1, 0, 0, 1, 0, 1, 0, 0, 1, 0, 0, 1, 0, 1, 0, 0 ], [ 1, 1, 0, 0, 1, 0, 1, 1, 0, 1, 0, 0, 1, 0, 1, 1, 0 ], 
      [ 1, 1, 0, 0, 1, 0, 0, 1, 0, 1, 0, 0, 1, 0, 0, 1, 0 ], [ 1, 1, 0, 0, 0, 1, 0, 0, 0, 1, 0, 0, 0, 1, 0, 0, 0 ], 
      [ 1, 1, 0, 0, 0, 1, 1, 0, 0, 1, 0, 0, 0, 1, 1, 0, 0 ], [ 1, 1, 0, 0, 0, 1, 1, 1, 0, 1, 0, 0, 0, 1, 1, 1, 0 ], 
      [ 1, 1, 0, 0, 0, 1, 0, 1, 0, 1, 0, 0, 0, 1, 0, 1, 0 ], [ 1, 1, 0, 0, 0, 0, 1, 0, 0, 1, 0, 0, 0, 0, 1, 0, 0 ], 
      [ 1, 1, 0, 0, 0, 0, 1, 1, 0, 1, 0, 0, 0, 0, 1, 1, 0 ], [ 1, 1, 0, 0, 0, 0, 0, 1, 0, 1, 0, 0, 0, 0, 0, 1, 0 ], 
      [ 1, 0, 1, 0, 0, 0, 0, 0, 0, 0, 1, 0, 0, 0, 0, 0, 0 ], [ 1, 0, 1, 1, 0, 0, 0, 0, 0, 0, 1, 1, 0, 0, 0, 0, 0 ], 
      [ 1, 0, 1, 1, 1, 0, 0, 0, 0, 0, 1, 1, 1, 0, 0, 0, 0 ], [ 1, 0, 1, 1, 1, 1, 0, 0, 0, 0, 1, 1, 1, 1, 0, 0, 0 ], 
      [ 1, 0, 1, 1, 1, 1, 1, 0, 0, 0, 1, 1, 1, 1, 1, 0, 0 ], [ 1, 0, 1, 1, 1, 1, 1, 1, 0, 0, 1, 1, 1, 1, 1, 1, 0 ], 
      [ 1, 0, 1, 1, 1, 1, 0, 1, 0, 0, 1, 1, 1, 1, 0, 1, 0 ], [ 1, 0, 1, 1, 1, 0, 1, 0, 0, 0, 1, 1, 1, 0, 1, 0, 0 ], 
      [ 1, 0, 1, 1, 1, 0, 1, 1, 0, 0, 1, 1, 1, 0, 1, 1, 0 ], [ 1, 0, 1, 1, 1, 0, 0, 1, 0, 0, 1, 1, 1, 0, 0, 1, 0 ], 
      [ 1, 0, 1, 1, 0, 1, 0, 0, 0, 0, 1, 1, 0, 1, 0, 0, 0 ], [ 1, 0, 1, 1, 0, 1, 1, 0, 0, 0, 1, 1, 0, 1, 1, 0, 0 ], 
      [ 1, 0, 1, 1, 0, 1, 1, 1, 0, 0, 1, 1, 0, 1, 1, 1, 0 ], [ 1, 0, 1, 1, 0, 1, 0, 1, 0, 0, 1, 1, 0, 1, 0, 1, 0 ], 
      [ 1, 0, 1, 1, 0, 0, 1, 0, 0, 0, 1, 1, 0, 0, 1, 0, 0 ], [ 1, 0, 1, 1, 0, 0, 1, 1, 0, 0, 1, 1, 0, 0, 1, 1, 0 ], 
      [ 1, 0, 1, 1, 0, 0, 0, 1, 0, 0, 1, 1, 0, 0, 0, 1, 0 ], [ 1, 0, 1, 0, 1, 0, 0, 0, 0, 0, 1, 0, 1, 0, 0, 0, 0 ], 
      [ 1, 0, 1, 0, 1, 1, 0, 0, 0, 0, 1, 0, 1, 1, 0, 0, 0 ], [ 1, 0, 1, 0, 1, 1, 1, 0, 0, 0, 1, 0, 1, 1, 1, 0, 0 ], 
      [ 1, 0, 1, 0, 1, 1, 1, 1, 0, 0, 1, 0, 1, 1, 1, 1, 0 ], [ 1, 0, 1, 0, 1, 1, 0, 1, 0, 0, 1, 0, 1, 1, 0, 1, 0 ], 
      [ 1, 0, 1, 0, 1, 0, 1, 0, 0, 0, 1, 0, 1, 0, 1, 0, 0 ], [ 1, 0, 1, 0, 1, 0, 1, 1, 0, 0, 1, 0, 1, 0, 1, 1, 0 ], 
      [ 1, 0, 1, 0, 1, 0, 0, 1, 0, 0, 1, 0, 1, 0, 0, 1, 0 ], [ 1, 0, 1, 0, 0, 1, 0, 0, 0, 0, 1, 0, 0, 1, 0, 0, 0 ], 
      [ 1, 0, 1, 0, 0, 1, 1, 0, 0, 0, 1, 0, 0, 1, 1, 0, 0 ], [ 1, 0, 1, 0, 0, 1, 1, 1, 0, 0, 1, 0, 0, 1, 1, 1, 0 ], 
      [ 1, 0, 1, 0, 0, 1, 0, 1, 0, 0, 1, 0, 0, 1, 0, 1, 0 ], [ 1, 0, 1, 0, 0, 0, 1, 0, 0, 0, 1, 0, 0, 0, 1, 0, 0 ], 
      [ 1, 0, 1, 0, 0, 0, 1, 1, 0, 0, 1, 0, 0, 0, 1, 1, 0 ], [ 1, 0, 1, 0, 0, 0, 0, 1, 0, 0, 1, 0, 0, 0, 0, 1, 0 ], 
      [ 1, 0, 0, 1, 0, 0, 0, 0, 0, 0, 0, 1, 0, 0, 0, 0, 0 ], [ 1, 0, 0, 1, 1, 0, 0, 0, 0, 0, 0, 1, 1, 0, 0, 0, 0 ], 
      [ 1, 0, 0, 1, 1, 1, 0, 0, 0, 0, 0, 1, 1, 1, 0, 0, 0 ], [ 1, 0, 0, 1, 1, 1, 1, 0, 0, 0, 0, 1, 1, 1, 1, 0, 0 ], 
      [ 1, 0, 0, 1, 1, 1, 1, 1, 0, 0, 0, 1, 1, 1, 1, 1, 0 ], [ 1, 0, 0, 1, 1, 1, 0, 1, 0, 0, 0, 1, 1, 1, 0, 1, 0 ], 
      [ 1, 0, 0, 1, 1, 0, 1, 0, 0, 0, 0, 1, 1, 0, 1, 0, 0 ], [ 1, 0, 0, 1, 1, 0, 1, 1, 0, 0, 0, 1, 1, 0, 1, 1, 0 ], 
      [ 1, 0, 0, 1, 1, 0, 0, 1, 0, 0, 0, 1, 1, 0, 0, 1, 0 ], [ 1, 0, 0, 1, 0, 1, 0, 0, 0, 0, 0, 1, 0, 1, 0, 0, 0 ], 
      [ 1, 0, 0, 1, 0, 1, 1, 0, 0, 0, 0, 1, 0, 1, 1, 0, 0 ], [ 1, 0, 0, 1, 0, 1, 1, 1, 0, 0, 0, 1, 0, 1, 1, 1, 0 ], 
      [ 1, 0, 0, 1, 0, 1, 0, 1, 0, 0, 0, 1, 0, 1, 0, 1, 0 ], [ 1, 0, 0, 1, 0, 0, 1, 0, 0, 0, 0, 1, 0, 0, 1, 0, 0 ], 
      [ 1, 0, 0, 1, 0, 0, 1, 1, 0, 0, 0, 1, 0, 0, 1, 1, 0 ], [ 1, 0, 0, 1, 0, 0, 0, 1, 0, 0, 0, 1, 0, 0, 0, 1, 0 ], 
      [ 1, 0, 0, 0, 1, 0, 0, 0, 0, 0, 0, 0, 1, 0, 0, 0, 0 ], [ 1, 0, 0, 0, 1, 1, 0, 0, 0, 0, 0, 0, 1, 1, 0, 0, 0 ], 
      [ 1, 0, 0, 0, 1, 1, 1, 0, 0, 0, 0, 0, 1, 1, 1, 0, 0 ], [ 1, 0, 0, 0, 1, 1, 1, 1, 0, 0, 0, 0, 1, 1, 1, 1, 0 ], 
      [ 1, 0, 0, 0, 1, 1, 0, 1, 0, 0, 0, 0, 1, 1, 0, 1, 0 ], [ 1, 0, 0, 0, 1, 0, 1, 0, 0, 0, 0, 0, 1, 0, 1, 0, 0 ], 
      [ 1, 0, 0, 0, 1, 0, 1, 1, 0, 0, 0, 0, 1, 0, 1, 1, 0 ], [ 1, 0, 0, 0, 1, 0, 0, 1, 0, 0, 0, 0, 1, 0, 0, 1, 0 ], 
      [ 1, 0, 0, 0, 0, 1, 0, 0, 0, 0, 0, 0, 0, 1, 0, 0, 0 ], [ 1, 0, 0, 0, 0, 1, 1, 0, 0, 0, 0, 0, 0, 1, 1, 0, 0 ], 
      [ 1, 0, 0, 0, 0, 1, 1, 1, 0, 0, 0, 0, 0, 1, 1, 1, 0 ], [ 1, 0, 0, 0, 0, 1, 0, 1, 0, 0, 0, 0, 0, 1, 0, 1, 0 ], 
      [ 1, 0, 0, 0, 0, 0, 1, 0, 0, 0, 0, 0, 0, 0, 1, 0, 0 ], [ 1, 0, 0, 0, 0, 0, 1, 1, 0, 0, 0, 0, 0, 0, 1, 1, 0 ], 
      [ 1, 0, 0, 0, 0, 0, 0, 1, 0, 0, 0, 0, 0, 0, 0, 1, 0 ] ],
  GRP := Group( [ (135,139)(138,140)(142,146)(145,147)(150,154)(153,155)(157,161)(160,162)(166,170)(169,171)(173,177)
        (176,178)(181,185)(184,186)(188,192)(191,193)(198,202)(201,203)(205,209)(208,210)(213,217)(216,218)(220,224)
        (223,225)(229,233)(232,234)(236,240)(239,241)(244,248)(247,249)(251,255)(254,256)(263,267)(266,268)(270,274)
        (273,275)(278,282)(281,283)(285,289)(288,290)(294,298)(297,299)(301,305)(304,306)(309,313)(312,314)(316,320)
        (319,321)(326,330)(329,331)(333,337)(336,338)(341,345)(344,346)(348,352)(351,353)(357,361)(360,362)(364,368)
        (367,369)(372,376)(375,377)(379,383)(382,384), (133,149)(142,150)(143,151)(144,152)(145,153)(146,154)
        (147,155)(148,156)(164,180)(173,181)(174,182)(175,183)(176,184)(177,185)(178,186)(179,187)(196,212)(205,213)
        (206,214)(207,215)(208,216)(209,217)(210,218)(211,219)(227,243)(236,244)(237,245)(238,246)(239,247)(240,248)
        (241,249)(242,250)(261,277)(270,278)(271,279)(272,280)(273,281)(274,282)(275,283)(276,284)(292,308)(301,309)
        (302,310)(303,311)(304,312)(305,313)(306,314)(307,315)(324,340)(333,341)(334,342)(335,343)(336,344)(337,345)
        (338,346)(339,347)(355,371)(364,372)(365,373)(366,374)(367,375)(368,376)(369,377)(370,378), 
      (131,195)(164,196)(165,197)(166,198)(167,199)(168,200)(169,201)(170,202)(171,203)(172,204)(173,205)(174,206)
        (175,207)(176,208)(177,209)(178,210)(179,211)(180,212)(181,213)(182,214)(183,215)(184,216)(185,217)(186,218)
        (187,219)(188,220)(189,221)(190,222)(191,223)(192,224)(193,225)(194,226)(259,323)(292,324)(293,325)(294,326)
        (295,327)(296,328)(297,329)(298,330)(299,331)(300,332)(301,333)(302,334)(303,335)(304,336)(305,337)(306,338)
        (307,339)(308,340)(309,341)(310,342)(311,343)(312,344)(313,345)(314,346)(315,347)(316,348)(317,349)(318,350)
        (319,351)(320,352)(321,353)(322,354), (131,195)(133,149)(135,139)(137,385)(138,382)(140,384)(141,381)
        (142,154)(143,151)(144,370)(145,367)(146,150)(147,369)(148,366)(152,378)(153,375)(155,377)(156,374)(157,161)
        (159,363)(160,360)(162,362)(163,359)(164,212)(165,197)(166,202)(167,199)(168,322)(169,319)(170,198)(171,321)
        (172,318)(173,217)(174,214)(175,307)(176,304)(177,213)(178,306)(179,303)(180,196)(181,209)(182,206)(183,315)
        (184,312)(185,205)(186,314)(187,311)(188,224)(189,221)(190,300)(191,297)(192,220)(193,299)(194,296)(200,354)
        (201,351)(203,353)(204,350)(207,339)(208,336)(210,338)(211,335)(215,347)(216,344)(218,346)(219,343)(222,332)
        (223,329)(225,331)(226,328)(227,243)(229,233)(231,291)(232,288)(234,290)(235,287)(236,248)(237,245)(238,276)
        (239,273)(240,244)(241,275)(242,272)(246,284)(247,281)(249,283)(250,280)(251,255)(253,269)(254,266)(256,268)
        (257,265)(259,323)(261,277)(263,267)(270,282)(271,279)(274,278)(285,289)(292,340)(293,325)(294,330)(295,327)
        (298,326)(301,345)(302,342)(305,341)(308,324)(309,337)(310,334)(313,333)(316,352)(317,349)(320,348)(355,371)
        (357,361)(364,376)(365,373)(368,372)(379,383), (136,138)(139,141)(143,145)(146,148)(151,153)(154,156)
        (158,160)(161,163)(167,169)(170,172)(174,176)(177,179)(182,184)(185,187)(189,191)(192,194)(199,201)(202,204)
        (206,208)(209,211)(214,216)(217,219)(221,223)(224,226)(230,232)(233,235)(237,239)(240,242)(245,247)(248,250)
        (252,254)(255,257)(264,266)(267,269)(271,273)(274,276)(279,281)(282,284)(286,288)(289,291)(295,297)(298,300)
        (302,304)(305,307)(310,312)(313,315)(317,319)(320,322)(327,329)(330,332)(334,336)(337,339)(342,344)(345,347)
        (349,351)(352,354)(358,360)(361,363)(365,367)(368,370)(373,375)(376,378)(380,382)(383,385), 
      (132,164)(149,165)(150,166)(151,167)(152,168)(153,169)(154,170)(155,171)(156,172)(157,173)(158,174)(159,175)
        (160,176)(161,177)(162,178)(163,179)(195,227)(212,228)(213,229)(214,230)(215,231)(216,232)(217,233)(218,234)
        (219,235)(220,236)(221,237)(222,238)(223,239)(224,240)(225,241)(226,242)(260,292)(277,293)(278,294)(279,295)
        (280,296)(281,297)(282,298)(283,299)(284,300)(285,301)(286,302)(287,303)(288,304)(289,305)(290,306)(291,307)
        (323,355)(340,356)(341,357)(342,358)(343,359)(344,360)(345,361)(346,362)(347,363)(348,364)(349,365)(350,366)
        (351,367)(352,368)(353,369)(354,370), (134,142)(139,143)(140,144)(141,145)(149,157)(154,158)(155,159)
        (156,160)(165,173)(170,174)(171,175)(172,176)(180,188)(185,189)(186,190)(187,191)(197,205)(202,206)(203,207)
        (204,208)(212,220)(217,221)(218,222)(219,223)(228,236)(233,237)(234,238)(235,239)(243,251)(248,252)(249,253)
        (250,254)(262,270)(267,271)(268,272)(269,273)(277,285)(282,286)(283,287)(284,288)(293,301)(298,302)(299,303)
        (300,304)(308,316)(313,317)(314,318)(315,319)(325,333)(330,334)(331,335)(332,336)(340,348)(345,349)(346,350)
        (347,351)(356,364)(361,365)(362,366)(363,367)(371,379)(376,380)(377,381)(378,382), 
      (  2,131,132,133,134,135,136,137,200,231,246,253,256,257)(138,199,168,215,238,249,254,255,194,195,164,149,142,
         139)(140,201,230,183,222,241,250,251,192,163,196,165,150,143)(141,198,167,152,207,234,247,252,193,226,227,
         180,157,146)(144,203,232,245,190,225,242,243,188,161,148,197,166,151)(145,202,169,214,175,218,239,248,191,
         224,179,212,173,154)(147,204,229,182,159,210,235,244,189,162,211,228,181,158)(153,206,171,216,237,186,223,
         240,187,220,177,156,205,170)(155,208,233,184,221,178,219,236,185,160,209,172,213,174)(176,217)
        (258,259,260,261,262,263,264,265,328,359,374,381,384,385)(266,327,296,343,366,377,382,383,322,323,292,277,
         270,267)(268,329,358,311,350,369,378,379,320,291,324,293,278,271)(269,326,295,280,335,362,375,380,321,354,
         355,308,285,274)(272,331,360,373,318,353,370,371,316,289,276,325,294,279)(273,330,297,342,303,346,367,376,
         319,352,307,340,301,282)(275,332,357,310,287,338,363,372,317,290,339,356,309,286)(281,334,299,344,365,314,
         351,368,315,348,305,284,333,298)(283,336,361,312,349,306,347,364,313,288,337,300,341,302)(304,345), 
      (  8, 12)( 11, 13)( 15, 19)( 18, 20)( 23, 27)( 26, 28)( 30, 34)( 33, 35)( 39, 43)( 42, 44)( 46, 50)( 49, 51)
        ( 54, 58)( 57, 59)( 61, 65)( 64, 66)( 71, 75)( 74, 76)( 78, 82)( 81, 83)( 86, 90)( 89, 91)( 93, 97)( 96, 98)
        (102,106)(105,107)(109,113)(112,114)(117,121)(120,122)(124,128)(127,129)(390,394)(393,395)(397,401)(400,402)
        (405,409)(408,410)(412,416)(415,417)(421,425)(424,426)(428,432)(431,433)(436,440)(439,441)(443,447)(446,448)
        (453,457)(456,458)(460,464)(463,465)(468,472)(471,473)(475,479)(478,480)(484,488)(487,489)(491,495)(494,496)
        (499,503)(502,504)(506,510)(509,511), (  6, 22)( 15, 23)( 16, 24)( 17, 25)( 18, 26)( 19, 27)( 20, 28)
        ( 21, 29)( 37, 53)( 46, 54)( 47, 55)( 48, 56)( 49, 57)( 50, 58)( 51, 59)( 52, 60)( 69, 85)( 78, 86)( 79, 87)
        ( 80, 88)( 81, 89)( 82, 90)( 83, 91)( 84, 92)(100,116)(109,117)(110,118)(111,119)(112,120)(113,121)(114,122)
        (115,123)(388,404)(397,405)(398,406)(399,407)(400,408)(401,409)(402,410)(403,411)(419,435)(428,436)(429,437)
        (430,438)(431,439)(432,440)(433,441)(434,442)(451,467)(460,468)(461,469)(462,470)(463,471)(464,472)(465,473)
        (466,474)(482,498)(491,499)(492,500)(493,501)(494,502)(495,503)(496,504)(497,505), 
      (  4, 68)( 37, 69)( 38, 70)( 39, 71)( 40, 72)( 41, 73)( 42, 74)( 43, 75)( 44, 76)( 45, 77)( 46, 78)( 47, 79)
        ( 48, 80)( 49, 81)( 50, 82)( 51, 83)( 52, 84)( 53, 85)( 54, 86)( 55, 87)( 56, 88)( 57, 89)( 58, 90)( 59, 91)
        ( 60, 92)( 61, 93)( 62, 94)( 63, 95)( 64, 96)( 65, 97)( 66, 98)( 67, 99)(386,450)(419,451)(420,452)(421,453)
        (422,454)(423,455)(424,456)(425,457)(426,458)(427,459)(428,460)(429,461)(430,462)(431,463)(432,464)(433,465)
        (434,466)(435,467)(436,468)(437,469)(438,470)(439,471)(440,472)(441,473)(442,474)(443,475)(444,476)(445,477)
        (446,478)(447,479)(448,480)(449,481), (  4, 68)(  6, 22)(  8, 12)( 10,512)( 11,509)( 13,511)( 14,508)
        ( 15, 27)( 16, 24)( 17,497)( 18,494)( 19, 23)( 20,496)( 21,493)( 25,505)( 26,502)( 28,504)( 29,501)( 30, 34)
        ( 32,490)( 33,487)( 35,489)( 36,486)( 37, 85)( 38, 70)( 39, 75)( 40, 72)( 41,449)( 42,446)( 43, 71)( 44,448)
        ( 45,445)( 46, 90)( 47, 87)( 48,434)( 49,431)( 50, 86)( 51,433)( 52,430)( 53, 69)( 54, 82)( 55, 79)( 56,442)
        ( 57,439)( 58, 78)( 59,441)( 60,438)( 61, 97)( 62, 94)( 63,427)( 64,424)( 65, 93)( 66,426)( 67,423)( 73,481)
        ( 74,478)( 76,480)( 77,477)( 80,466)( 81,463)( 83,465)( 84,462)( 88,474)( 89,471)( 91,473)( 92,470)( 95,459)
        ( 96,456)( 98,458)( 99,455)(100,116)(102,106)(104,418)(105,415)(107,417)(108,414)(109,121)(110,118)(111,403)
        (112,400)(113,117)(114,402)(115,399)(119,411)(120,408)(122,410)(123,407)(124,128)(126,396)(127,393)(129,395)
        (130,392)(386,450)(388,404)(390,394)(397,409)(398,406)(401,405)(412,416)(419,467)(420,452)(421,457)(422,454)
        (425,453)(428,472)(429,469)(432,468)(435,451)(436,464)(437,461)(440,460)(443,479)(444,476)(447,475)(482,498)
        (484,488)(491,503)(492,500)(495,499)(506,510), (  9, 11)( 12, 14)( 16, 18)( 19, 21)( 24, 26)( 27, 29)
        ( 31, 33)( 34, 36)( 40, 42)( 43, 45)( 47, 49)( 50, 52)( 55, 57)( 58, 60)( 62, 64)( 65, 67)( 72, 74)( 75, 77)
        ( 79, 81)( 82, 84)( 87, 89)( 90, 92)( 94, 96)( 97, 99)(103,105)(106,108)(110,112)(113,115)(118,120)(121,123)
        (125,127)(128,130)(391,393)(394,396)(398,400)(401,403)(406,408)(409,411)(413,415)(416,418)(422,424)(425,427)
        (429,431)(432,434)(437,439)(440,442)(444,446)(447,449)(454,456)(457,459)(461,463)(464,466)(469,471)(472,474)
        (476,478)(479,481)(485,487)(488,490)(492,494)(495,497)(500,502)(503,505)(507,509)(510,512), 
      (  5, 37)( 22, 38)( 23, 39)( 24, 40)( 25, 41)( 26, 42)( 27, 43)( 28, 44)( 29, 45)( 30, 46)( 31, 47)( 32, 48)
        ( 33, 49)( 34, 50)( 35, 51)( 36, 52)( 68,100)( 85,101)( 86,102)( 87,103)( 88,104)( 89,105)( 90,106)( 91,107)
        ( 92,108)( 93,109)( 94,110)( 95,111)( 96,112)( 97,113)( 98,114)( 99,115)(387,419)(404,420)(405,421)(406,422)
        (407,423)(408,424)(409,425)(410,426)(411,427)(412,428)(413,429)(414,430)(415,431)(416,432)(417,433)(418,434)
        (450,482)(467,483)(468,484)(469,485)(470,486)(471,487)(472,488)(473,489)(474,490)(475,491)(476,492)(477,493)
        (478,494)(479,495)(480,496)(481,497), (  7, 15)( 12, 16)( 13, 17)( 14, 18)( 22, 30)( 27, 31)( 28, 32)
        ( 29, 33)( 38, 46)( 43, 47)( 44, 48)( 45, 49)( 53, 61)( 58, 62)( 59, 63)( 60, 64)( 70, 78)( 75, 79)( 76, 80)
        ( 77, 81)( 85, 93)( 90, 94)( 91, 95)( 92, 96)(101,109)(106,110)(107,111)(108,112)(116,124)(121,125)(122,126)
        (123,127)(389,397)(394,398)(395,399)(396,400)(404,412)(409,413)(410,414)(411,415)(420,428)(425,429)(426,430)
        (427,431)(435,443)(440,444)(441,445)(442,446)(452,460)(457,461)(458,462)(459,463)(467,475)(472,476)(473,477)
        (474,478)(483,491)(488,492)(489,493)(490,494)(498,506)(503,507)(504,508)(505,509), 
      (  1,  2)(  3,258)(  4,137)(  5,136)(  6,135)(  7,134)(  8,133)(  9,132)( 10,131)( 11,164)( 12,149)( 13,180)
        ( 14,165)( 15,142)( 16,157)( 17,188)( 18,173)( 19,150)( 20,181)( 21,166)( 22,139)( 23,146)( 24,161)( 25,192)
        ( 26,177)( 27,154)( 28,185)( 29,170)( 30,143)( 31,158)( 32,189)( 33,174)( 34,151)( 35,182)( 36,167)( 37,138)
        ( 38,141)( 39,148)( 40,163)( 41,194)( 42,179)( 43,156)( 44,187)( 45,172)( 46,145)( 47,160)( 48,191)( 49,176)
        ( 50,153)( 51,184)( 52,169)( 53,140)( 54,147)( 55,162)( 56,193)( 57,178)( 58,155)( 59,186)( 60,171)( 61,144)
        ( 62,159)( 63,190)( 64,175)( 65,152)( 66,183)( 67,168)( 68,385)( 69,384)( 70,381)( 71,374)( 72,359)( 73,328)
        ( 74,343)( 75,366)( 76,335)( 77,350)( 78,377)( 79,362)( 80,331)( 81,346)( 82,369)( 83,338)( 84,353)( 85,382)
        ( 86,375)( 87,360)( 88,329)( 89,344)( 90,367)( 91,336)( 92,351)( 93,378)( 94,363)( 95,332)( 96,347)( 97,370)
        ( 98,339)( 99,354)(100,383)(101,380)(102,373)(103,358)(104,327)(105,342)(106,365)(107,334)(108,349)(109,376)
        (110,361)(111,330)(112,345)(113,368)(114,337)(115,352)(116,379)(117,372)(118,357)(119,326)(120,341)(121,364)
        (122,333)(123,348)(124,371)(125,356)(126,325)(127,340)(128,355)(129,324)(130,323)(195,512)(196,511)(197,508)
        (198,501)(199,486)(200,455)(201,470)(202,493)(203,462)(204,477)(205,504)(206,489)(207,458)(208,473)(209,496)
        (210,465)(211,480)(212,509)(213,502)(214,487)(215,456)(216,471)(217,494)(218,463)(219,478)(220,505)(221,490)
        (222,459)(223,474)(224,497)(225,466)(226,481)(227,510)(228,507)(229,500)(230,485)(231,454)(232,469)(233,492)
        (234,461)(235,476)(236,503)(237,488)(238,457)(239,472)(240,495)(241,464)(242,479)(243,506)(244,499)(245,484)
        (246,453)(247,468)(248,491)(249,460)(250,475)(251,498)(252,483)(253,452)(254,467)(255,482)(256,451)(257,450)
        (259,392)(260,391)(261,390)(262,389)(263,388)(264,387)(265,386)(266,419)(267,404)(268,435)(269,420)(270,397)
        (271,412)(272,443)(273,428)(274,405)(275,436)(276,421)(277,394)(278,401)(279,416)(280,447)(281,432)(282,409)
        (283,440)(284,425)(285,398)(286,413)(287,444)(288,429)(289,406)(290,437)(291,422)(292,393)(293,396)(294,403)
        (295,418)(296,449)(297,434)(298,411)(299,442)(300,427)(301,400)(302,415)(303,446)(304,431)(305,408)(306,439)
        (307,424)(308,395)(309,402)(310,417)(311,448)(312,433)(313,410)(314,441)(315,426)(316,399)(317,414)(318,445)
        (319,430)(320,407)(321,438)(322,423) ] ),
  LOrb := 
   [ [ 1, 5, 6, 7, 8, 9, 10, 11, 12, 13, 14, 15, 16, 17, 18, 19, 20, 21, 22, 23, 24, 25, 26, 27, 28, 29, 30, 31, 32, 
          33, 34, 35, 36, 68, 69, 70, 71, 72, 73, 74, 75, 76, 77, 78, 79, 80, 81, 82, 83, 84, 85, 86, 87, 88, 89, 
          90, 91, 92, 93, 94, 95, 96, 97, 98, 99, 136, 137, 139, 140, 143, 144, 146, 147, 151, 152, 154, 155, 158, 
          159, 161, 162, 167, 168, 170, 171, 174, 175, 177, 178, 182, 183, 185, 186, 189, 190, 192, 193, 199, 200, 
          202, 203, 206, 207, 209, 210, 214, 215, 217, 218, 221, 222, 224, 225, 230, 231, 233, 234, 237, 238, 240, 
          241, 245, 246, 248, 249, 252, 253, 255, 256, 258, 259, 260, 261, 262, 263, 266, 269, 270, 273, 276, 277, 
          278, 281, 284, 285, 288, 291, 292, 293, 294, 297, 300, 301, 304, 307, 308, 309, 312, 315, 316, 319, 322, 
          323, 324, 325, 326, 329, 332, 333, 336, 339, 340, 341, 344, 347, 348, 351, 354, 355, 356, 357, 360, 363, 
          364, 367, 370, 371, 372, 375, 378, 379, 382, 385, 386, 419, 420, 421, 422, 423, 424, 425, 426, 427, 428, 
          429, 430, 431, 432, 433, 434, 435, 436, 437, 438, 439, 440, 441, 442, 443, 444, 445, 446, 447, 448, 449, 
          482, 483, 484, 485, 486, 487, 488, 489, 490, 491, 492, 493, 494, 495, 496, 497, 498, 499, 500, 501, 502, 
          503, 504, 505, 506, 507, 508, 509, 510, 511, 512 ] ],
  eRec := rec(
      GRA := rec(
          adjacencies := [ [ 3, 4, 5, 6, 7, 8, 9, 10 ], [ 3, 4, 5, 6, 7, 8, 9, 10 ], [ 1, 2 ], [ 1, 2 ], [ 1, 2 ], 
              [ 1, 2 ], [ 1, 2 ], [ 1, 2 ], [ 1, 2 ], [ 1, 2 ] ],
          group := Group( [ () ] ),
          isGraph := true,
          order := 10,
          representatives := [ 1, 2, 3, 4, 5, 6, 7, 8, 9, 10 ],
          schreierVector := [ -1, -2, -3, -4, -5, -6, -7, -8, -9, -10 ] ),
      ListSet := [ [  ], [ 1 ], [ 1, 2 ], [ 1, 2, 3 ], [ 1, 2, 3, 4 ], [ 1, 2, 3, 4, 5 ], [ 1, 2, 3, 4, 5, 6 ], 
          [ 1, 2, 3, 4, 5, 6, 7 ], [ 1, 2, 3, 4, 5, 6, 7, 8 ], [ 1, 2, 3, 4, 5, 6, 7, 8, 9 ], 
          [ 1, 2, 3, 4, 5, 6, 7, 9 ], [ 1, 2, 3, 4, 5, 6, 8 ], [ 1, 2, 3, 4, 5, 6, 8, 9 ], [ 1, 2, 3, 4, 5, 6, 9 ], 
          [ 1, 2, 3, 4, 5, 7 ], [ 1, 2, 3, 4, 5, 7, 8 ], [ 1, 2, 3, 4, 5, 7, 8, 9 ], [ 1, 2, 3, 4, 5, 7, 9 ], 
          [ 1, 2, 3, 4, 5, 8 ], [ 1, 2, 3, 4, 5, 8, 9 ], [ 1, 2, 3, 4, 5, 9 ], [ 1, 2, 3, 4, 6 ], 
          [ 1, 2, 3, 4, 6, 7 ], [ 1, 2, 3, 4, 6, 7, 8 ], [ 1, 2, 3, 4, 6, 7, 8, 9 ], [ 1, 2, 3, 4, 6, 7, 9 ], 
          [ 1, 2, 3, 4, 6, 8 ], [ 1, 2, 3, 4, 6, 8, 9 ], [ 1, 2, 3, 4, 6, 9 ], [ 1, 2, 3, 4, 7 ], 
          [ 1, 2, 3, 4, 7, 8 ], [ 1, 2, 3, 4, 7, 8, 9 ], [ 1, 2, 3, 4, 7, 9 ], [ 1, 2, 3, 4, 8 ], 
          [ 1, 2, 3, 4, 8, 9 ], [ 1, 2, 3, 4, 9 ], [ 1, 2, 3, 5 ], [ 1, 2, 3, 5, 6 ], [ 1, 2, 3, 5, 6, 7 ], 
          [ 1, 2, 3, 5, 6, 7, 8 ], [ 1, 2, 3, 5, 6, 7, 8, 9 ], [ 1, 2, 3, 5, 6, 7, 9 ], [ 1, 2, 3, 5, 6, 8 ], 
          [ 1, 2, 3, 5, 6, 8, 9 ], [ 1, 2, 3, 5, 6, 9 ], [ 1, 2, 3, 5, 7 ], [ 1, 2, 3, 5, 7, 8 ], 
          [ 1, 2, 3, 5, 7, 8, 9 ], [ 1, 2, 3, 5, 7, 9 ], [ 1, 2, 3, 5, 8 ], [ 1, 2, 3, 5, 8, 9 ], [ 1, 2, 3, 5, 9 ], 
          [ 1, 2, 3, 6 ], [ 1, 2, 3, 6, 7 ], [ 1, 2, 3, 6, 7, 8 ], [ 1, 2, 3, 6, 7, 8, 9 ], [ 1, 2, 3, 6, 7, 9 ], 
          [ 1, 2, 3, 6, 8 ], [ 1, 2, 3, 6, 8, 9 ], [ 1, 2, 3, 6, 9 ], [ 1, 2, 3, 7 ], [ 1, 2, 3, 7, 8 ], 
          [ 1, 2, 3, 7, 8, 9 ], [ 1, 2, 3, 7, 9 ], [ 1, 2, 3, 8 ], [ 1, 2, 3, 8, 9 ], [ 1, 2, 3, 9 ], [ 1, 2, 4 ], 
          [ 1, 2, 4, 5 ], [ 1, 2, 4, 5, 6 ], [ 1, 2, 4, 5, 6, 7 ], [ 1, 2, 4, 5, 6, 7, 8 ], 
          [ 1, 2, 4, 5, 6, 7, 8, 9 ], [ 1, 2, 4, 5, 6, 7, 9 ], [ 1, 2, 4, 5, 6, 8 ], [ 1, 2, 4, 5, 6, 8, 9 ], 
          [ 1, 2, 4, 5, 6, 9 ], [ 1, 2, 4, 5, 7 ], [ 1, 2, 4, 5, 7, 8 ], [ 1, 2, 4, 5, 7, 8, 9 ], 
          [ 1, 2, 4, 5, 7, 9 ], [ 1, 2, 4, 5, 8 ], [ 1, 2, 4, 5, 8, 9 ], [ 1, 2, 4, 5, 9 ], [ 1, 2, 4, 6 ], 
          [ 1, 2, 4, 6, 7 ], [ 1, 2, 4, 6, 7, 8 ], [ 1, 2, 4, 6, 7, 8, 9 ], [ 1, 2, 4, 6, 7, 9 ], [ 1, 2, 4, 6, 8 ], 
          [ 1, 2, 4, 6, 8, 9 ], [ 1, 2, 4, 6, 9 ], [ 1, 2, 4, 7 ], [ 1, 2, 4, 7, 8 ], [ 1, 2, 4, 7, 8, 9 ], 
          [ 1, 2, 4, 7, 9 ], [ 1, 2, 4, 8 ], [ 1, 2, 4, 8, 9 ], [ 1, 2, 4, 9 ], [ 1, 2, 5 ], [ 1, 2, 5, 6 ], 
          [ 1, 2, 5, 6, 7 ], [ 1, 2, 5, 6, 7, 8 ], [ 1, 2, 5, 6, 7, 8, 9 ], [ 1, 2, 5, 6, 7, 9 ], [ 1, 2, 5, 6, 8 ], 
          [ 1, 2, 5, 6, 8, 9 ], [ 1, 2, 5, 6, 9 ], [ 1, 2, 5, 7 ], [ 1, 2, 5, 7, 8 ], [ 1, 2, 5, 7, 8, 9 ], 
          [ 1, 2, 5, 7, 9 ], [ 1, 2, 5, 8 ], [ 1, 2, 5, 8, 9 ], [ 1, 2, 5, 9 ], [ 1, 2, 6 ], [ 1, 2, 6, 7 ], 
          [ 1, 2, 6, 7, 8 ], [ 1, 2, 6, 7, 8, 9 ], [ 1, 2, 6, 7, 9 ], [ 1, 2, 6, 8 ], [ 1, 2, 6, 8, 9 ], 
          [ 1, 2, 6, 9 ], [ 1, 2, 7 ], [ 1, 2, 7, 8 ], [ 1, 2, 7, 8, 9 ], [ 1, 2, 7, 9 ], [ 1, 2, 8 ], 
          [ 1, 2, 8, 9 ], [ 1, 2, 9 ], [ 1, 3 ], [ 1, 3, 4 ], [ 1, 3, 4, 5 ], [ 1, 3, 4, 5, 6 ], 
          [ 1, 3, 4, 5, 6, 7 ], [ 1, 3, 4, 5, 6, 7, 8 ], [ 1, 3, 4, 5, 6, 7, 8, 9 ], [ 1, 3, 4, 5, 6, 7, 9 ], 
          [ 1, 3, 4, 5, 6, 8 ], [ 1, 3, 4, 5, 6, 8, 9 ], [ 1, 3, 4, 5, 6, 9 ], [ 1, 3, 4, 5, 7 ], 
          [ 1, 3, 4, 5, 7, 8 ], [ 1, 3, 4, 5, 7, 8, 9 ], [ 1, 3, 4, 5, 7, 9 ], [ 1, 3, 4, 5, 8 ], 
          [ 1, 3, 4, 5, 8, 9 ], [ 1, 3, 4, 5, 9 ], [ 1, 3, 4, 6 ], [ 1, 3, 4, 6, 7 ], [ 1, 3, 4, 6, 7, 8 ], 
          [ 1, 3, 4, 6, 7, 8, 9 ], [ 1, 3, 4, 6, 7, 9 ], [ 1, 3, 4, 6, 8 ], [ 1, 3, 4, 6, 8, 9 ], [ 1, 3, 4, 6, 9 ], 
          [ 1, 3, 4, 7 ], [ 1, 3, 4, 7, 8 ], [ 1, 3, 4, 7, 8, 9 ], [ 1, 3, 4, 7, 9 ], [ 1, 3, 4, 8 ], 
          [ 1, 3, 4, 8, 9 ], [ 1, 3, 4, 9 ], [ 1, 3, 5 ], [ 1, 3, 5, 6 ], [ 1, 3, 5, 6, 7 ], [ 1, 3, 5, 6, 7, 8 ], 
          [ 1, 3, 5, 6, 7, 8, 9 ], [ 1, 3, 5, 6, 7, 9 ], [ 1, 3, 5, 6, 8 ], [ 1, 3, 5, 6, 8, 9 ], [ 1, 3, 5, 6, 9 ], 
          [ 1, 3, 5, 7 ], [ 1, 3, 5, 7, 8 ], [ 1, 3, 5, 7, 8, 9 ], [ 1, 3, 5, 7, 9 ], [ 1, 3, 5, 8 ], 
          [ 1, 3, 5, 8, 9 ], [ 1, 3, 5, 9 ], [ 1, 3, 6 ], [ 1, 3, 6, 7 ], [ 1, 3, 6, 7, 8 ], [ 1, 3, 6, 7, 8, 9 ], 
          [ 1, 3, 6, 7, 9 ], [ 1, 3, 6, 8 ], [ 1, 3, 6, 8, 9 ], [ 1, 3, 6, 9 ], [ 1, 3, 7 ], [ 1, 3, 7, 8 ], 
          [ 1, 3, 7, 8, 9 ], [ 1, 3, 7, 9 ], [ 1, 3, 8 ], [ 1, 3, 8, 9 ], [ 1, 3, 9 ], [ 1, 4 ], [ 1, 4, 5 ], 
          [ 1, 4, 5, 6 ], [ 1, 4, 5, 6, 7 ], [ 1, 4, 5, 6, 7, 8 ], [ 1, 4, 5, 6, 7, 8, 9 ], [ 1, 4, 5, 6, 7, 9 ], 
          [ 1, 4, 5, 6, 8 ], [ 1, 4, 5, 6, 8, 9 ], [ 1, 4, 5, 6, 9 ], [ 1, 4, 5, 7 ], [ 1, 4, 5, 7, 8 ], 
          [ 1, 4, 5, 7, 8, 9 ], [ 1, 4, 5, 7, 9 ], [ 1, 4, 5, 8 ], [ 1, 4, 5, 8, 9 ], [ 1, 4, 5, 9 ], [ 1, 4, 6 ], 
          [ 1, 4, 6, 7 ], [ 1, 4, 6, 7, 8 ], [ 1, 4, 6, 7, 8, 9 ], [ 1, 4, 6, 7, 9 ], [ 1, 4, 6, 8 ], 
          [ 1, 4, 6, 8, 9 ], [ 1, 4, 6, 9 ], [ 1, 4, 7 ], [ 1, 4, 7, 8 ], [ 1, 4, 7, 8, 9 ], [ 1, 4, 7, 9 ], 
          [ 1, 4, 8 ], [ 1, 4, 8, 9 ], [ 1, 4, 9 ], [ 1, 5 ], [ 1, 5, 6 ], [ 1, 5, 6, 7 ], [ 1, 5, 6, 7, 8 ], 
          [ 1, 5, 6, 7, 8, 9 ], [ 1, 5, 6, 7, 9 ], [ 1, 5, 6, 8 ], [ 1, 5, 6, 8, 9 ], [ 1, 5, 6, 9 ], [ 1, 5, 7 ], 
          [ 1, 5, 7, 8 ], [ 1, 5, 7, 8, 9 ], [ 1, 5, 7, 9 ], [ 1, 5, 8 ], [ 1, 5, 8, 9 ], [ 1, 5, 9 ], [ 1, 6 ], 
          [ 1, 6, 7 ], [ 1, 6, 7, 8 ], [ 1, 6, 7, 8, 9 ], [ 1, 6, 7, 9 ], [ 1, 6, 8 ], [ 1, 6, 8, 9 ], [ 1, 6, 9 ], 
          [ 1, 7 ], [ 1, 7, 8 ], [ 1, 7, 8, 9 ], [ 1, 7, 9 ], [ 1, 8 ], [ 1, 8, 9 ], [ 1, 9 ], [ 2 ], [ 2, 3 ], 
          [ 2, 3, 4 ], [ 2, 3, 4, 5 ], [ 2, 3, 4, 5, 6 ], [ 2, 3, 4, 5, 6, 7 ], [ 2, 3, 4, 5, 6, 7, 8 ], 
          [ 2, 3, 4, 5, 6, 7, 8, 9 ], [ 2, 3, 4, 5, 6, 7, 9 ], [ 2, 3, 4, 5, 6, 8 ], [ 2, 3, 4, 5, 6, 8, 9 ], 
          [ 2, 3, 4, 5, 6, 9 ], [ 2, 3, 4, 5, 7 ], [ 2, 3, 4, 5, 7, 8 ], [ 2, 3, 4, 5, 7, 8, 9 ], 
          [ 2, 3, 4, 5, 7, 9 ], [ 2, 3, 4, 5, 8 ], [ 2, 3, 4, 5, 8, 9 ], [ 2, 3, 4, 5, 9 ], [ 2, 3, 4, 6 ], 
          [ 2, 3, 4, 6, 7 ], [ 2, 3, 4, 6, 7, 8 ], [ 2, 3, 4, 6, 7, 8, 9 ], [ 2, 3, 4, 6, 7, 9 ], [ 2, 3, 4, 6, 8 ], 
          [ 2, 3, 4, 6, 8, 9 ], [ 2, 3, 4, 6, 9 ], [ 2, 3, 4, 7 ], [ 2, 3, 4, 7, 8 ], [ 2, 3, 4, 7, 8, 9 ], 
          [ 2, 3, 4, 7, 9 ], [ 2, 3, 4, 8 ], [ 2, 3, 4, 8, 9 ], [ 2, 3, 4, 9 ], [ 2, 3, 5 ], [ 2, 3, 5, 6 ], 
          [ 2, 3, 5, 6, 7 ], [ 2, 3, 5, 6, 7, 8 ], [ 2, 3, 5, 6, 7, 8, 9 ], [ 2, 3, 5, 6, 7, 9 ], [ 2, 3, 5, 6, 8 ], 
          [ 2, 3, 5, 6, 8, 9 ], [ 2, 3, 5, 6, 9 ], [ 2, 3, 5, 7 ], [ 2, 3, 5, 7, 8 ], [ 2, 3, 5, 7, 8, 9 ], 
          [ 2, 3, 5, 7, 9 ], [ 2, 3, 5, 8 ], [ 2, 3, 5, 8, 9 ], [ 2, 3, 5, 9 ], [ 2, 3, 6 ], [ 2, 3, 6, 7 ], 
          [ 2, 3, 6, 7, 8 ], [ 2, 3, 6, 7, 8, 9 ], [ 2, 3, 6, 7, 9 ], [ 2, 3, 6, 8 ], [ 2, 3, 6, 8, 9 ], 
          [ 2, 3, 6, 9 ], [ 2, 3, 7 ], [ 2, 3, 7, 8 ], [ 2, 3, 7, 8, 9 ], [ 2, 3, 7, 9 ], [ 2, 3, 8 ], 
          [ 2, 3, 8, 9 ], [ 2, 3, 9 ], [ 2, 4 ], [ 2, 4, 5 ], [ 2, 4, 5, 6 ], [ 2, 4, 5, 6, 7 ], 
          [ 2, 4, 5, 6, 7, 8 ], [ 2, 4, 5, 6, 7, 8, 9 ], [ 2, 4, 5, 6, 7, 9 ], [ 2, 4, 5, 6, 8 ], 
          [ 2, 4, 5, 6, 8, 9 ], [ 2, 4, 5, 6, 9 ], [ 2, 4, 5, 7 ], [ 2, 4, 5, 7, 8 ], [ 2, 4, 5, 7, 8, 9 ], 
          [ 2, 4, 5, 7, 9 ], [ 2, 4, 5, 8 ], [ 2, 4, 5, 8, 9 ], [ 2, 4, 5, 9 ], [ 2, 4, 6 ], [ 2, 4, 6, 7 ], 
          [ 2, 4, 6, 7, 8 ], [ 2, 4, 6, 7, 8, 9 ], [ 2, 4, 6, 7, 9 ], [ 2, 4, 6, 8 ], [ 2, 4, 6, 8, 9 ], 
          [ 2, 4, 6, 9 ], [ 2, 4, 7 ], [ 2, 4, 7, 8 ], [ 2, 4, 7, 8, 9 ], [ 2, 4, 7, 9 ], [ 2, 4, 8 ], 
          [ 2, 4, 8, 9 ], [ 2, 4, 9 ], [ 2, 5 ], [ 2, 5, 6 ], [ 2, 5, 6, 7 ], [ 2, 5, 6, 7, 8 ], 
          [ 2, 5, 6, 7, 8, 9 ], [ 2, 5, 6, 7, 9 ], [ 2, 5, 6, 8 ], [ 2, 5, 6, 8, 9 ], [ 2, 5, 6, 9 ], [ 2, 5, 7 ], 
          [ 2, 5, 7, 8 ], [ 2, 5, 7, 8, 9 ], [ 2, 5, 7, 9 ], [ 2, 5, 8 ], [ 2, 5, 8, 9 ], [ 2, 5, 9 ], [ 2, 6 ], 
          [ 2, 6, 7 ], [ 2, 6, 7, 8 ], [ 2, 6, 7, 8, 9 ], [ 2, 6, 7, 9 ], [ 2, 6, 8 ], [ 2, 6, 8, 9 ], [ 2, 6, 9 ], 
          [ 2, 7 ], [ 2, 7, 8 ], [ 2, 7, 8, 9 ], [ 2, 7, 9 ], [ 2, 8 ], [ 2, 8, 9 ], [ 2, 9 ], [ 3 ], [ 3, 4 ], 
          [ 3, 4, 5 ], [ 3, 4, 5, 6 ], [ 3, 4, 5, 6, 7 ], [ 3, 4, 5, 6, 7, 8 ], [ 3, 4, 5, 6, 7, 8, 9 ], 
          [ 3, 4, 5, 6, 7, 9 ], [ 3, 4, 5, 6, 8 ], [ 3, 4, 5, 6, 8, 9 ], [ 3, 4, 5, 6, 9 ], [ 3, 4, 5, 7 ], 
          [ 3, 4, 5, 7, 8 ], [ 3, 4, 5, 7, 8, 9 ], [ 3, 4, 5, 7, 9 ], [ 3, 4, 5, 8 ], [ 3, 4, 5, 8, 9 ], 
          [ 3, 4, 5, 9 ], [ 3, 4, 6 ], [ 3, 4, 6, 7 ], [ 3, 4, 6, 7, 8 ], [ 3, 4, 6, 7, 8, 9 ], [ 3, 4, 6, 7, 9 ], 
          [ 3, 4, 6, 8 ], [ 3, 4, 6, 8, 9 ], [ 3, 4, 6, 9 ], [ 3, 4, 7 ], [ 3, 4, 7, 8 ], [ 3, 4, 7, 8, 9 ], 
          [ 3, 4, 7, 9 ], [ 3, 4, 8 ], [ 3, 4, 8, 9 ], [ 3, 4, 9 ], [ 3, 5 ], [ 3, 5, 6 ], [ 3, 5, 6, 7 ], 
          [ 3, 5, 6, 7, 8 ], [ 3, 5, 6, 7, 8, 9 ], [ 3, 5, 6, 7, 9 ], [ 3, 5, 6, 8 ], [ 3, 5, 6, 8, 9 ], 
          [ 3, 5, 6, 9 ], [ 3, 5, 7 ], [ 3, 5, 7, 8 ], [ 3, 5, 7, 8, 9 ], [ 3, 5, 7, 9 ], [ 3, 5, 8 ], 
          [ 3, 5, 8, 9 ], [ 3, 5, 9 ], [ 3, 6 ], [ 3, 6, 7 ], [ 3, 6, 7, 8 ], [ 3, 6, 7, 8, 9 ], [ 3, 6, 7, 9 ], 
          [ 3, 6, 8 ], [ 3, 6, 8, 9 ], [ 3, 6, 9 ], [ 3, 7 ], [ 3, 7, 8 ], [ 3, 7, 8, 9 ], [ 3, 7, 9 ], [ 3, 8 ], 
          [ 3, 8, 9 ], [ 3, 9 ], [ 4 ], [ 4, 5 ], [ 4, 5, 6 ], [ 4, 5, 6, 7 ], [ 4, 5, 6, 7, 8 ], 
          [ 4, 5, 6, 7, 8, 9 ], [ 4, 5, 6, 7, 9 ], [ 4, 5, 6, 8 ], [ 4, 5, 6, 8, 9 ], [ 4, 5, 6, 9 ], [ 4, 5, 7 ], 
          [ 4, 5, 7, 8 ], [ 4, 5, 7, 8, 9 ], [ 4, 5, 7, 9 ], [ 4, 5, 8 ], [ 4, 5, 8, 9 ], [ 4, 5, 9 ], [ 4, 6 ], 
          [ 4, 6, 7 ], [ 4, 6, 7, 8 ], [ 4, 6, 7, 8, 9 ], [ 4, 6, 7, 9 ], [ 4, 6, 8 ], [ 4, 6, 8, 9 ], [ 4, 6, 9 ], 
          [ 4, 7 ], [ 4, 7, 8 ], [ 4, 7, 8, 9 ], [ 4, 7, 9 ], [ 4, 8 ], [ 4, 8, 9 ], [ 4, 9 ], [ 5 ], [ 5, 6 ], 
          [ 5, 6, 7 ], [ 5, 6, 7, 8 ], [ 5, 6, 7, 8, 9 ], [ 5, 6, 7, 9 ], [ 5, 6, 8 ], [ 5, 6, 8, 9 ], [ 5, 6, 9 ], 
          [ 5, 7 ], [ 5, 7, 8 ], [ 5, 7, 8, 9 ], [ 5, 7, 9 ], [ 5, 8 ], [ 5, 8, 9 ], [ 5, 9 ], [ 6 ], [ 6, 7 ], 
          [ 6, 7, 8 ], [ 6, 7, 8, 9 ], [ 6, 7, 9 ], [ 6, 8 ], [ 6, 8, 9 ], [ 6, 9 ], [ 7 ], [ 7, 8 ], [ 7, 8, 9 ], 
          [ 7, 9 ], [ 8 ], [ 8, 9 ], [ 9 ] ],
      ListVect := [ [ 1, 0, 0, 0, 0, 0, 0, 0, 0, 0, 0, 0, 0, 0, 0, 0, 0 ], 
          [ 1, 1, 1, 1, 1, 1, 1, 1, 1, 0, 0, 0, 0, 0, 0, 0, 0 ], [ 1, 1, 1, 1, 1, 1, 1, 1, 1, 1, 1, 1, 1, 1, 1, 1, 1 
             ], [ 1, 0, 1, 1, 1, 1, 1, 1, 1, 0, 1, 1, 1, 1, 1, 1, 1 ], 
          [ 1, 0, 0, 1, 1, 1, 1, 1, 1, 0, 0, 1, 1, 1, 1, 1, 1 ], [ 1, 0, 0, 0, 1, 1, 1, 1, 1, 0, 0, 0, 1, 1, 1, 1, 1 
             ], [ 1, 0, 0, 0, 0, 1, 1, 1, 1, 0, 0, 0, 0, 1, 1, 1, 1 ], 
          [ 1, 0, 0, 0, 0, 0, 1, 1, 1, 0, 0, 0, 0, 0, 1, 1, 1 ], [ 1, 0, 0, 0, 0, 0, 0, 1, 1, 0, 0, 0, 0, 0, 0, 1, 1 
             ], [ 1, 0, 0, 0, 0, 0, 0, 0, 1, 0, 0, 0, 0, 0, 0, 0, 1 ], 
          [ 1, 0, 0, 0, 0, 0, 1, 0, 1, 0, 0, 0, 0, 0, 1, 0, 1 ], [ 1, 0, 0, 0, 0, 1, 0, 1, 1, 0, 0, 0, 0, 1, 0, 1, 1 
             ], [ 1, 0, 0, 0, 0, 1, 0, 0, 1, 0, 0, 0, 0, 1, 0, 0, 1 ], 
          [ 1, 0, 0, 0, 0, 1, 1, 0, 1, 0, 0, 0, 0, 1, 1, 0, 1 ], [ 1, 0, 0, 0, 1, 0, 1, 1, 1, 0, 0, 0, 1, 0, 1, 1, 1 
             ], [ 1, 0, 0, 0, 1, 0, 0, 1, 1, 0, 0, 0, 1, 0, 0, 1, 1 ], 
          [ 1, 0, 0, 0, 1, 0, 0, 0, 1, 0, 0, 0, 1, 0, 0, 0, 1 ], [ 1, 0, 0, 0, 1, 0, 1, 0, 1, 0, 0, 0, 1, 0, 1, 0, 1 
             ], [ 1, 0, 0, 0, 1, 1, 0, 1, 1, 0, 0, 0, 1, 1, 0, 1, 1 ], 
          [ 1, 0, 0, 0, 1, 1, 0, 0, 1, 0, 0, 0, 1, 1, 0, 0, 1 ], [ 1, 0, 0, 0, 1, 1, 1, 0, 1, 0, 0, 0, 1, 1, 1, 0, 1 
             ], [ 1, 0, 0, 1, 0, 1, 1, 1, 1, 0, 0, 1, 0, 1, 1, 1, 1 ], 
          [ 1, 0, 0, 1, 0, 0, 1, 1, 1, 0, 0, 1, 0, 0, 1, 1, 1 ], [ 1, 0, 0, 1, 0, 0, 0, 1, 1, 0, 0, 1, 0, 0, 0, 1, 1 
             ], [ 1, 0, 0, 1, 0, 0, 0, 0, 1, 0, 0, 1, 0, 0, 0, 0, 1 ], 
          [ 1, 0, 0, 1, 0, 0, 1, 0, 1, 0, 0, 1, 0, 0, 1, 0, 1 ], [ 1, 0, 0, 1, 0, 1, 0, 1, 1, 0, 0, 1, 0, 1, 0, 1, 1 
             ], [ 1, 0, 0, 1, 0, 1, 0, 0, 1, 0, 0, 1, 0, 1, 0, 0, 1 ], 
          [ 1, 0, 0, 1, 0, 1, 1, 0, 1, 0, 0, 1, 0, 1, 1, 0, 1 ], [ 1, 0, 0, 1, 1, 0, 1, 1, 1, 0, 0, 1, 1, 0, 1, 1, 1 
             ], [ 1, 0, 0, 1, 1, 0, 0, 1, 1, 0, 0, 1, 1, 0, 0, 1, 1 ], 
          [ 1, 0, 0, 1, 1, 0, 0, 0, 1, 0, 0, 1, 1, 0, 0, 0, 1 ], [ 1, 0, 0, 1, 1, 0, 1, 0, 1, 0, 0, 1, 1, 0, 1, 0, 1 
             ], [ 1, 0, 0, 1, 1, 1, 0, 1, 1, 0, 0, 1, 1, 1, 0, 1, 1 ], 
          [ 1, 0, 0, 1, 1, 1, 0, 0, 1, 0, 0, 1, 1, 1, 0, 0, 1 ], [ 1, 0, 0, 1, 1, 1, 1, 0, 1, 0, 0, 1, 1, 1, 1, 0, 1 
             ], [ 1, 0, 1, 0, 1, 1, 1, 1, 1, 0, 1, 0, 1, 1, 1, 1, 1 ], 
          [ 1, 0, 1, 0, 0, 1, 1, 1, 1, 0, 1, 0, 0, 1, 1, 1, 1 ], [ 1, 0, 1, 0, 0, 0, 1, 1, 1, 0, 1, 0, 0, 0, 1, 1, 1 
             ], [ 1, 0, 1, 0, 0, 0, 0, 1, 1, 0, 1, 0, 0, 0, 0, 1, 1 ], 
          [ 1, 0, 1, 0, 0, 0, 0, 0, 1, 0, 1, 0, 0, 0, 0, 0, 1 ], [ 1, 0, 1, 0, 0, 0, 1, 0, 1, 0, 1, 0, 0, 0, 1, 0, 1 
             ], [ 1, 0, 1, 0, 0, 1, 0, 1, 1, 0, 1, 0, 0, 1, 0, 1, 1 ], 
          [ 1, 0, 1, 0, 0, 1, 0, 0, 1, 0, 1, 0, 0, 1, 0, 0, 1 ], [ 1, 0, 1, 0, 0, 1, 1, 0, 1, 0, 1, 0, 0, 1, 1, 0, 1 
             ], [ 1, 0, 1, 0, 1, 0, 1, 1, 1, 0, 1, 0, 1, 0, 1, 1, 1 ], 
          [ 1, 0, 1, 0, 1, 0, 0, 1, 1, 0, 1, 0, 1, 0, 0, 1, 1 ], [ 1, 0, 1, 0, 1, 0, 0, 0, 1, 0, 1, 0, 1, 0, 0, 0, 1 
             ], [ 1, 0, 1, 0, 1, 0, 1, 0, 1, 0, 1, 0, 1, 0, 1, 0, 1 ], 
          [ 1, 0, 1, 0, 1, 1, 0, 1, 1, 0, 1, 0, 1, 1, 0, 1, 1 ], [ 1, 0, 1, 0, 1, 1, 0, 0, 1, 0, 1, 0, 1, 1, 0, 0, 1 
             ], [ 1, 0, 1, 0, 1, 1, 1, 0, 1, 0, 1, 0, 1, 1, 1, 0, 1 ], 
          [ 1, 0, 1, 1, 0, 1, 1, 1, 1, 0, 1, 1, 0, 1, 1, 1, 1 ], [ 1, 0, 1, 1, 0, 0, 1, 1, 1, 0, 1, 1, 0, 0, 1, 1, 1 
             ], [ 1, 0, 1, 1, 0, 0, 0, 1, 1, 0, 1, 1, 0, 0, 0, 1, 1 ], 
          [ 1, 0, 1, 1, 0, 0, 0, 0, 1, 0, 1, 1, 0, 0, 0, 0, 1 ], [ 1, 0, 1, 1, 0, 0, 1, 0, 1, 0, 1, 1, 0, 0, 1, 0, 1 
             ], [ 1, 0, 1, 1, 0, 1, 0, 1, 1, 0, 1, 1, 0, 1, 0, 1, 1 ], 
          [ 1, 0, 1, 1, 0, 1, 0, 0, 1, 0, 1, 1, 0, 1, 0, 0, 1 ], [ 1, 0, 1, 1, 0, 1, 1, 0, 1, 0, 1, 1, 0, 1, 1, 0, 1 
             ], [ 1, 0, 1, 1, 1, 0, 1, 1, 1, 0, 1, 1, 1, 0, 1, 1, 1 ], 
          [ 1, 0, 1, 1, 1, 0, 0, 1, 1, 0, 1, 1, 1, 0, 0, 1, 1 ], [ 1, 0, 1, 1, 1, 0, 0, 0, 1, 0, 1, 1, 1, 0, 0, 0, 1 
             ], [ 1, 0, 1, 1, 1, 0, 1, 0, 1, 0, 1, 1, 1, 0, 1, 0, 1 ], 
          [ 1, 0, 1, 1, 1, 1, 0, 1, 1, 0, 1, 1, 1, 1, 0, 1, 1 ], [ 1, 0, 1, 1, 1, 1, 0, 0, 1, 0, 1, 1, 1, 1, 0, 0, 1 
             ], [ 1, 0, 1, 1, 1, 1, 1, 0, 1, 0, 1, 1, 1, 1, 1, 0, 1 ], 
          [ 1, 1, 0, 1, 1, 1, 1, 1, 1, 1, 0, 1, 1, 1, 1, 1, 1 ], [ 1, 1, 0, 0, 1, 1, 1, 1, 1, 1, 0, 0, 1, 1, 1, 1, 1 
             ], [ 1, 1, 0, 0, 0, 1, 1, 1, 1, 1, 0, 0, 0, 1, 1, 1, 1 ], 
          [ 1, 1, 0, 0, 0, 0, 1, 1, 1, 1, 0, 0, 0, 0, 1, 1, 1 ], [ 1, 1, 0, 0, 0, 0, 0, 1, 1, 1, 0, 0, 0, 0, 0, 1, 1 
             ], [ 1, 1, 0, 0, 0, 0, 0, 0, 1, 1, 0, 0, 0, 0, 0, 0, 1 ], 
          [ 1, 1, 0, 0, 0, 0, 1, 0, 1, 1, 0, 0, 0, 0, 1, 0, 1 ], [ 1, 1, 0, 0, 0, 1, 0, 1, 1, 1, 0, 0, 0, 1, 0, 1, 1 
             ], [ 1, 1, 0, 0, 0, 1, 0, 0, 1, 1, 0, 0, 0, 1, 0, 0, 1 ], 
          [ 1, 1, 0, 0, 0, 1, 1, 0, 1, 1, 0, 0, 0, 1, 1, 0, 1 ], [ 1, 1, 0, 0, 1, 0, 1, 1, 1, 1, 0, 0, 1, 0, 1, 1, 1 
             ], [ 1, 1, 0, 0, 1, 0, 0, 1, 1, 1, 0, 0, 1, 0, 0, 1, 1 ], 
          [ 1, 1, 0, 0, 1, 0, 0, 0, 1, 1, 0, 0, 1, 0, 0, 0, 1 ], [ 1, 1, 0, 0, 1, 0, 1, 0, 1, 1, 0, 0, 1, 0, 1, 0, 1 
             ], [ 1, 1, 0, 0, 1, 1, 0, 1, 1, 1, 0, 0, 1, 1, 0, 1, 1 ], 
          [ 1, 1, 0, 0, 1, 1, 0, 0, 1, 1, 0, 0, 1, 1, 0, 0, 1 ], [ 1, 1, 0, 0, 1, 1, 1, 0, 1, 1, 0, 0, 1, 1, 1, 0, 1 
             ], [ 1, 1, 0, 1, 0, 1, 1, 1, 1, 1, 0, 1, 0, 1, 1, 1, 1 ], 
          [ 1, 1, 0, 1, 0, 0, 1, 1, 1, 1, 0, 1, 0, 0, 1, 1, 1 ], [ 1, 1, 0, 1, 0, 0, 0, 1, 1, 1, 0, 1, 0, 0, 0, 1, 1 
             ], [ 1, 1, 0, 1, 0, 0, 0, 0, 1, 1, 0, 1, 0, 0, 0, 0, 1 ], 
          [ 1, 1, 0, 1, 0, 0, 1, 0, 1, 1, 0, 1, 0, 0, 1, 0, 1 ], [ 1, 1, 0, 1, 0, 1, 0, 1, 1, 1, 0, 1, 0, 1, 0, 1, 1 
             ], [ 1, 1, 0, 1, 0, 1, 0, 0, 1, 1, 0, 1, 0, 1, 0, 0, 1 ], 
          [ 1, 1, 0, 1, 0, 1, 1, 0, 1, 1, 0, 1, 0, 1, 1, 0, 1 ], [ 1, 1, 0, 1, 1, 0, 1, 1, 1, 1, 0, 1, 1, 0, 1, 1, 1 
             ], [ 1, 1, 0, 1, 1, 0, 0, 1, 1, 1, 0, 1, 1, 0, 0, 1, 1 ], 
          [ 1, 1, 0, 1, 1, 0, 0, 0, 1, 1, 0, 1, 1, 0, 0, 0, 1 ], [ 1, 1, 0, 1, 1, 0, 1, 0, 1, 1, 0, 1, 1, 0, 1, 0, 1 
             ], [ 1, 1, 0, 1, 1, 1, 0, 1, 1, 1, 0, 1, 1, 1, 0, 1, 1 ], 
          [ 1, 1, 0, 1, 1, 1, 0, 0, 1, 1, 0, 1, 1, 1, 0, 0, 1 ], [ 1, 1, 0, 1, 1, 1, 1, 0, 1, 1, 0, 1, 1, 1, 1, 0, 1 
             ], [ 1, 1, 1, 0, 1, 1, 1, 1, 1, 1, 1, 0, 1, 1, 1, 1, 1 ], 
          [ 1, 1, 1, 0, 0, 1, 1, 1, 1, 1, 1, 0, 0, 1, 1, 1, 1 ], [ 1, 1, 1, 0, 0, 0, 1, 1, 1, 1, 1, 0, 0, 0, 1, 1, 1 
             ], [ 1, 1, 1, 0, 0, 0, 0, 1, 1, 1, 1, 0, 0, 0, 0, 1, 1 ], 
          [ 1, 1, 1, 0, 0, 0, 0, 0, 1, 1, 1, 0, 0, 0, 0, 0, 1 ], [ 1, 1, 1, 0, 0, 0, 1, 0, 1, 1, 1, 0, 0, 0, 1, 0, 1 
             ], [ 1, 1, 1, 0, 0, 1, 0, 1, 1, 1, 1, 0, 0, 1, 0, 1, 1 ], 
          [ 1, 1, 1, 0, 0, 1, 0, 0, 1, 1, 1, 0, 0, 1, 0, 0, 1 ], [ 1, 1, 1, 0, 0, 1, 1, 0, 1, 1, 1, 0, 0, 1, 1, 0, 1 
             ], [ 1, 1, 1, 0, 1, 0, 1, 1, 1, 1, 1, 0, 1, 0, 1, 1, 1 ], 
          [ 1, 1, 1, 0, 1, 0, 0, 1, 1, 1, 1, 0, 1, 0, 0, 1, 1 ], [ 1, 1, 1, 0, 1, 0, 0, 0, 1, 1, 1, 0, 1, 0, 0, 0, 1 
             ], [ 1, 1, 1, 0, 1, 0, 1, 0, 1, 1, 1, 0, 1, 0, 1, 0, 1 ], 
          [ 1, 1, 1, 0, 1, 1, 0, 1, 1, 1, 1, 0, 1, 1, 0, 1, 1 ], [ 1, 1, 1, 0, 1, 1, 0, 0, 1, 1, 1, 0, 1, 1, 0, 0, 1 
             ], [ 1, 1, 1, 0, 1, 1, 1, 0, 1, 1, 1, 0, 1, 1, 1, 0, 1 ], 
          [ 1, 1, 1, 1, 0, 1, 1, 1, 1, 1, 1, 1, 0, 1, 1, 1, 1 ], [ 1, 1, 1, 1, 0, 0, 1, 1, 1, 1, 1, 1, 0, 0, 1, 1, 1 
             ], [ 1, 1, 1, 1, 0, 0, 0, 1, 1, 1, 1, 1, 0, 0, 0, 1, 1 ], 
          [ 1, 1, 1, 1, 0, 0, 0, 0, 1, 1, 1, 1, 0, 0, 0, 0, 1 ], [ 1, 1, 1, 1, 0, 0, 1, 0, 1, 1, 1, 1, 0, 0, 1, 0, 1 
             ], [ 1, 1, 1, 1, 0, 1, 0, 1, 1, 1, 1, 1, 0, 1, 0, 1, 1 ], 
          [ 1, 1, 1, 1, 0, 1, 0, 0, 1, 1, 1, 1, 0, 1, 0, 0, 1 ], [ 1, 1, 1, 1, 0, 1, 1, 0, 1, 1, 1, 1, 0, 1, 1, 0, 1 
             ], [ 1, 1, 1, 1, 1, 0, 1, 1, 1, 1, 1, 1, 1, 0, 1, 1, 1 ], 
          [ 1, 1, 1, 1, 1, 0, 0, 1, 1, 1, 1, 1, 1, 0, 0, 1, 1 ], [ 1, 1, 1, 1, 1, 0, 0, 0, 1, 1, 1, 1, 1, 0, 0, 0, 1 
             ], [ 1, 1, 1, 1, 1, 0, 1, 0, 1, 1, 1, 1, 1, 0, 1, 0, 1 ], 
          [ 1, 1, 1, 1, 1, 1, 0, 1, 1, 1, 1, 1, 1, 1, 0, 1, 1 ], [ 1, 1, 1, 1, 1, 1, 0, 0, 1, 1, 1, 1, 1, 1, 0, 0, 1 
             ], [ 1, 1, 1, 1, 1, 1, 1, 0, 1, 1, 1, 1, 1, 1, 1, 0, 1 ], 
          [ 1, 0, 1, 1, 1, 1, 1, 1, 1, 1, 0, 0, 0, 0, 0, 0, 0 ], [ 1, 0, 0, 1, 1, 1, 1, 1, 1, 1, 1, 0, 0, 0, 0, 0, 0 
             ], [ 1, 0, 0, 0, 1, 1, 1, 1, 1, 1, 1, 1, 0, 0, 0, 0, 0 ], 
          [ 1, 0, 0, 0, 0, 1, 1, 1, 1, 1, 1, 1, 1, 0, 0, 0, 0 ], [ 1, 0, 0, 0, 0, 0, 1, 1, 1, 1, 1, 1, 1, 1, 0, 0, 0 
             ], [ 1, 0, 0, 0, 0, 0, 0, 1, 1, 1, 1, 1, 1, 1, 1, 0, 0 ], 
          [ 1, 0, 0, 0, 0, 0, 0, 0, 1, 1, 1, 1, 1, 1, 1, 1, 0 ], [ 1, 0, 0, 0, 0, 0, 1, 0, 1, 1, 1, 1, 1, 1, 0, 1, 0 
             ], [ 1, 0, 0, 0, 0, 1, 0, 1, 1, 1, 1, 1, 1, 0, 1, 0, 0 ], 
          [ 1, 0, 0, 0, 0, 1, 0, 0, 1, 1, 1, 1, 1, 0, 1, 1, 0 ], [ 1, 0, 0, 0, 0, 1, 1, 0, 1, 1, 1, 1, 1, 0, 0, 1, 0 
             ], [ 1, 0, 0, 0, 1, 0, 1, 1, 1, 1, 1, 1, 0, 1, 0, 0, 0 ], 
          [ 1, 0, 0, 0, 1, 0, 0, 1, 1, 1, 1, 1, 0, 1, 1, 0, 0 ], [ 1, 0, 0, 0, 1, 0, 0, 0, 1, 1, 1, 1, 0, 1, 1, 1, 0 
             ], [ 1, 0, 0, 0, 1, 0, 1, 0, 1, 1, 1, 1, 0, 1, 0, 1, 0 ], 
          [ 1, 0, 0, 0, 1, 1, 0, 1, 1, 1, 1, 1, 0, 0, 1, 0, 0 ], [ 1, 0, 0, 0, 1, 1, 0, 0, 1, 1, 1, 1, 0, 0, 1, 1, 0 
             ], [ 1, 0, 0, 0, 1, 1, 1, 0, 1, 1, 1, 1, 0, 0, 0, 1, 0 ], 
          [ 1, 0, 0, 1, 0, 1, 1, 1, 1, 1, 1, 0, 1, 0, 0, 0, 0 ], [ 1, 0, 0, 1, 0, 0, 1, 1, 1, 1, 1, 0, 1, 1, 0, 0, 0 
             ], [ 1, 0, 0, 1, 0, 0, 0, 1, 1, 1, 1, 0, 1, 1, 1, 0, 0 ], 
          [ 1, 0, 0, 1, 0, 0, 0, 0, 1, 1, 1, 0, 1, 1, 1, 1, 0 ], [ 1, 0, 0, 1, 0, 0, 1, 0, 1, 1, 1, 0, 1, 1, 0, 1, 0 
             ], [ 1, 0, 0, 1, 0, 1, 0, 1, 1, 1, 1, 0, 1, 0, 1, 0, 0 ], 
          [ 1, 0, 0, 1, 0, 1, 0, 0, 1, 1, 1, 0, 1, 0, 1, 1, 0 ], [ 1, 0, 0, 1, 0, 1, 1, 0, 1, 1, 1, 0, 1, 0, 0, 1, 0 
             ], [ 1, 0, 0, 1, 1, 0, 1, 1, 1, 1, 1, 0, 0, 1, 0, 0, 0 ], 
          [ 1, 0, 0, 1, 1, 0, 0, 1, 1, 1, 1, 0, 0, 1, 1, 0, 0 ], [ 1, 0, 0, 1, 1, 0, 0, 0, 1, 1, 1, 0, 0, 1, 1, 1, 0 
             ], [ 1, 0, 0, 1, 1, 0, 1, 0, 1, 1, 1, 0, 0, 1, 0, 1, 0 ], 
          [ 1, 0, 0, 1, 1, 1, 0, 1, 1, 1, 1, 0, 0, 0, 1, 0, 0 ], [ 1, 0, 0, 1, 1, 1, 0, 0, 1, 1, 1, 0, 0, 0, 1, 1, 0 
             ], [ 1, 0, 0, 1, 1, 1, 1, 0, 1, 1, 1, 0, 0, 0, 0, 1, 0 ], 
          [ 1, 0, 1, 0, 1, 1, 1, 1, 1, 1, 0, 1, 0, 0, 0, 0, 0 ], [ 1, 0, 1, 0, 0, 1, 1, 1, 1, 1, 0, 1, 1, 0, 0, 0, 0 
             ], [ 1, 0, 1, 0, 0, 0, 1, 1, 1, 1, 0, 1, 1, 1, 0, 0, 0 ], 
          [ 1, 0, 1, 0, 0, 0, 0, 1, 1, 1, 0, 1, 1, 1, 1, 0, 0 ], [ 1, 0, 1, 0, 0, 0, 0, 0, 1, 1, 0, 1, 1, 1, 1, 1, 0 
             ], [ 1, 0, 1, 0, 0, 0, 1, 0, 1, 1, 0, 1, 1, 1, 0, 1, 0 ], 
          [ 1, 0, 1, 0, 0, 1, 0, 1, 1, 1, 0, 1, 1, 0, 1, 0, 0 ], [ 1, 0, 1, 0, 0, 1, 0, 0, 1, 1, 0, 1, 1, 0, 1, 1, 0 
             ], [ 1, 0, 1, 0, 0, 1, 1, 0, 1, 1, 0, 1, 1, 0, 0, 1, 0 ], 
          [ 1, 0, 1, 0, 1, 0, 1, 1, 1, 1, 0, 1, 0, 1, 0, 0, 0 ], [ 1, 0, 1, 0, 1, 0, 0, 1, 1, 1, 0, 1, 0, 1, 1, 0, 0 
             ], [ 1, 0, 1, 0, 1, 0, 0, 0, 1, 1, 0, 1, 0, 1, 1, 1, 0 ], 
          [ 1, 0, 1, 0, 1, 0, 1, 0, 1, 1, 0, 1, 0, 1, 0, 1, 0 ], [ 1, 0, 1, 0, 1, 1, 0, 1, 1, 1, 0, 1, 0, 0, 1, 0, 0 
             ], [ 1, 0, 1, 0, 1, 1, 0, 0, 1, 1, 0, 1, 0, 0, 1, 1, 0 ], 
          [ 1, 0, 1, 0, 1, 1, 1, 0, 1, 1, 0, 1, 0, 0, 0, 1, 0 ], [ 1, 0, 1, 1, 0, 1, 1, 1, 1, 1, 0, 0, 1, 0, 0, 0, 0 
             ], [ 1, 0, 1, 1, 0, 0, 1, 1, 1, 1, 0, 0, 1, 1, 0, 0, 0 ], 
          [ 1, 0, 1, 1, 0, 0, 0, 1, 1, 1, 0, 0, 1, 1, 1, 0, 0 ], [ 1, 0, 1, 1, 0, 0, 0, 0, 1, 1, 0, 0, 1, 1, 1, 1, 0 
             ], [ 1, 0, 1, 1, 0, 0, 1, 0, 1, 1, 0, 0, 1, 1, 0, 1, 0 ], 
          [ 1, 0, 1, 1, 0, 1, 0, 1, 1, 1, 0, 0, 1, 0, 1, 0, 0 ], [ 1, 0, 1, 1, 0, 1, 0, 0, 1, 1, 0, 0, 1, 0, 1, 1, 0 
             ], [ 1, 0, 1, 1, 0, 1, 1, 0, 1, 1, 0, 0, 1, 0, 0, 1, 0 ], 
          [ 1, 0, 1, 1, 1, 0, 1, 1, 1, 1, 0, 0, 0, 1, 0, 0, 0 ], [ 1, 0, 1, 1, 1, 0, 0, 1, 1, 1, 0, 0, 0, 1, 1, 0, 0 
             ], [ 1, 0, 1, 1, 1, 0, 0, 0, 1, 1, 0, 0, 0, 1, 1, 1, 0 ], 
          [ 1, 0, 1, 1, 1, 0, 1, 0, 1, 1, 0, 0, 0, 1, 0, 1, 0 ], [ 1, 0, 1, 1, 1, 1, 0, 1, 1, 1, 0, 0, 0, 0, 1, 0, 0 
             ], [ 1, 0, 1, 1, 1, 1, 0, 0, 1, 1, 0, 0, 0, 0, 1, 1, 0 ], 
          [ 1, 0, 1, 1, 1, 1, 1, 0, 1, 1, 0, 0, 0, 0, 0, 1, 0 ], [ 1, 1, 0, 1, 1, 1, 1, 1, 1, 0, 1, 0, 0, 0, 0, 0, 0 
             ], [ 1, 1, 0, 0, 1, 1, 1, 1, 1, 0, 1, 1, 0, 0, 0, 0, 0 ], 
          [ 1, 1, 0, 0, 0, 1, 1, 1, 1, 0, 1, 1, 1, 0, 0, 0, 0 ], [ 1, 1, 0, 0, 0, 0, 1, 1, 1, 0, 1, 1, 1, 1, 0, 0, 0 
             ], [ 1, 1, 0, 0, 0, 0, 0, 1, 1, 0, 1, 1, 1, 1, 1, 0, 0 ], 
          [ 1, 1, 0, 0, 0, 0, 0, 0, 1, 0, 1, 1, 1, 1, 1, 1, 0 ], [ 1, 1, 0, 0, 0, 0, 1, 0, 1, 0, 1, 1, 1, 1, 0, 1, 0 
             ], [ 1, 1, 0, 0, 0, 1, 0, 1, 1, 0, 1, 1, 1, 0, 1, 0, 0 ], 
          [ 1, 1, 0, 0, 0, 1, 0, 0, 1, 0, 1, 1, 1, 0, 1, 1, 0 ], [ 1, 1, 0, 0, 0, 1, 1, 0, 1, 0, 1, 1, 1, 0, 0, 1, 0 
             ], [ 1, 1, 0, 0, 1, 0, 1, 1, 1, 0, 1, 1, 0, 1, 0, 0, 0 ], 
          [ 1, 1, 0, 0, 1, 0, 0, 1, 1, 0, 1, 1, 0, 1, 1, 0, 0 ], [ 1, 1, 0, 0, 1, 0, 0, 0, 1, 0, 1, 1, 0, 1, 1, 1, 0 
             ], [ 1, 1, 0, 0, 1, 0, 1, 0, 1, 0, 1, 1, 0, 1, 0, 1, 0 ], 
          [ 1, 1, 0, 0, 1, 1, 0, 1, 1, 0, 1, 1, 0, 0, 1, 0, 0 ], [ 1, 1, 0, 0, 1, 1, 0, 0, 1, 0, 1, 1, 0, 0, 1, 1, 0 
             ], [ 1, 1, 0, 0, 1, 1, 1, 0, 1, 0, 1, 1, 0, 0, 0, 1, 0 ], 
          [ 1, 1, 0, 1, 0, 1, 1, 1, 1, 0, 1, 0, 1, 0, 0, 0, 0 ], [ 1, 1, 0, 1, 0, 0, 1, 1, 1, 0, 1, 0, 1, 1, 0, 0, 0 
             ], [ 1, 1, 0, 1, 0, 0, 0, 1, 1, 0, 1, 0, 1, 1, 1, 0, 0 ], 
          [ 1, 1, 0, 1, 0, 0, 0, 0, 1, 0, 1, 0, 1, 1, 1, 1, 0 ], [ 1, 1, 0, 1, 0, 0, 1, 0, 1, 0, 1, 0, 1, 1, 0, 1, 0 
             ], [ 1, 1, 0, 1, 0, 1, 0, 1, 1, 0, 1, 0, 1, 0, 1, 0, 0 ], 
          [ 1, 1, 0, 1, 0, 1, 0, 0, 1, 0, 1, 0, 1, 0, 1, 1, 0 ], [ 1, 1, 0, 1, 0, 1, 1, 0, 1, 0, 1, 0, 1, 0, 0, 1, 0 
             ], [ 1, 1, 0, 1, 1, 0, 1, 1, 1, 0, 1, 0, 0, 1, 0, 0, 0 ], 
          [ 1, 1, 0, 1, 1, 0, 0, 1, 1, 0, 1, 0, 0, 1, 1, 0, 0 ], [ 1, 1, 0, 1, 1, 0, 0, 0, 1, 0, 1, 0, 0, 1, 1, 1, 0 
             ], [ 1, 1, 0, 1, 1, 0, 1, 0, 1, 0, 1, 0, 0, 1, 0, 1, 0 ], 
          [ 1, 1, 0, 1, 1, 1, 0, 1, 1, 0, 1, 0, 0, 0, 1, 0, 0 ], [ 1, 1, 0, 1, 1, 1, 0, 0, 1, 0, 1, 0, 0, 0, 1, 1, 0 
             ], [ 1, 1, 0, 1, 1, 1, 1, 0, 1, 0, 1, 0, 0, 0, 0, 1, 0 ], 
          [ 1, 1, 1, 0, 1, 1, 1, 1, 1, 0, 0, 1, 0, 0, 0, 0, 0 ], [ 1, 1, 1, 0, 0, 1, 1, 1, 1, 0, 0, 1, 1, 0, 0, 0, 0 
             ], [ 1, 1, 1, 0, 0, 0, 1, 1, 1, 0, 0, 1, 1, 1, 0, 0, 0 ], 
          [ 1, 1, 1, 0, 0, 0, 0, 1, 1, 0, 0, 1, 1, 1, 1, 0, 0 ], [ 1, 1, 1, 0, 0, 0, 0, 0, 1, 0, 0, 1, 1, 1, 1, 1, 0 
             ], [ 1, 1, 1, 0, 0, 0, 1, 0, 1, 0, 0, 1, 1, 1, 0, 1, 0 ], 
          [ 1, 1, 1, 0, 0, 1, 0, 1, 1, 0, 0, 1, 1, 0, 1, 0, 0 ], [ 1, 1, 1, 0, 0, 1, 0, 0, 1, 0, 0, 1, 1, 0, 1, 1, 0 
             ], [ 1, 1, 1, 0, 0, 1, 1, 0, 1, 0, 0, 1, 1, 0, 0, 1, 0 ], 
          [ 1, 1, 1, 0, 1, 0, 1, 1, 1, 0, 0, 1, 0, 1, 0, 0, 0 ], [ 1, 1, 1, 0, 1, 0, 0, 1, 1, 0, 0, 1, 0, 1, 1, 0, 0 
             ], [ 1, 1, 1, 0, 1, 0, 0, 0, 1, 0, 0, 1, 0, 1, 1, 1, 0 ], 
          [ 1, 1, 1, 0, 1, 0, 1, 0, 1, 0, 0, 1, 0, 1, 0, 1, 0 ], [ 1, 1, 1, 0, 1, 1, 0, 1, 1, 0, 0, 1, 0, 0, 1, 0, 0 
             ], [ 1, 1, 1, 0, 1, 1, 0, 0, 1, 0, 0, 1, 0, 0, 1, 1, 0 ], 
          [ 1, 1, 1, 0, 1, 1, 1, 0, 1, 0, 0, 1, 0, 0, 0, 1, 0 ], [ 1, 1, 1, 1, 0, 1, 1, 1, 1, 0, 0, 0, 1, 0, 0, 0, 0 
             ], [ 1, 1, 1, 1, 0, 0, 1, 1, 1, 0, 0, 0, 1, 1, 0, 0, 0 ], 
          [ 1, 1, 1, 1, 0, 0, 0, 1, 1, 0, 0, 0, 1, 1, 1, 0, 0 ], [ 1, 1, 1, 1, 0, 0, 0, 0, 1, 0, 0, 0, 1, 1, 1, 1, 0 
             ], [ 1, 1, 1, 1, 0, 0, 1, 0, 1, 0, 0, 0, 1, 1, 0, 1, 0 ], 
          [ 1, 1, 1, 1, 0, 1, 0, 1, 1, 0, 0, 0, 1, 0, 1, 0, 0 ], [ 1, 1, 1, 1, 0, 1, 0, 0, 1, 0, 0, 0, 1, 0, 1, 1, 0 
             ], [ 1, 1, 1, 1, 0, 1, 1, 0, 1, 0, 0, 0, 1, 0, 0, 1, 0 ], 
          [ 1, 1, 1, 1, 1, 0, 1, 1, 1, 0, 0, 0, 0, 1, 0, 0, 0 ], [ 1, 1, 1, 1, 1, 0, 0, 1, 1, 0, 0, 0, 0, 1, 1, 0, 0 
             ], [ 1, 1, 1, 1, 1, 0, 0, 0, 1, 0, 0, 0, 0, 1, 1, 1, 0 ], 
          [ 1, 1, 1, 1, 1, 0, 1, 0, 1, 0, 0, 0, 0, 1, 0, 1, 0 ], [ 1, 1, 1, 1, 1, 1, 0, 1, 1, 0, 0, 0, 0, 0, 1, 0, 0 
             ], [ 1, 1, 1, 1, 1, 1, 0, 0, 1, 0, 0, 0, 0, 0, 1, 1, 0 ], 
          [ 1, 1, 1, 1, 1, 1, 1, 0, 1, 0, 0, 0, 0, 0, 0, 1, 0 ], [ 1, 0, 0, 0, 0, 0, 0, 0, 0, 1, 1, 1, 1, 1, 1, 1, 1 
             ], [ 1, 1, 0, 0, 0, 0, 0, 0, 0, 0, 1, 1, 1, 1, 1, 1, 1 ], 
          [ 1, 1, 1, 0, 0, 0, 0, 0, 0, 0, 0, 1, 1, 1, 1, 1, 1 ], [ 1, 1, 1, 1, 0, 0, 0, 0, 0, 0, 0, 0, 1, 1, 1, 1, 1 
             ], [ 1, 1, 1, 1, 1, 0, 0, 0, 0, 0, 0, 0, 0, 1, 1, 1, 1 ], 
          [ 1, 1, 1, 1, 1, 1, 0, 0, 0, 0, 0, 0, 0, 0, 1, 1, 1 ], [ 1, 1, 1, 1, 1, 1, 1, 0, 0, 0, 0, 0, 0, 0, 0, 1, 1 
             ], [ 1, 1, 1, 1, 1, 1, 1, 1, 0, 0, 0, 0, 0, 0, 0, 0, 1 ], 
          [ 1, 1, 1, 1, 1, 1, 0, 1, 0, 0, 0, 0, 0, 0, 1, 0, 1 ], [ 1, 1, 1, 1, 1, 0, 1, 0, 0, 0, 0, 0, 0, 1, 0, 1, 1 
             ], [ 1, 1, 1, 1, 1, 0, 1, 1, 0, 0, 0, 0, 0, 1, 0, 0, 1 ], 
          [ 1, 1, 1, 1, 1, 0, 0, 1, 0, 0, 0, 0, 0, 1, 1, 0, 1 ], [ 1, 1, 1, 1, 0, 1, 0, 0, 0, 0, 0, 0, 1, 0, 1, 1, 1 
             ], [ 1, 1, 1, 1, 0, 1, 1, 0, 0, 0, 0, 0, 1, 0, 0, 1, 1 ], 
          [ 1, 1, 1, 1, 0, 1, 1, 1, 0, 0, 0, 0, 1, 0, 0, 0, 1 ], [ 1, 1, 1, 1, 0, 1, 0, 1, 0, 0, 0, 0, 1, 0, 1, 0, 1 
             ], [ 1, 1, 1, 1, 0, 0, 1, 0, 0, 0, 0, 0, 1, 1, 0, 1, 1 ], 
          [ 1, 1, 1, 1, 0, 0, 1, 1, 0, 0, 0, 0, 1, 1, 0, 0, 1 ], [ 1, 1, 1, 1, 0, 0, 0, 1, 0, 0, 0, 0, 1, 1, 1, 0, 1 
             ], [ 1, 1, 1, 0, 1, 0, 0, 0, 0, 0, 0, 1, 0, 1, 1, 1, 1 ], 
          [ 1, 1, 1, 0, 1, 1, 0, 0, 0, 0, 0, 1, 0, 0, 1, 1, 1 ], [ 1, 1, 1, 0, 1, 1, 1, 0, 0, 0, 0, 1, 0, 0, 0, 1, 1 
             ], [ 1, 1, 1, 0, 1, 1, 1, 1, 0, 0, 0, 1, 0, 0, 0, 0, 1 ], 
          [ 1, 1, 1, 0, 1, 1, 0, 1, 0, 0, 0, 1, 0, 0, 1, 0, 1 ], [ 1, 1, 1, 0, 1, 0, 1, 0, 0, 0, 0, 1, 0, 1, 0, 1, 1 
             ], [ 1, 1, 1, 0, 1, 0, 1, 1, 0, 0, 0, 1, 0, 1, 0, 0, 1 ], 
          [ 1, 1, 1, 0, 1, 0, 0, 1, 0, 0, 0, 1, 0, 1, 1, 0, 1 ], [ 1, 1, 1, 0, 0, 1, 0, 0, 0, 0, 0, 1, 1, 0, 1, 1, 1 
             ], [ 1, 1, 1, 0, 0, 1, 1, 0, 0, 0, 0, 1, 1, 0, 0, 1, 1 ], 
          [ 1, 1, 1, 0, 0, 1, 1, 1, 0, 0, 0, 1, 1, 0, 0, 0, 1 ], [ 1, 1, 1, 0, 0, 1, 0, 1, 0, 0, 0, 1, 1, 0, 1, 0, 1 
             ], [ 1, 1, 1, 0, 0, 0, 1, 0, 0, 0, 0, 1, 1, 1, 0, 1, 1 ], 
          [ 1, 1, 1, 0, 0, 0, 1, 1, 0, 0, 0, 1, 1, 1, 0, 0, 1 ], [ 1, 1, 1, 0, 0, 0, 0, 1, 0, 0, 0, 1, 1, 1, 1, 0, 1 
             ], [ 1, 1, 0, 1, 0, 0, 0, 0, 0, 0, 1, 0, 1, 1, 1, 1, 1 ], 
          [ 1, 1, 0, 1, 1, 0, 0, 0, 0, 0, 1, 0, 0, 1, 1, 1, 1 ], [ 1, 1, 0, 1, 1, 1, 0, 0, 0, 0, 1, 0, 0, 0, 1, 1, 1 
             ], [ 1, 1, 0, 1, 1, 1, 1, 0, 0, 0, 1, 0, 0, 0, 0, 1, 1 ], 
          [ 1, 1, 0, 1, 1, 1, 1, 1, 0, 0, 1, 0, 0, 0, 0, 0, 1 ], [ 1, 1, 0, 1, 1, 1, 0, 1, 0, 0, 1, 0, 0, 0, 1, 0, 1 
             ], [ 1, 1, 0, 1, 1, 0, 1, 0, 0, 0, 1, 0, 0, 1, 0, 1, 1 ], 
          [ 1, 1, 0, 1, 1, 0, 1, 1, 0, 0, 1, 0, 0, 1, 0, 0, 1 ], [ 1, 1, 0, 1, 1, 0, 0, 1, 0, 0, 1, 0, 0, 1, 1, 0, 1 
             ], [ 1, 1, 0, 1, 0, 1, 0, 0, 0, 0, 1, 0, 1, 0, 1, 1, 1 ], 
          [ 1, 1, 0, 1, 0, 1, 1, 0, 0, 0, 1, 0, 1, 0, 0, 1, 1 ], [ 1, 1, 0, 1, 0, 1, 1, 1, 0, 0, 1, 0, 1, 0, 0, 0, 1 
             ], [ 1, 1, 0, 1, 0, 1, 0, 1, 0, 0, 1, 0, 1, 0, 1, 0, 1 ], 
          [ 1, 1, 0, 1, 0, 0, 1, 0, 0, 0, 1, 0, 1, 1, 0, 1, 1 ], [ 1, 1, 0, 1, 0, 0, 1, 1, 0, 0, 1, 0, 1, 1, 0, 0, 1 
             ], [ 1, 1, 0, 1, 0, 0, 0, 1, 0, 0, 1, 0, 1, 1, 1, 0, 1 ], 
          [ 1, 1, 0, 0, 1, 0, 0, 0, 0, 0, 1, 1, 0, 1, 1, 1, 1 ], [ 1, 1, 0, 0, 1, 1, 0, 0, 0, 0, 1, 1, 0, 0, 1, 1, 1 
             ], [ 1, 1, 0, 0, 1, 1, 1, 0, 0, 0, 1, 1, 0, 0, 0, 1, 1 ], 
          [ 1, 1, 0, 0, 1, 1, 1, 1, 0, 0, 1, 1, 0, 0, 0, 0, 1 ], [ 1, 1, 0, 0, 1, 1, 0, 1, 0, 0, 1, 1, 0, 0, 1, 0, 1 
             ], [ 1, 1, 0, 0, 1, 0, 1, 0, 0, 0, 1, 1, 0, 1, 0, 1, 1 ], 
          [ 1, 1, 0, 0, 1, 0, 1, 1, 0, 0, 1, 1, 0, 1, 0, 0, 1 ], [ 1, 1, 0, 0, 1, 0, 0, 1, 0, 0, 1, 1, 0, 1, 1, 0, 1 
             ], [ 1, 1, 0, 0, 0, 1, 0, 0, 0, 0, 1, 1, 1, 0, 1, 1, 1 ], 
          [ 1, 1, 0, 0, 0, 1, 1, 0, 0, 0, 1, 1, 1, 0, 0, 1, 1 ], [ 1, 1, 0, 0, 0, 1, 1, 1, 0, 0, 1, 1, 1, 0, 0, 0, 1 
             ], [ 1, 1, 0, 0, 0, 1, 0, 1, 0, 0, 1, 1, 1, 0, 1, 0, 1 ], 
          [ 1, 1, 0, 0, 0, 0, 1, 0, 0, 0, 1, 1, 1, 1, 0, 1, 1 ], [ 1, 1, 0, 0, 0, 0, 1, 1, 0, 0, 1, 1, 1, 1, 0, 0, 1 
             ], [ 1, 1, 0, 0, 0, 0, 0, 1, 0, 0, 1, 1, 1, 1, 1, 0, 1 ], 
          [ 1, 0, 1, 0, 0, 0, 0, 0, 0, 1, 0, 1, 1, 1, 1, 1, 1 ], [ 1, 0, 1, 1, 0, 0, 0, 0, 0, 1, 0, 0, 1, 1, 1, 1, 1 
             ], [ 1, 0, 1, 1, 1, 0, 0, 0, 0, 1, 0, 0, 0, 1, 1, 1, 1 ], 
          [ 1, 0, 1, 1, 1, 1, 0, 0, 0, 1, 0, 0, 0, 0, 1, 1, 1 ], [ 1, 0, 1, 1, 1, 1, 1, 0, 0, 1, 0, 0, 0, 0, 0, 1, 1 
             ], [ 1, 0, 1, 1, 1, 1, 1, 1, 0, 1, 0, 0, 0, 0, 0, 0, 1 ], 
          [ 1, 0, 1, 1, 1, 1, 0, 1, 0, 1, 0, 0, 0, 0, 1, 0, 1 ], [ 1, 0, 1, 1, 1, 0, 1, 0, 0, 1, 0, 0, 0, 1, 0, 1, 1 
             ], [ 1, 0, 1, 1, 1, 0, 1, 1, 0, 1, 0, 0, 0, 1, 0, 0, 1 ], 
          [ 1, 0, 1, 1, 1, 0, 0, 1, 0, 1, 0, 0, 0, 1, 1, 0, 1 ], [ 1, 0, 1, 1, 0, 1, 0, 0, 0, 1, 0, 0, 1, 0, 1, 1, 1 
             ], [ 1, 0, 1, 1, 0, 1, 1, 0, 0, 1, 0, 0, 1, 0, 0, 1, 1 ], 
          [ 1, 0, 1, 1, 0, 1, 1, 1, 0, 1, 0, 0, 1, 0, 0, 0, 1 ], [ 1, 0, 1, 1, 0, 1, 0, 1, 0, 1, 0, 0, 1, 0, 1, 0, 1 
             ], [ 1, 0, 1, 1, 0, 0, 1, 0, 0, 1, 0, 0, 1, 1, 0, 1, 1 ], 
          [ 1, 0, 1, 1, 0, 0, 1, 1, 0, 1, 0, 0, 1, 1, 0, 0, 1 ], [ 1, 0, 1, 1, 0, 0, 0, 1, 0, 1, 0, 0, 1, 1, 1, 0, 1 
             ], [ 1, 0, 1, 0, 1, 0, 0, 0, 0, 1, 0, 1, 0, 1, 1, 1, 1 ], 
          [ 1, 0, 1, 0, 1, 1, 0, 0, 0, 1, 0, 1, 0, 0, 1, 1, 1 ], [ 1, 0, 1, 0, 1, 1, 1, 0, 0, 1, 0, 1, 0, 0, 0, 1, 1 
             ], [ 1, 0, 1, 0, 1, 1, 1, 1, 0, 1, 0, 1, 0, 0, 0, 0, 1 ], 
          [ 1, 0, 1, 0, 1, 1, 0, 1, 0, 1, 0, 1, 0, 0, 1, 0, 1 ], [ 1, 0, 1, 0, 1, 0, 1, 0, 0, 1, 0, 1, 0, 1, 0, 1, 1 
             ], [ 1, 0, 1, 0, 1, 0, 1, 1, 0, 1, 0, 1, 0, 1, 0, 0, 1 ], 
          [ 1, 0, 1, 0, 1, 0, 0, 1, 0, 1, 0, 1, 0, 1, 1, 0, 1 ], [ 1, 0, 1, 0, 0, 1, 0, 0, 0, 1, 0, 1, 1, 0, 1, 1, 1 
             ], [ 1, 0, 1, 0, 0, 1, 1, 0, 0, 1, 0, 1, 1, 0, 0, 1, 1 ], 
          [ 1, 0, 1, 0, 0, 1, 1, 1, 0, 1, 0, 1, 1, 0, 0, 0, 1 ], [ 1, 0, 1, 0, 0, 1, 0, 1, 0, 1, 0, 1, 1, 0, 1, 0, 1 
             ], [ 1, 0, 1, 0, 0, 0, 1, 0, 0, 1, 0, 1, 1, 1, 0, 1, 1 ], 
          [ 1, 0, 1, 0, 0, 0, 1, 1, 0, 1, 0, 1, 1, 1, 0, 0, 1 ], [ 1, 0, 1, 0, 0, 0, 0, 1, 0, 1, 0, 1, 1, 1, 1, 0, 1 
             ], [ 1, 0, 0, 1, 0, 0, 0, 0, 0, 1, 1, 0, 1, 1, 1, 1, 1 ], 
          [ 1, 0, 0, 1, 1, 0, 0, 0, 0, 1, 1, 0, 0, 1, 1, 1, 1 ], [ 1, 0, 0, 1, 1, 1, 0, 0, 0, 1, 1, 0, 0, 0, 1, 1, 1 
             ], [ 1, 0, 0, 1, 1, 1, 1, 0, 0, 1, 1, 0, 0, 0, 0, 1, 1 ], 
          [ 1, 0, 0, 1, 1, 1, 1, 1, 0, 1, 1, 0, 0, 0, 0, 0, 1 ], [ 1, 0, 0, 1, 1, 1, 0, 1, 0, 1, 1, 0, 0, 0, 1, 0, 1 
             ], [ 1, 0, 0, 1, 1, 0, 1, 0, 0, 1, 1, 0, 0, 1, 0, 1, 1 ], 
          [ 1, 0, 0, 1, 1, 0, 1, 1, 0, 1, 1, 0, 0, 1, 0, 0, 1 ], [ 1, 0, 0, 1, 1, 0, 0, 1, 0, 1, 1, 0, 0, 1, 1, 0, 1 
             ], [ 1, 0, 0, 1, 0, 1, 0, 0, 0, 1, 1, 0, 1, 0, 1, 1, 1 ], 
          [ 1, 0, 0, 1, 0, 1, 1, 0, 0, 1, 1, 0, 1, 0, 0, 1, 1 ], [ 1, 0, 0, 1, 0, 1, 1, 1, 0, 1, 1, 0, 1, 0, 0, 0, 1 
             ], [ 1, 0, 0, 1, 0, 1, 0, 1, 0, 1, 1, 0, 1, 0, 1, 0, 1 ], 
          [ 1, 0, 0, 1, 0, 0, 1, 0, 0, 1, 1, 0, 1, 1, 0, 1, 1 ], [ 1, 0, 0, 1, 0, 0, 1, 1, 0, 1, 1, 0, 1, 1, 0, 0, 1 
             ], [ 1, 0, 0, 1, 0, 0, 0, 1, 0, 1, 1, 0, 1, 1, 1, 0, 1 ], 
          [ 1, 0, 0, 0, 1, 0, 0, 0, 0, 1, 1, 1, 0, 1, 1, 1, 1 ], [ 1, 0, 0, 0, 1, 1, 0, 0, 0, 1, 1, 1, 0, 0, 1, 1, 1 
             ], [ 1, 0, 0, 0, 1, 1, 1, 0, 0, 1, 1, 1, 0, 0, 0, 1, 1 ], 
          [ 1, 0, 0, 0, 1, 1, 1, 1, 0, 1, 1, 1, 0, 0, 0, 0, 1 ], [ 1, 0, 0, 0, 1, 1, 0, 1, 0, 1, 1, 1, 0, 0, 1, 0, 1 
             ], [ 1, 0, 0, 0, 1, 0, 1, 0, 0, 1, 1, 1, 0, 1, 0, 1, 1 ], 
          [ 1, 0, 0, 0, 1, 0, 1, 1, 0, 1, 1, 1, 0, 1, 0, 0, 1 ], [ 1, 0, 0, 0, 1, 0, 0, 1, 0, 1, 1, 1, 0, 1, 1, 0, 1 
             ], [ 1, 0, 0, 0, 0, 1, 0, 0, 0, 1, 1, 1, 1, 0, 1, 1, 1 ], 
          [ 1, 0, 0, 0, 0, 1, 1, 0, 0, 1, 1, 1, 1, 0, 0, 1, 1 ], [ 1, 0, 0, 0, 0, 1, 1, 1, 0, 1, 1, 1, 1, 0, 0, 0, 1 
             ], [ 1, 0, 0, 0, 0, 1, 0, 1, 0, 1, 1, 1, 1, 0, 1, 0, 1 ], 
          [ 1, 0, 0, 0, 0, 0, 1, 0, 0, 1, 1, 1, 1, 1, 0, 1, 1 ], [ 1, 0, 0, 0, 0, 0, 1, 1, 0, 1, 1, 1, 1, 1, 0, 0, 1 
             ], [ 1, 0, 0, 0, 0, 0, 0, 1, 0, 1, 1, 1, 1, 1, 1, 0, 1 ], 
          [ 1, 1, 0, 0, 0, 0, 0, 0, 0, 1, 0, 0, 0, 0, 0, 0, 0 ], [ 1, 1, 1, 0, 0, 0, 0, 0, 0, 1, 1, 0, 0, 0, 0, 0, 0 
             ], [ 1, 1, 1, 1, 0, 0, 0, 0, 0, 1, 1, 1, 0, 0, 0, 0, 0 ], 
          [ 1, 1, 1, 1, 1, 0, 0, 0, 0, 1, 1, 1, 1, 0, 0, 0, 0 ], [ 1, 1, 1, 1, 1, 1, 0, 0, 0, 1, 1, 1, 1, 1, 0, 0, 0 
             ], [ 1, 1, 1, 1, 1, 1, 1, 0, 0, 1, 1, 1, 1, 1, 1, 0, 0 ], 
          [ 1, 1, 1, 1, 1, 1, 1, 1, 0, 1, 1, 1, 1, 1, 1, 1, 0 ], [ 1, 1, 1, 1, 1, 1, 0, 1, 0, 1, 1, 1, 1, 1, 0, 1, 0 
             ], [ 1, 1, 1, 1, 1, 0, 1, 0, 0, 1, 1, 1, 1, 0, 1, 0, 0 ], 
          [ 1, 1, 1, 1, 1, 0, 1, 1, 0, 1, 1, 1, 1, 0, 1, 1, 0 ], [ 1, 1, 1, 1, 1, 0, 0, 1, 0, 1, 1, 1, 1, 0, 0, 1, 0 
             ], [ 1, 1, 1, 1, 0, 1, 0, 0, 0, 1, 1, 1, 0, 1, 0, 0, 0 ], 
          [ 1, 1, 1, 1, 0, 1, 1, 0, 0, 1, 1, 1, 0, 1, 1, 0, 0 ], [ 1, 1, 1, 1, 0, 1, 1, 1, 0, 1, 1, 1, 0, 1, 1, 1, 0 
             ], [ 1, 1, 1, 1, 0, 1, 0, 1, 0, 1, 1, 1, 0, 1, 0, 1, 0 ], 
          [ 1, 1, 1, 1, 0, 0, 1, 0, 0, 1, 1, 1, 0, 0, 1, 0, 0 ], [ 1, 1, 1, 1, 0, 0, 1, 1, 0, 1, 1, 1, 0, 0, 1, 1, 0 
             ], [ 1, 1, 1, 1, 0, 0, 0, 1, 0, 1, 1, 1, 0, 0, 0, 1, 0 ], 
          [ 1, 1, 1, 0, 1, 0, 0, 0, 0, 1, 1, 0, 1, 0, 0, 0, 0 ], [ 1, 1, 1, 0, 1, 1, 0, 0, 0, 1, 1, 0, 1, 1, 0, 0, 0 
             ], [ 1, 1, 1, 0, 1, 1, 1, 0, 0, 1, 1, 0, 1, 1, 1, 0, 0 ], 
          [ 1, 1, 1, 0, 1, 1, 1, 1, 0, 1, 1, 0, 1, 1, 1, 1, 0 ], [ 1, 1, 1, 0, 1, 1, 0, 1, 0, 1, 1, 0, 1, 1, 0, 1, 0 
             ], [ 1, 1, 1, 0, 1, 0, 1, 0, 0, 1, 1, 0, 1, 0, 1, 0, 0 ], 
          [ 1, 1, 1, 0, 1, 0, 1, 1, 0, 1, 1, 0, 1, 0, 1, 1, 0 ], [ 1, 1, 1, 0, 1, 0, 0, 1, 0, 1, 1, 0, 1, 0, 0, 1, 0 
             ], [ 1, 1, 1, 0, 0, 1, 0, 0, 0, 1, 1, 0, 0, 1, 0, 0, 0 ], 
          [ 1, 1, 1, 0, 0, 1, 1, 0, 0, 1, 1, 0, 0, 1, 1, 0, 0 ], [ 1, 1, 1, 0, 0, 1, 1, 1, 0, 1, 1, 0, 0, 1, 1, 1, 0 
             ], [ 1, 1, 1, 0, 0, 1, 0, 1, 0, 1, 1, 0, 0, 1, 0, 1, 0 ], 
          [ 1, 1, 1, 0, 0, 0, 1, 0, 0, 1, 1, 0, 0, 0, 1, 0, 0 ], [ 1, 1, 1, 0, 0, 0, 1, 1, 0, 1, 1, 0, 0, 0, 1, 1, 0 
             ], [ 1, 1, 1, 0, 0, 0, 0, 1, 0, 1, 1, 0, 0, 0, 0, 1, 0 ], 
          [ 1, 1, 0, 1, 0, 0, 0, 0, 0, 1, 0, 1, 0, 0, 0, 0, 0 ], [ 1, 1, 0, 1, 1, 0, 0, 0, 0, 1, 0, 1, 1, 0, 0, 0, 0 
             ], [ 1, 1, 0, 1, 1, 1, 0, 0, 0, 1, 0, 1, 1, 1, 0, 0, 0 ], 
          [ 1, 1, 0, 1, 1, 1, 1, 0, 0, 1, 0, 1, 1, 1, 1, 0, 0 ], [ 1, 1, 0, 1, 1, 1, 1, 1, 0, 1, 0, 1, 1, 1, 1, 1, 0 
             ], [ 1, 1, 0, 1, 1, 1, 0, 1, 0, 1, 0, 1, 1, 1, 0, 1, 0 ], 
          [ 1, 1, 0, 1, 1, 0, 1, 0, 0, 1, 0, 1, 1, 0, 1, 0, 0 ], [ 1, 1, 0, 1, 1, 0, 1, 1, 0, 1, 0, 1, 1, 0, 1, 1, 0 
             ], [ 1, 1, 0, 1, 1, 0, 0, 1, 0, 1, 0, 1, 1, 0, 0, 1, 0 ], 
          [ 1, 1, 0, 1, 0, 1, 0, 0, 0, 1, 0, 1, 0, 1, 0, 0, 0 ], [ 1, 1, 0, 1, 0, 1, 1, 0, 0, 1, 0, 1, 0, 1, 1, 0, 0 
             ], [ 1, 1, 0, 1, 0, 1, 1, 1, 0, 1, 0, 1, 0, 1, 1, 1, 0 ], 
          [ 1, 1, 0, 1, 0, 1, 0, 1, 0, 1, 0, 1, 0, 1, 0, 1, 0 ], [ 1, 1, 0, 1, 0, 0, 1, 0, 0, 1, 0, 1, 0, 0, 1, 0, 0 
             ], [ 1, 1, 0, 1, 0, 0, 1, 1, 0, 1, 0, 1, 0, 0, 1, 1, 0 ], 
          [ 1, 1, 0, 1, 0, 0, 0, 1, 0, 1, 0, 1, 0, 0, 0, 1, 0 ], [ 1, 1, 0, 0, 1, 0, 0, 0, 0, 1, 0, 0, 1, 0, 0, 0, 0 
             ], [ 1, 1, 0, 0, 1, 1, 0, 0, 0, 1, 0, 0, 1, 1, 0, 0, 0 ], 
          [ 1, 1, 0, 0, 1, 1, 1, 0, 0, 1, 0, 0, 1, 1, 1, 0, 0 ], [ 1, 1, 0, 0, 1, 1, 1, 1, 0, 1, 0, 0, 1, 1, 1, 1, 0 
             ], [ 1, 1, 0, 0, 1, 1, 0, 1, 0, 1, 0, 0, 1, 1, 0, 1, 0 ], 
          [ 1, 1, 0, 0, 1, 0, 1, 0, 0, 1, 0, 0, 1, 0, 1, 0, 0 ], [ 1, 1, 0, 0, 1, 0, 1, 1, 0, 1, 0, 0, 1, 0, 1, 1, 0 
             ], [ 1, 1, 0, 0, 1, 0, 0, 1, 0, 1, 0, 0, 1, 0, 0, 1, 0 ], 
          [ 1, 1, 0, 0, 0, 1, 0, 0, 0, 1, 0, 0, 0, 1, 0, 0, 0 ], [ 1, 1, 0, 0, 0, 1, 1, 0, 0, 1, 0, 0, 0, 1, 1, 0, 0 
             ], [ 1, 1, 0, 0, 0, 1, 1, 1, 0, 1, 0, 0, 0, 1, 1, 1, 0 ], 
          [ 1, 1, 0, 0, 0, 1, 0, 1, 0, 1, 0, 0, 0, 1, 0, 1, 0 ], [ 1, 1, 0, 0, 0, 0, 1, 0, 0, 1, 0, 0, 0, 0, 1, 0, 0 
             ], [ 1, 1, 0, 0, 0, 0, 1, 1, 0, 1, 0, 0, 0, 0, 1, 1, 0 ], 
          [ 1, 1, 0, 0, 0, 0, 0, 1, 0, 1, 0, 0, 0, 0, 0, 1, 0 ], [ 1, 0, 1, 0, 0, 0, 0, 0, 0, 0, 1, 0, 0, 0, 0, 0, 0 
             ], [ 1, 0, 1, 1, 0, 0, 0, 0, 0, 0, 1, 1, 0, 0, 0, 0, 0 ], 
          [ 1, 0, 1, 1, 1, 0, 0, 0, 0, 0, 1, 1, 1, 0, 0, 0, 0 ], [ 1, 0, 1, 1, 1, 1, 0, 0, 0, 0, 1, 1, 1, 1, 0, 0, 0 
             ], [ 1, 0, 1, 1, 1, 1, 1, 0, 0, 0, 1, 1, 1, 1, 1, 0, 0 ], 
          [ 1, 0, 1, 1, 1, 1, 1, 1, 0, 0, 1, 1, 1, 1, 1, 1, 0 ], [ 1, 0, 1, 1, 1, 1, 0, 1, 0, 0, 1, 1, 1, 1, 0, 1, 0 
             ], [ 1, 0, 1, 1, 1, 0, 1, 0, 0, 0, 1, 1, 1, 0, 1, 0, 0 ], 
          [ 1, 0, 1, 1, 1, 0, 1, 1, 0, 0, 1, 1, 1, 0, 1, 1, 0 ], [ 1, 0, 1, 1, 1, 0, 0, 1, 0, 0, 1, 1, 1, 0, 0, 1, 0 
             ], [ 1, 0, 1, 1, 0, 1, 0, 0, 0, 0, 1, 1, 0, 1, 0, 0, 0 ], 
          [ 1, 0, 1, 1, 0, 1, 1, 0, 0, 0, 1, 1, 0, 1, 1, 0, 0 ], [ 1, 0, 1, 1, 0, 1, 1, 1, 0, 0, 1, 1, 0, 1, 1, 1, 0 
             ], [ 1, 0, 1, 1, 0, 1, 0, 1, 0, 0, 1, 1, 0, 1, 0, 1, 0 ], 
          [ 1, 0, 1, 1, 0, 0, 1, 0, 0, 0, 1, 1, 0, 0, 1, 0, 0 ], [ 1, 0, 1, 1, 0, 0, 1, 1, 0, 0, 1, 1, 0, 0, 1, 1, 0 
             ], [ 1, 0, 1, 1, 0, 0, 0, 1, 0, 0, 1, 1, 0, 0, 0, 1, 0 ], 
          [ 1, 0, 1, 0, 1, 0, 0, 0, 0, 0, 1, 0, 1, 0, 0, 0, 0 ], [ 1, 0, 1, 0, 1, 1, 0, 0, 0, 0, 1, 0, 1, 1, 0, 0, 0 
             ], [ 1, 0, 1, 0, 1, 1, 1, 0, 0, 0, 1, 0, 1, 1, 1, 0, 0 ], 
          [ 1, 0, 1, 0, 1, 1, 1, 1, 0, 0, 1, 0, 1, 1, 1, 1, 0 ], [ 1, 0, 1, 0, 1, 1, 0, 1, 0, 0, 1, 0, 1, 1, 0, 1, 0 
             ], [ 1, 0, 1, 0, 1, 0, 1, 0, 0, 0, 1, 0, 1, 0, 1, 0, 0 ], 
          [ 1, 0, 1, 0, 1, 0, 1, 1, 0, 0, 1, 0, 1, 0, 1, 1, 0 ], [ 1, 0, 1, 0, 1, 0, 0, 1, 0, 0, 1, 0, 1, 0, 0, 1, 0 
             ], [ 1, 0, 1, 0, 0, 1, 0, 0, 0, 0, 1, 0, 0, 1, 0, 0, 0 ], 
          [ 1, 0, 1, 0, 0, 1, 1, 0, 0, 0, 1, 0, 0, 1, 1, 0, 0 ], [ 1, 0, 1, 0, 0, 1, 1, 1, 0, 0, 1, 0, 0, 1, 1, 1, 0 
             ], [ 1, 0, 1, 0, 0, 1, 0, 1, 0, 0, 1, 0, 0, 1, 0, 1, 0 ], 
          [ 1, 0, 1, 0, 0, 0, 1, 0, 0, 0, 1, 0, 0, 0, 1, 0, 0 ], [ 1, 0, 1, 0, 0, 0, 1, 1, 0, 0, 1, 0, 0, 0, 1, 1, 0 
             ], [ 1, 0, 1, 0, 0, 0, 0, 1, 0, 0, 1, 0, 0, 0, 0, 1, 0 ], 
          [ 1, 0, 0, 1, 0, 0, 0, 0, 0, 0, 0, 1, 0, 0, 0, 0, 0 ], [ 1, 0, 0, 1, 1, 0, 0, 0, 0, 0, 0, 1, 1, 0, 0, 0, 0 
             ], [ 1, 0, 0, 1, 1, 1, 0, 0, 0, 0, 0, 1, 1, 1, 0, 0, 0 ], 
          [ 1, 0, 0, 1, 1, 1, 1, 0, 0, 0, 0, 1, 1, 1, 1, 0, 0 ], [ 1, 0, 0, 1, 1, 1, 1, 1, 0, 0, 0, 1, 1, 1, 1, 1, 0 
             ], [ 1, 0, 0, 1, 1, 1, 0, 1, 0, 0, 0, 1, 1, 1, 0, 1, 0 ], 
          [ 1, 0, 0, 1, 1, 0, 1, 0, 0, 0, 0, 1, 1, 0, 1, 0, 0 ], [ 1, 0, 0, 1, 1, 0, 1, 1, 0, 0, 0, 1, 1, 0, 1, 1, 0 
             ], [ 1, 0, 0, 1, 1, 0, 0, 1, 0, 0, 0, 1, 1, 0, 0, 1, 0 ], 
          [ 1, 0, 0, 1, 0, 1, 0, 0, 0, 0, 0, 1, 0, 1, 0, 0, 0 ], [ 1, 0, 0, 1, 0, 1, 1, 0, 0, 0, 0, 1, 0, 1, 1, 0, 0 
             ], [ 1, 0, 0, 1, 0, 1, 1, 1, 0, 0, 0, 1, 0, 1, 1, 1, 0 ], 
          [ 1, 0, 0, 1, 0, 1, 0, 1, 0, 0, 0, 1, 0, 1, 0, 1, 0 ], [ 1, 0, 0, 1, 0, 0, 1, 0, 0, 0, 0, 1, 0, 0, 1, 0, 0 
             ], [ 1, 0, 0, 1, 0, 0, 1, 1, 0, 0, 0, 1, 0, 0, 1, 1, 0 ], 
          [ 1, 0, 0, 1, 0, 0, 0, 1, 0, 0, 0, 1, 0, 0, 0, 1, 0 ], [ 1, 0, 0, 0, 1, 0, 0, 0, 0, 0, 0, 0, 1, 0, 0, 0, 0 
             ], [ 1, 0, 0, 0, 1, 1, 0, 0, 0, 0, 0, 0, 1, 1, 0, 0, 0 ], 
          [ 1, 0, 0, 0, 1, 1, 1, 0, 0, 0, 0, 0, 1, 1, 1, 0, 0 ], [ 1, 0, 0, 0, 1, 1, 1, 1, 0, 0, 0, 0, 1, 1, 1, 1, 0 
             ], [ 1, 0, 0, 0, 1, 1, 0, 1, 0, 0, 0, 0, 1, 1, 0, 1, 0 ], 
          [ 1, 0, 0, 0, 1, 0, 1, 0, 0, 0, 0, 0, 1, 0, 1, 0, 0 ], [ 1, 0, 0, 0, 1, 0, 1, 1, 0, 0, 0, 0, 1, 0, 1, 1, 0 
             ], [ 1, 0, 0, 0, 1, 0, 0, 1, 0, 0, 0, 0, 1, 0, 0, 1, 0 ], 
          [ 1, 0, 0, 0, 0, 1, 0, 0, 0, 0, 0, 0, 0, 1, 0, 0, 0 ], [ 1, 0, 0, 0, 0, 1, 1, 0, 0, 0, 0, 0, 0, 1, 1, 0, 0 
             ], [ 1, 0, 0, 0, 0, 1, 1, 1, 0, 0, 0, 0, 0, 1, 1, 1, 0 ], 
          [ 1, 0, 0, 0, 0, 1, 0, 1, 0, 0, 0, 0, 0, 1, 0, 1, 0 ], [ 1, 0, 0, 0, 0, 0, 1, 0, 0, 0, 0, 0, 0, 0, 1, 0, 0 
             ], [ 1, 0, 0, 0, 0, 0, 1, 1, 0, 0, 0, 0, 0, 0, 1, 1, 0 ], 
          [ 1, 0, 0, 0, 0, 0, 0, 1, 0, 0, 0, 0, 0, 0, 0, 1, 0 ] ] ) );
