return rec(
  EXT := [ [ 1, 0, 0, 0, 0, 0, 0, 0, 0, 0, 0, 0, 0, 0, 0, 0, 0, 0, 0, 0, 0, 0 ], 
      [ 1, 1, 1, 1, 1, 1, 1, 1, 0, 0, 0, 0, 0, 0, 0, 0, 0, 0, 0, 0, 0, 0 ], 
      [ 1, 0, 1, 1, 1, 1, 1, 1, 1, 1, 1, 1, 1, 1, 0, 0, 0, 0, 0, 0, 0, 0 ], 
      [ 1, 0, 0, 1, 1, 1, 1, 1, 0, 1, 1, 1, 1, 1, 1, 1, 1, 1, 0, 0, 0, 0 ], 
      [ 1, 0, 0, 0, 1, 1, 1, 1, 0, 0, 1, 1, 1, 1, 1, 1, 1, 1, 1, 1, 1, 1 ], 
      [ 1, 0, 0, 0, 0, 1, 1, 1, 0, 0, 0, 1, 1, 1, 0, 1, 1, 1, 0, 1, 1, 1 ], 
      [ 1, 0, 0, 0, 0, 0, 1, 1, 0, 0, 0, 0, 1, 1, 0, 0, 1, 1, 0, 0, 1, 1 ], 
      [ 1, 0, 0, 0, 0, 0, 0, 1, 0, 0, 0, 0, 0, 1, 0, 0, 0, 1, 0, 0, 0, 1 ], 
      [ 1, 0, 0, 0, 0, 1, 0, 1, 0, 0, 0, 1, 0, 1, 0, 1, 0, 1, 0, 1, 0, 1 ], 
      [ 1, 0, 0, 0, 1, 0, 1, 1, 0, 0, 1, 0, 1, 1, 1, 0, 1, 1, 1, 0, 1, 1 ], 
      [ 1, 0, 0, 0, 1, 0, 0, 1, 0, 0, 1, 0, 0, 1, 1, 0, 0, 1, 1, 0, 0, 1 ], 
      [ 1, 0, 0, 0, 1, 1, 0, 1, 0, 0, 1, 1, 0, 1, 1, 1, 0, 1, 1, 1, 0, 1 ], 
      [ 1, 0, 0, 1, 0, 1, 1, 1, 0, 1, 0, 1, 1, 1, 0, 1, 1, 1, 1, 0, 0, 0 ], 
      [ 1, 0, 0, 1, 0, 0, 1, 1, 0, 1, 0, 0, 1, 1, 0, 0, 1, 1, 1, 1, 0, 0 ], 
      [ 1, 0, 0, 1, 0, 0, 0, 1, 0, 1, 0, 0, 0, 1, 0, 0, 0, 1, 1, 1, 1, 0 ], 
      [ 1, 0, 0, 1, 0, 1, 0, 1, 0, 1, 0, 1, 0, 1, 0, 1, 0, 1, 1, 0, 1, 0 ], 
      [ 1, 0, 0, 1, 1, 0, 1, 1, 0, 1, 1, 0, 1, 1, 1, 0, 1, 1, 0, 1, 0, 0 ], 
      [ 1, 0, 0, 1, 1, 0, 0, 1, 0, 1, 1, 0, 0, 1, 1, 0, 0, 1, 0, 1, 1, 0 ], 
      [ 1, 0, 0, 1, 1, 1, 0, 1, 0, 1, 1, 1, 0, 1, 1, 1, 0, 1, 0, 0, 1, 0 ], 
      [ 1, 0, 1, 0, 1, 1, 1, 1, 1, 0, 1, 1, 1, 1, 0, 0, 0, 0, 1, 1, 1, 1 ], 
      [ 1, 0, 1, 0, 0, 1, 1, 1, 1, 0, 0, 1, 1, 1, 1, 0, 0, 0, 0, 1, 1, 1 ], 
      [ 1, 0, 1, 0, 0, 0, 1, 1, 1, 0, 0, 0, 1, 1, 1, 1, 0, 0, 0, 0, 1, 1 ], 
      [ 1, 0, 1, 0, 0, 0, 0, 1, 1, 0, 0, 0, 0, 1, 1, 1, 1, 0, 0, 0, 0, 1 ], 
      [ 1, 0, 1, 0, 0, 1, 0, 1, 1, 0, 0, 1, 0, 1, 1, 0, 1, 0, 0, 1, 0, 1 ], 
      [ 1, 0, 1, 0, 1, 0, 1, 1, 1, 0, 1, 0, 1, 1, 0, 1, 0, 0, 1, 0, 1, 1 ], 
      [ 1, 0, 1, 0, 1, 0, 0, 1, 1, 0, 1, 0, 0, 1, 0, 1, 1, 0, 1, 0, 0, 1 ], 
      [ 1, 0, 1, 0, 1, 1, 0, 1, 1, 0, 1, 1, 0, 1, 0, 0, 1, 0, 1, 1, 0, 1 ], 
      [ 1, 0, 1, 1, 0, 1, 1, 1, 1, 1, 0, 1, 1, 1, 1, 0, 0, 0, 1, 0, 0, 0 ], 
      [ 1, 0, 1, 1, 0, 0, 1, 1, 1, 1, 0, 0, 1, 1, 1, 1, 0, 0, 1, 1, 0, 0 ], 
      [ 1, 0, 1, 1, 0, 0, 0, 1, 1, 1, 0, 0, 0, 1, 1, 1, 1, 0, 1, 1, 1, 0 ], 
      [ 1, 0, 1, 1, 0, 1, 0, 1, 1, 1, 0, 1, 0, 1, 1, 0, 1, 0, 1, 0, 1, 0 ], 
      [ 1, 0, 1, 1, 1, 0, 1, 1, 1, 1, 1, 0, 1, 1, 0, 1, 0, 0, 0, 1, 0, 0 ], 
      [ 1, 0, 1, 1, 1, 0, 0, 1, 1, 1, 1, 0, 0, 1, 0, 1, 1, 0, 0, 1, 1, 0 ], 
      [ 1, 0, 1, 1, 1, 1, 0, 1, 1, 1, 1, 1, 0, 1, 0, 0, 1, 0, 0, 0, 1, 0 ], 
      [ 1, 1, 0, 1, 1, 1, 1, 1, 1, 0, 0, 0, 0, 0, 1, 1, 1, 1, 0, 0, 0, 0 ], 
      [ 1, 1, 0, 0, 1, 1, 1, 1, 1, 1, 0, 0, 0, 0, 1, 1, 1, 1, 1, 1, 1, 1 ], 
      [ 1, 1, 0, 0, 0, 1, 1, 1, 1, 1, 1, 0, 0, 0, 0, 1, 1, 1, 0, 1, 1, 1 ], 
      [ 1, 1, 0, 0, 0, 0, 1, 1, 1, 1, 1, 1, 0, 0, 0, 0, 1, 1, 0, 0, 1, 1 ], 
      [ 1, 1, 0, 0, 0, 0, 0, 1, 1, 1, 1, 1, 1, 0, 0, 0, 0, 1, 0, 0, 0, 1 ], 
      [ 1, 1, 0, 0, 0, 1, 0, 1, 1, 1, 1, 0, 1, 0, 0, 1, 0, 1, 0, 1, 0, 1 ], 
      [ 1, 1, 0, 0, 1, 0, 1, 1, 1, 1, 0, 1, 0, 0, 1, 0, 1, 1, 1, 0, 1, 1 ], 
      [ 1, 1, 0, 0, 1, 0, 0, 1, 1, 1, 0, 1, 1, 0, 1, 0, 0, 1, 1, 0, 0, 1 ], 
      [ 1, 1, 0, 0, 1, 1, 0, 1, 1, 1, 0, 0, 1, 0, 1, 1, 0, 1, 1, 1, 0, 1 ], 
      [ 1, 1, 0, 1, 0, 1, 1, 1, 1, 0, 1, 0, 0, 0, 0, 1, 1, 1, 1, 0, 0, 0 ], 
      [ 1, 1, 0, 1, 0, 0, 1, 1, 1, 0, 1, 1, 0, 0, 0, 0, 1, 1, 1, 1, 0, 0 ], 
      [ 1, 1, 0, 1, 0, 0, 0, 1, 1, 0, 1, 1, 1, 0, 0, 0, 0, 1, 1, 1, 1, 0 ], 
      [ 1, 1, 0, 1, 0, 1, 0, 1, 1, 0, 1, 0, 1, 0, 0, 1, 0, 1, 1, 0, 1, 0 ], 
      [ 1, 1, 0, 1, 1, 0, 1, 1, 1, 0, 0, 1, 0, 0, 1, 0, 1, 1, 0, 1, 0, 0 ], 
      [ 1, 1, 0, 1, 1, 0, 0, 1, 1, 0, 0, 1, 1, 0, 1, 0, 0, 1, 0, 1, 1, 0 ], 
      [ 1, 1, 0, 1, 1, 1, 0, 1, 1, 0, 0, 0, 1, 0, 1, 1, 0, 1, 0, 0, 1, 0 ], 
      [ 1, 1, 1, 0, 1, 1, 1, 1, 0, 1, 0, 0, 0, 0, 0, 0, 0, 0, 1, 1, 1, 1 ], 
      [ 1, 1, 1, 0, 0, 1, 1, 1, 0, 1, 1, 0, 0, 0, 1, 0, 0, 0, 0, 1, 1, 1 ], 
      [ 1, 1, 1, 0, 0, 0, 1, 1, 0, 1, 1, 1, 0, 0, 1, 1, 0, 0, 0, 0, 1, 1 ], 
      [ 1, 1, 1, 0, 0, 0, 0, 1, 0, 1, 1, 1, 1, 0, 1, 1, 1, 0, 0, 0, 0, 1 ], 
      [ 1, 1, 1, 0, 0, 1, 0, 1, 0, 1, 1, 0, 1, 0, 1, 0, 1, 0, 0, 1, 0, 1 ], 
      [ 1, 1, 1, 0, 1, 0, 1, 1, 0, 1, 0, 1, 0, 0, 0, 1, 0, 0, 1, 0, 1, 1 ], 
      [ 1, 1, 1, 0, 1, 0, 0, 1, 0, 1, 0, 1, 1, 0, 0, 1, 1, 0, 1, 0, 0, 1 ], 
      [ 1, 1, 1, 0, 1, 1, 0, 1, 0, 1, 0, 0, 1, 0, 0, 0, 1, 0, 1, 1, 0, 1 ], 
      [ 1, 1, 1, 1, 0, 1, 1, 1, 0, 0, 1, 0, 0, 0, 1, 0, 0, 0, 1, 0, 0, 0 ], 
      [ 1, 1, 1, 1, 0, 0, 1, 1, 0, 0, 1, 1, 0, 0, 1, 1, 0, 0, 1, 1, 0, 0 ], 
      [ 1, 1, 1, 1, 0, 0, 0, 1, 0, 0, 1, 1, 1, 0, 1, 1, 1, 0, 1, 1, 1, 0 ], 
      [ 1, 1, 1, 1, 0, 1, 0, 1, 0, 0, 1, 0, 1, 0, 1, 0, 1, 0, 1, 0, 1, 0 ], 
      [ 1, 1, 1, 1, 1, 0, 1, 1, 0, 0, 0, 1, 0, 0, 0, 1, 0, 0, 0, 1, 0, 0 ], 
      [ 1, 1, 1, 1, 1, 0, 0, 1, 0, 0, 0, 1, 1, 0, 0, 1, 1, 0, 0, 1, 1, 0 ], 
      [ 1, 1, 1, 1, 1, 1, 0, 1, 0, 0, 0, 0, 1, 0, 0, 0, 1, 0, 0, 0, 1, 0 ], 
      [ 1, 1, 0, 0, 0, 0, 0, 0, 1, 1, 1, 1, 1, 1, 0, 0, 0, 0, 0, 0, 0, 0 ], 
      [ 1, 1, 1, 0, 0, 0, 0, 0, 0, 1, 1, 1, 1, 1, 1, 1, 1, 1, 0, 0, 0, 0 ], 
      [ 1, 1, 1, 1, 0, 0, 0, 0, 0, 0, 1, 1, 1, 1, 1, 1, 1, 1, 1, 1, 1, 1 ], 
      [ 1, 1, 1, 1, 1, 0, 0, 0, 0, 0, 0, 1, 1, 1, 0, 1, 1, 1, 0, 1, 1, 1 ], 
      [ 1, 1, 1, 1, 1, 1, 0, 0, 0, 0, 0, 0, 1, 1, 0, 0, 1, 1, 0, 0, 1, 1 ], 
      [ 1, 1, 1, 1, 1, 1, 1, 0, 0, 0, 0, 0, 0, 1, 0, 0, 0, 1, 0, 0, 0, 1 ], 
      [ 1, 1, 1, 1, 1, 0, 1, 0, 0, 0, 0, 1, 0, 1, 0, 1, 0, 1, 0, 1, 0, 1 ], 
      [ 1, 1, 1, 1, 0, 1, 0, 0, 0, 0, 1, 0, 1, 1, 1, 0, 1, 1, 1, 0, 1, 1 ], 
      [ 1, 1, 1, 1, 0, 1, 1, 0, 0, 0, 1, 0, 0, 1, 1, 0, 0, 1, 1, 0, 0, 1 ], 
      [ 1, 1, 1, 1, 0, 0, 1, 0, 0, 0, 1, 1, 0, 1, 1, 1, 0, 1, 1, 1, 0, 1 ], 
      [ 1, 1, 1, 0, 1, 0, 0, 0, 0, 1, 0, 1, 1, 1, 0, 1, 1, 1, 1, 0, 0, 0 ], 
      [ 1, 1, 1, 0, 1, 1, 0, 0, 0, 1, 0, 0, 1, 1, 0, 0, 1, 1, 1, 1, 0, 0 ], 
      [ 1, 1, 1, 0, 1, 1, 1, 0, 0, 1, 0, 0, 0, 1, 0, 0, 0, 1, 1, 1, 1, 0 ], 
      [ 1, 1, 1, 0, 1, 0, 1, 0, 0, 1, 0, 1, 0, 1, 0, 1, 0, 1, 1, 0, 1, 0 ], 
      [ 1, 1, 1, 0, 0, 1, 0, 0, 0, 1, 1, 0, 1, 1, 1, 0, 1, 1, 0, 1, 0, 0 ], 
      [ 1, 1, 1, 0, 0, 1, 1, 0, 0, 1, 1, 0, 0, 1, 1, 0, 0, 1, 0, 1, 1, 0 ], 
      [ 1, 1, 1, 0, 0, 0, 1, 0, 0, 1, 1, 1, 0, 1, 1, 1, 0, 1, 0, 0, 1, 0 ], 
      [ 1, 1, 0, 1, 0, 0, 0, 0, 1, 0, 1, 1, 1, 1, 0, 0, 0, 0, 1, 1, 1, 1 ], 
      [ 1, 1, 0, 1, 1, 0, 0, 0, 1, 0, 0, 1, 1, 1, 1, 0, 0, 0, 0, 1, 1, 1 ], 
      [ 1, 1, 0, 1, 1, 1, 0, 0, 1, 0, 0, 0, 1, 1, 1, 1, 0, 0, 0, 0, 1, 1 ], 
      [ 1, 1, 0, 1, 1, 1, 1, 0, 1, 0, 0, 0, 0, 1, 1, 1, 1, 0, 0, 0, 0, 1 ], 
      [ 1, 1, 0, 1, 1, 0, 1, 0, 1, 0, 0, 1, 0, 1, 1, 0, 1, 0, 0, 1, 0, 1 ], 
      [ 1, 1, 0, 1, 0, 1, 0, 0, 1, 0, 1, 0, 1, 1, 0, 1, 0, 0, 1, 0, 1, 1 ], 
      [ 1, 1, 0, 1, 0, 1, 1, 0, 1, 0, 1, 0, 0, 1, 0, 1, 1, 0, 1, 0, 0, 1 ], 
      [ 1, 1, 0, 1, 0, 0, 1, 0, 1, 0, 1, 1, 0, 1, 0, 0, 1, 0, 1, 1, 0, 1 ], 
      [ 1, 1, 0, 0, 1, 0, 0, 0, 1, 1, 0, 1, 1, 1, 1, 0, 0, 0, 1, 0, 0, 0 ], 
      [ 1, 1, 0, 0, 1, 1, 0, 0, 1, 1, 0, 0, 1, 1, 1, 1, 0, 0, 1, 1, 0, 0 ], 
      [ 1, 1, 0, 0, 1, 1, 1, 0, 1, 1, 0, 0, 0, 1, 1, 1, 1, 0, 1, 1, 1, 0 ], 
      [ 1, 1, 0, 0, 1, 0, 1, 0, 1, 1, 0, 1, 0, 1, 1, 0, 1, 0, 1, 0, 1, 0 ], 
      [ 1, 1, 0, 0, 0, 1, 0, 0, 1, 1, 1, 0, 1, 1, 0, 1, 0, 0, 0, 1, 0, 0 ], 
      [ 1, 1, 0, 0, 0, 1, 1, 0, 1, 1, 1, 0, 0, 1, 0, 1, 1, 0, 0, 1, 1, 0 ], 
      [ 1, 1, 0, 0, 0, 0, 1, 0, 1, 1, 1, 1, 0, 1, 0, 0, 1, 0, 0, 0, 1, 0 ], 
      [ 1, 0, 1, 0, 0, 0, 0, 0, 1, 0, 0, 0, 0, 0, 1, 1, 1, 1, 0, 0, 0, 0 ], 
      [ 1, 0, 1, 1, 0, 0, 0, 0, 1, 1, 0, 0, 0, 0, 1, 1, 1, 1, 1, 1, 1, 1 ], 
      [ 1, 0, 1, 1, 1, 0, 0, 0, 1, 1, 1, 0, 0, 0, 0, 1, 1, 1, 0, 1, 1, 1 ], 
      [ 1, 0, 1, 1, 1, 1, 0, 0, 1, 1, 1, 1, 0, 0, 0, 0, 1, 1, 0, 0, 1, 1 ], 
      [ 1, 0, 1, 1, 1, 1, 1, 0, 1, 1, 1, 1, 1, 0, 0, 0, 0, 1, 0, 0, 0, 1 ], 
      [ 1, 0, 1, 1, 1, 0, 1, 0, 1, 1, 1, 0, 1, 0, 0, 1, 0, 1, 0, 1, 0, 1 ], 
      [ 1, 0, 1, 1, 0, 1, 0, 0, 1, 1, 0, 1, 0, 0, 1, 0, 1, 1, 1, 0, 1, 1 ], 
      [ 1, 0, 1, 1, 0, 1, 1, 0, 1, 1, 0, 1, 1, 0, 1, 0, 0, 1, 1, 0, 0, 1 ], 
      [ 1, 0, 1, 1, 0, 0, 1, 0, 1, 1, 0, 0, 1, 0, 1, 1, 0, 1, 1, 1, 0, 1 ], 
      [ 1, 0, 1, 0, 1, 0, 0, 0, 1, 0, 1, 0, 0, 0, 0, 1, 1, 1, 1, 0, 0, 0 ], 
      [ 1, 0, 1, 0, 1, 1, 0, 0, 1, 0, 1, 1, 0, 0, 0, 0, 1, 1, 1, 1, 0, 0 ], 
      [ 1, 0, 1, 0, 1, 1, 1, 0, 1, 0, 1, 1, 1, 0, 0, 0, 0, 1, 1, 1, 1, 0 ], 
      [ 1, 0, 1, 0, 1, 0, 1, 0, 1, 0, 1, 0, 1, 0, 0, 1, 0, 1, 1, 0, 1, 0 ], 
      [ 1, 0, 1, 0, 0, 1, 0, 0, 1, 0, 0, 1, 0, 0, 1, 0, 1, 1, 0, 1, 0, 0 ], 
      [ 1, 0, 1, 0, 0, 1, 1, 0, 1, 0, 0, 1, 1, 0, 1, 0, 0, 1, 0, 1, 1, 0 ], 
      [ 1, 0, 1, 0, 0, 0, 1, 0, 1, 0, 0, 0, 1, 0, 1, 1, 0, 1, 0, 0, 1, 0 ], 
      [ 1, 0, 0, 1, 0, 0, 0, 0, 0, 1, 0, 0, 0, 0, 0, 0, 0, 0, 1, 1, 1, 1 ], 
      [ 1, 0, 0, 1, 1, 0, 0, 0, 0, 1, 1, 0, 0, 0, 1, 0, 0, 0, 0, 1, 1, 1 ], 
      [ 1, 0, 0, 1, 1, 1, 0, 0, 0, 1, 1, 1, 0, 0, 1, 1, 0, 0, 0, 0, 1, 1 ], 
      [ 1, 0, 0, 1, 1, 1, 1, 0, 0, 1, 1, 1, 1, 0, 1, 1, 1, 0, 0, 0, 0, 1 ], 
      [ 1, 0, 0, 1, 1, 0, 1, 0, 0, 1, 1, 0, 1, 0, 1, 0, 1, 0, 0, 1, 0, 1 ], 
      [ 1, 0, 0, 1, 0, 1, 0, 0, 0, 1, 0, 1, 0, 0, 0, 1, 0, 0, 1, 0, 1, 1 ], 
      [ 1, 0, 0, 1, 0, 1, 1, 0, 0, 1, 0, 1, 1, 0, 0, 1, 1, 0, 1, 0, 0, 1 ], 
      [ 1, 0, 0, 1, 0, 0, 1, 0, 0, 1, 0, 0, 1, 0, 0, 0, 1, 0, 1, 1, 0, 1 ], 
      [ 1, 0, 0, 0, 1, 0, 0, 0, 0, 0, 1, 0, 0, 0, 1, 0, 0, 0, 1, 0, 0, 0 ], 
      [ 1, 0, 0, 0, 1, 1, 0, 0, 0, 0, 1, 1, 0, 0, 1, 1, 0, 0, 1, 1, 0, 0 ], 
      [ 1, 0, 0, 0, 1, 1, 1, 0, 0, 0, 1, 1, 1, 0, 1, 1, 1, 0, 1, 1, 1, 0 ], 
      [ 1, 0, 0, 0, 1, 0, 1, 0, 0, 0, 1, 0, 1, 0, 1, 0, 1, 0, 1, 0, 1, 0 ], 
      [ 1, 0, 0, 0, 0, 1, 0, 0, 0, 0, 0, 1, 0, 0, 0, 1, 0, 0, 0, 1, 0, 0 ], 
      [ 1, 0, 0, 0, 0, 1, 1, 0, 0, 0, 0, 1, 1, 0, 0, 1, 1, 0, 0, 1, 1, 0 ], 
      [ 1, 0, 0, 0, 0, 0, 1, 0, 0, 0, 0, 0, 1, 0, 0, 0, 1, 0, 0, 0, 1, 0 ] ],
  GRP := Group( [ (  6, 10)(  9, 11)( 13, 17)( 16, 18)( 21, 25)( 24, 26)( 28, 32)( 31, 33)( 37, 41)( 40, 42)( 44, 48)
        ( 47, 49)( 52, 56)( 55, 57)( 59, 63)( 62, 64)( 69, 73)( 72, 74)( 76, 80)( 79, 81)( 84, 88)( 87, 89)( 91, 95)
        ( 94, 96)(100,104)(103,105)(107,111)(110,112)(115,119)(118,120)(122,126)(125,127), 
      (  4, 20)( 13, 21)( 14, 22)( 15, 23)( 16, 24)( 17, 25)( 18, 26)( 19, 27)( 35, 51)( 44, 52)( 45, 53)( 46, 54)
        ( 47, 55)( 48, 56)( 49, 57)( 50, 58)( 67, 83)( 76, 84)( 77, 85)( 78, 86)( 79, 87)( 80, 88)( 81, 89)( 82, 90)
        ( 98,114)(107,115)(108,116)(109,117)(110,118)(111,119)(112,120)(113,121), 
      (  4, 20)(  6, 10)(  8,128)(  9,125)( 11,127)( 12,124)( 13, 25)( 14, 22)( 15,113)( 16,110)( 17, 21)( 18,112)
        ( 19,109)( 23,121)( 24,118)( 26,120)( 27,117)( 28, 32)( 30,106)( 31,103)( 33,105)( 34,102)( 35, 51)( 37, 41)
        ( 39, 97)( 40, 94)( 42, 96)( 43, 93)( 44, 56)( 45, 53)( 46, 82)( 47, 79)( 48, 52)( 49, 81)( 50, 78)( 54, 90)
        ( 55, 87)( 57, 89)( 58, 86)( 59, 63)( 61, 75)( 62, 72)( 64, 74)( 65, 71)( 67, 83)( 69, 73)( 76, 88)( 77, 85)
        ( 80, 84)( 91, 95)( 98,114)(100,104)(107,119)(108,116)(111,115)(122,126), 
      (  7,  9)( 10, 12)( 14, 16)( 17, 19)( 22, 24)( 25, 27)( 29, 31)( 32, 34)( 38, 40)( 41, 43)( 45, 47)( 48, 50)
        ( 53, 55)( 56, 58)( 60, 62)( 63, 65)( 70, 72)( 73, 75)( 77, 79)( 80, 82)( 85, 87)( 88, 90)( 92, 94)( 95, 97)
        (101,103)(104,106)(108,110)(111,113)(116,118)(119,121)(123,125)(126,128), 
      (  2, 66)(  4, 20)(  6,124)(  7,123)(  8,122)(  9,125)( 10, 12)( 13,109)( 14,108)( 15,107)( 16,110)( 17, 27)
        ( 18, 26)( 19, 25)( 21,117)( 22,116)( 23,115)( 24,118)( 28,102)( 29,101)( 30,100)( 31,103)( 32, 34)( 35, 83)
        ( 36, 68)( 37, 61)( 38, 60)( 39, 59)( 40, 62)( 41, 75)( 42, 74)( 43, 73)( 44, 46)( 48, 90)( 49, 89)( 50, 88)
        ( 51, 67)( 52, 54)( 56, 82)( 57, 81)( 58, 80)( 63, 97)( 64, 96)( 65, 95)( 69, 93)( 70, 92)( 71, 91)( 72, 94)
        ( 76, 78)( 84, 86)( 98,114)(104,106)(111,121)(112,120)(113,119)(126,128), (  1,  2,  3, 66)(  4, 67, 98, 35)
        (  5, 68, 99, 36)(  6, 69,100, 37)(  7, 70,101, 38)(  8, 71,102, 39)(  9, 72,103, 40)( 10, 73,104, 41)
        ( 11, 74,105, 42)( 12, 75,106, 43)( 13, 76,107, 44)( 14, 77,108, 45)( 15, 78,109, 46)( 16, 79,110, 47)
        ( 17, 80,111, 48)( 18, 81,112, 49)( 19, 82,113, 50)( 20, 83,114, 51)( 21, 84,115, 52)( 22, 85,116, 53)
        ( 23, 86,117, 54)( 24, 87,118, 55)( 25, 88,119, 56)( 26, 89,120, 57)( 27, 90,121, 58)( 28, 91,122, 59)
        ( 29, 92,123, 60)( 30, 93,124, 61)( 31, 94,125, 62)( 32, 95,126, 63)( 33, 96,127, 64)( 34, 97,128, 65), 
      (  1,  4)(  2, 67)(  3, 98)(  5,114)(  6, 15)(  7, 14)(  8, 13)(  9, 16)( 10,121)( 11,120)( 12,119)( 17,128)
        ( 18,127)( 19,126)( 20, 99)( 21, 30)( 22, 29)( 23, 28)( 24, 31)( 25,106)( 26,105)( 27,104)( 32,113)( 33,112)
        ( 34,111)( 35, 66)( 36, 83)( 37, 46)( 38, 45)( 39, 44)( 40, 47)( 41, 90)( 42, 89)( 43, 88)( 48, 97)( 49, 96)
        ( 50, 95)( 51, 68)( 52, 61)( 53, 60)( 54, 59)( 55, 62)( 56, 75)( 57, 74)( 58, 73)( 63, 82)( 64, 81)( 65, 80)
        ( 69, 78)( 70, 77)( 71, 76)( 72, 79)( 84, 93)( 85, 92)( 86, 91)( 87, 94)(100,109)(101,108)(102,107)(103,110)
        (115,124)(116,123)(117,122)(118,125), (  1,  6, 11,128,  9, 10)(  2, 69, 74, 65, 72, 73)(  3,100,105, 34,103,
         104)(  4,115,120, 19,118,119)(  5,122,127, 12,125,126)(  7,  8)( 13, 18,121, 16, 17,114)( 14, 15)
        ( 20,107,112, 27,110,111)( 21, 26,113, 24, 25, 98)( 22, 23)( 28, 33,106, 31, 32, 99)( 29, 30)
        ( 35, 84, 89, 50, 87, 88)( 36, 91, 96, 43, 94, 95)( 37, 42, 97, 40, 41, 66)( 38, 39)( 44, 49, 90, 47, 48, 83)
        ( 45, 46)( 51, 76, 81, 58, 79, 80)( 52, 57, 82, 55, 56, 67)( 53, 54)( 59, 64, 75, 62, 63, 68)( 60, 61)
        ( 70, 71)( 77, 78)( 85, 86)( 92, 93)(101,102)(108,109)(116,117)(123,124) ] ),
  LOrb := 
   [ [ 1, 2, 3, 4, 5, 6, 7, 8, 9, 10, 11, 12, 13, 14, 15, 16, 17, 18, 19, 20, 21, 22, 23, 24, 25, 26, 27, 28, 29, 
          30, 31, 32, 33, 34, 35, 44, 45, 46, 47, 48, 49, 50, 59, 60, 61, 62, 63, 64, 65, 68, 69, 70, 71, 72, 73, 
          74, 75, 83, 84, 85, 86, 87, 88, 89, 90, 98, 99, 100, 101, 102, 103, 104, 105, 106, 107, 108, 109, 110, 
          111, 112, 113, 114, 115, 116, 117, 118, 119, 120, 121, 122, 123, 124, 125, 126, 127, 128 ], 
      [ 1, 2, 3, 20, 21, 22, 23, 24, 25, 26, 27, 28, 29, 30, 31, 32, 33, 34, 35, 36, 37, 38, 39, 40, 41, 42, 43, 44, 
          45, 46, 47, 48, 49, 50, 51, 52, 53, 54, 55, 56, 57, 58, 59, 60, 61, 62, 63, 64, 65, 66, 83, 84, 85, 86, 
          87, 88, 89, 90, 91, 92, 93, 94, 95, 96, 97, 98, 99, 100, 101, 102, 103, 104, 105, 106, 107, 108, 109, 110, 
          111, 112, 113, 114, 115, 116, 117, 118, 119, 120, 121, 122, 123, 124, 125, 126, 127, 128 ], 
      [ 1, 2, 3, 4, 5, 6, 7, 8, 9, 10, 11, 12, 13, 14, 15, 16, 17, 18, 19, 20, 21, 22, 23, 24, 25, 26, 27, 28, 29, 
          30, 31, 32, 33, 34, 35, 36, 41, 42, 43, 48, 49, 50, 51, 56, 57, 58, 63, 64, 65, 69, 70, 71, 72, 76, 77, 
          78, 79, 84, 85, 86, 87, 91, 92, 93, 94, 98, 99, 100, 101, 102, 103, 104, 105, 106, 107, 108, 109, 110, 
          111, 112, 113, 114, 115, 116, 117, 118, 119, 120, 121, 122, 123, 124, 125, 126, 127, 128 ], 
      [ 1, 2, 3, 8, 9, 11, 12, 14, 15, 17, 18, 20, 21, 24, 27, 28, 29, 32, 40, 43, 46, 47, 49, 50, 55, 58, 59, 62, 
          65, 70, 71, 73, 74, 77, 80, 83, 84, 85, 88, 92, 95, 102, 103, 105, 106, 108, 109, 111, 112, 114, 115, 118, 
          121, 122, 123, 126 ], [ 1, 2, 3, 8, 9, 11, 12, 14, 15, 17, 18, 20, 21, 24, 27, 28, 29, 32, 39, 40, 42, 43, 
          45, 46, 48, 49, 51, 52, 55, 58, 59, 60, 63, 66, 71, 72, 74, 75, 77, 78, 80, 81, 83, 84, 87, 90, 91, 92, 
          95, 102, 103, 105, 106, 108, 109, 111, 112, 114, 115, 118, 121, 122, 123, 126 ], 
      [ 5, 6, 7, 10, 14, 15, 17, 18, 20, 21, 24, 27, 30, 31, 33, 34, 35, 36, 37, 44, 45, 46, 47, 48, 49, 50, 62, 65, 
          70, 73, 83, 84, 85, 86, 87, 88, 89, 90, 93, 96, 99, 100, 101, 104, 108, 109, 111, 112, 114, 115, 118, 121, 
          124, 125, 127, 128 ], [ 14, 15, 17, 18, 35, 36, 43, 44, 45, 46, 47, 48, 49, 50, 59, 62, 73, 74, 77, 78, 
          80, 81, 92, 93, 99, 104, 105, 106, 108, 109, 111, 112, 114, 115, 118, 121, 122, 123, 124, 125 ] ],
  eRec := rec(
      GRA := rec(
          adjacencies := [ [ 2, 3, 4, 5, 6, 7, 8 ], [ 1, 3, 4, 5, 6, 7, 8 ], [ 1, 2, 5, 6, 7, 8 ], 
              [ 1, 2, 5, 6, 7, 8 ], [ 1, 2, 3, 4 ], [ 1, 2, 3, 4 ], [ 1, 2, 3, 4 ], [ 1, 2, 3, 4 ] ],
          autGroup := Group( [ (1,2), (3,4), (7,8), (6,7), (5,6) ] ),
          group := Group( [ () ] ),
          isGraph := true,
          isSimple := true,
          order := 8,
          representatives := [ 1, 2, 3, 4, 5, 6, 7, 8 ],
          schreierVector := [ -1, -2, -3, -4, -5, -6, -7, -8 ] ),
      GRPcanonic := Group( [ (  2, 66)( 35, 67)( 36, 68)( 37, 69)( 38, 70)( 39, 71)( 40, 72)( 41, 73)( 42, 74)
            ( 43, 75)( 44, 76)( 45, 77)( 46, 78)( 47, 79)( 48, 80)( 49, 81)( 50, 82)( 51, 83)( 52, 84)( 53, 85)
            ( 54, 86)( 55, 87)( 56, 88)( 57, 89)( 58, 90)( 59, 91)( 60, 92)( 61, 93)( 62, 94)( 63, 95)( 64, 96)
            ( 65, 97), (  4, 20)( 13, 21)( 14, 22)( 15, 23)( 16, 24)( 17, 25)( 18, 26)( 19, 27)( 35, 51)( 44, 52)
            ( 45, 53)( 46, 54)( 47, 55)( 48, 56)( 49, 57)( 50, 58)( 67, 83)( 76, 84)( 77, 85)( 78, 86)( 79, 87)
            ( 80, 88)( 81, 89)( 82, 90)( 98,114)(107,115)(108,116)(109,117)(110,118)(111,119)(112,120)(113,121), 
          (  8,128)(  9,127)( 11,125)( 12,124)( 15,121)( 16,120)( 18,118)( 19,117)( 23,113)( 24,112)( 26,110)
            ( 27,109)( 30,106)( 31,105)( 33,103)( 34,102)( 39, 97)( 40, 96)( 42, 94)( 43, 93)( 46, 90)( 47, 89)
            ( 49, 87)( 50, 86)( 54, 82)( 55, 81)( 57, 79)( 58, 78)( 61, 75)( 62, 74)( 64, 72)( 65, 71), 
          (  7,  9)( 10, 12)( 14, 16)( 17, 19)( 22, 24)( 25, 27)( 29, 31)( 32, 34)( 38, 40)( 41, 43)( 45, 47)
            ( 48, 50)( 53, 55)( 56, 58)( 60, 62)( 63, 65)( 70, 72)( 73, 75)( 77, 79)( 80, 82)( 85, 87)( 88, 90)
            ( 92, 94)( 95, 97)(101,103)(104,106)(108,110)(111,113)(116,118)(119,121)(123,125)(126,128), 
          (  6, 10)(  9, 11)( 13, 17)( 16, 18)( 21, 25)( 24, 26)( 28, 32)( 31, 33)( 37, 41)( 40, 42)( 44, 48)
            ( 47, 49)( 52, 56)( 55, 57)( 59, 63)( 62, 64)( 69, 73)( 72, 74)( 76, 80)( 79, 81)( 84, 88)( 87, 89)
            ( 91, 95)( 94, 96)(100,104)(103,105)(107,111)(110,112)(115,119)(118,120)(122,126)(125,127), 
          (  1,  2)(  3, 66)(  4, 67)(  5, 68)(  6, 69)(  7, 70)(  8, 71)(  9, 72)( 10, 73)( 11, 74)( 12, 75)
            ( 13, 76)( 14, 77)( 15, 78)( 16, 79)( 17, 80)( 18, 81)( 19, 82)( 20, 83)( 21, 84)( 22, 85)( 23, 86)
            ( 24, 87)( 25, 88)( 26, 89)( 27, 90)( 28, 91)( 29, 92)( 30, 93)( 31, 94)( 32, 95)( 33, 96)( 34, 97)
            ( 35, 98)( 36, 99)( 37,100)( 38,101)( 39,102)( 40,103)( 41,104)( 42,105)( 43,106)( 44,107)( 45,108)
            ( 46,109)( 47,110)( 48,111)( 49,112)( 50,113)( 51,114)( 52,115)( 53,116)( 54,117)( 55,118)( 56,119)
            ( 57,120)( 58,121)( 59,122)( 60,123)( 61,124)( 62,125)( 63,126)( 64,127)( 65,128), 
          (  1, 66)(  2,  3)(  4, 35)(  5, 36)(  6, 37)(  7, 38)(  8, 39)(  9, 40)( 10, 41)( 11, 42)( 12, 43)
            ( 13, 44)( 14, 45)( 15, 46)( 16, 47)( 17, 48)( 18, 49)( 19, 50)( 20, 51)( 21, 52)( 22, 53)( 23, 54)
            ( 24, 55)( 25, 56)( 26, 57)( 27, 58)( 28, 59)( 29, 60)( 30, 61)( 31, 62)( 32, 63)( 33, 64)( 34, 65)
            ( 67, 98)( 68, 99)( 69,100)( 70,101)( 71,102)( 72,103)( 73,104)( 74,105)( 75,106)( 76,107)( 77,108)
            ( 78,109)( 79,110)( 80,111)( 81,112)( 82,113)( 83,114)( 84,115)( 85,116)( 86,117)( 87,118)( 88,119)
            ( 89,120)( 90,121)( 91,122)( 92,123)( 93,124)( 94,125)( 95,126)( 96,127)( 97,128), 
          (  1, 98)(  2, 35)(  3,  4)(  5, 20)(  6, 21)(  7, 22)(  8, 23)(  9, 24)( 10, 25)( 11, 26)( 12, 27)
            ( 13, 28)( 14, 29)( 15, 30)( 16, 31)( 17, 32)( 18, 33)( 19, 34)( 36, 51)( 37, 52)( 38, 53)( 39, 54)
            ( 40, 55)( 41, 56)( 42, 57)( 43, 58)( 44, 59)( 45, 60)( 46, 61)( 47, 62)( 48, 63)( 49, 64)( 50, 65)
            ( 66, 67)( 68, 83)( 69, 84)( 70, 85)( 71, 86)( 72, 87)( 73, 88)( 74, 89)( 75, 90)( 76, 91)( 77, 92)
            ( 78, 93)( 79, 94)( 80, 95)( 81, 96)( 82, 97)( 99,114)(100,115)(101,116)(102,117)(103,118)(104,119)
            (105,120)(106,121)(107,122)(108,123)(109,124)(110,125)(111,126)(112,127)(113,128), 
          (  1,114)(  2, 51)(  3, 20)(  4,  5)(  6, 13)(  7, 14)(  8, 15)(  9, 16)( 10, 17)( 11, 18)( 12, 19)
            ( 21, 28)( 22, 29)( 23, 30)( 24, 31)( 25, 32)( 26, 33)( 27, 34)( 35, 36)( 37, 44)( 38, 45)( 39, 46)
            ( 40, 47)( 41, 48)( 42, 49)( 43, 50)( 52, 59)( 53, 60)( 54, 61)( 55, 62)( 56, 63)( 57, 64)( 58, 65)
            ( 66, 83)( 67, 68)( 69, 76)( 70, 77)( 71, 78)( 72, 79)( 73, 80)( 74, 81)( 75, 82)( 84, 91)( 85, 92)
            ( 86, 93)( 87, 94)( 88, 95)( 89, 96)( 90, 97)( 98, 99)(100,107)(101,108)(102,109)(103,110)(104,111)
            (105,112)(106,113)(115,122)(116,123)(117,124)(118,125)(119,126)(120,127)(121,128), 
          (  1,122)(  2, 59)(  3, 28)(  4, 13)(  5,  6)(  7, 10)(  8, 11)(  9, 12)( 14, 17)( 15, 18)( 16, 19)
            ( 20, 21)( 22, 25)( 23, 26)( 24, 27)( 29, 32)( 30, 33)( 31, 34)( 35, 44)( 36, 37)( 38, 41)( 39, 42)
            ( 40, 43)( 45, 48)( 46, 49)( 47, 50)( 51, 52)( 53, 56)( 54, 57)( 55, 58)( 60, 63)( 61, 64)( 62, 65)
            ( 66, 91)( 67, 76)( 68, 69)( 70, 73)( 71, 74)( 72, 75)( 77, 80)( 78, 81)( 79, 82)( 83, 84)( 85, 88)
            ( 86, 89)( 87, 90)( 92, 95)( 93, 96)( 94, 97)( 98,107)( 99,100)(101,104)(102,105)(103,106)(108,111)
            (109,112)(110,113)(114,115)(116,119)(117,120)(118,121)(123,126)(124,127)(125,128), 
          (  1,126)(  2, 63)(  3, 32)(  4, 17)(  5, 10)(  6,  7)(  8,  9)( 11, 12)( 13, 14)( 15, 16)( 18, 19)
            ( 20, 25)( 21, 22)( 23, 24)( 26, 27)( 28, 29)( 30, 31)( 33, 34)( 35, 48)( 36, 41)( 37, 38)( 39, 40)
            ( 42, 43)( 44, 45)( 46, 47)( 49, 50)( 51, 56)( 52, 53)( 54, 55)( 57, 58)( 59, 60)( 61, 62)( 64, 65)
            ( 66, 95)( 67, 80)( 68, 73)( 69, 70)( 71, 72)( 74, 75)( 76, 77)( 78, 79)( 81, 82)( 83, 88)( 84, 85)
            ( 86, 87)( 89, 90)( 91, 92)( 93, 94)( 96, 97)( 98,111)( 99,104)(100,101)(102,103)(105,106)(107,108)
            (109,110)(112,113)(114,119)(115,116)(117,118)(120,121)(122,123)(124,125)(127,128), 
          (  1,128)(  2, 65)(  3, 34)(  4, 19)(  5, 12)(  6,  9)(  7,  8)( 10, 11)( 13, 16)( 14, 15)( 17, 18)
            ( 20, 27)( 21, 24)( 22, 23)( 25, 26)( 28, 31)( 29, 30)( 32, 33)( 35, 50)( 36, 43)( 37, 40)( 38, 39)
            ( 41, 42)( 44, 47)( 45, 46)( 48, 49)( 51, 58)( 52, 55)( 53, 54)( 56, 57)( 59, 62)( 60, 61)( 63, 64)
            ( 66, 97)( 67, 82)( 68, 75)( 69, 72)( 70, 71)( 73, 74)( 76, 79)( 77, 78)( 80, 81)( 83, 90)( 84, 87)
            ( 85, 86)( 88, 89)( 91, 94)( 92, 93)( 95, 96)( 98,113)( 99,106)(100,103)(101,102)(104,105)(107,110)
            (108,109)(111,112)(114,121)(115,118)(116,117)(119,120)(122,125)(123,124)(126,127), 
          (  1,  8)(  2, 71)(  3,102)(  4,117)(  5,124)(  6,127)(  7,128)(  9,126)( 10,125)( 11,122)( 12,123)
            ( 13,120)( 14,121)( 15,114)( 16,119)( 17,118)( 18,115)( 19,116)( 20,109)( 21,112)( 22,113)( 23, 98)
            ( 24,111)( 25,110)( 26,107)( 27,108)( 28,105)( 29,106)( 30, 99)( 31,104)( 32,103)( 33,100)( 34,101)
            ( 35, 86)( 36, 93)( 37, 96)( 38, 97)( 39, 66)( 40, 95)( 41, 94)( 42, 91)( 43, 92)( 44, 89)( 45, 90)
            ( 46, 83)( 47, 88)( 48, 87)( 49, 84)( 50, 85)( 51, 78)( 52, 81)( 53, 82)( 54, 67)( 55, 80)( 56, 79)
            ( 57, 76)( 58, 77)( 59, 74)( 60, 75)( 61, 68)( 62, 73)( 63, 72)( 64, 69)( 65, 70) ] ),
      ListEdges := [ [ 1, 2 ], [ 1, 3 ], [ 1, 4 ], [ 1, 5 ], [ 1, 6 ], [ 1, 7 ], [ 1, 8 ], [ 2, 3 ], [ 2, 4 ], 
          [ 2, 5 ], [ 2, 6 ], [ 2, 7 ], [ 2, 8 ], [ 3, 5 ], [ 3, 6 ], [ 3, 7 ], [ 3, 8 ], [ 4, 5 ], [ 4, 6 ], 
          [ 4, 7 ], [ 4, 8 ] ],
      ListSet := [ [  ], [ 1 ], [ 1, 2 ], [ 1, 2, 3 ], [ 1, 2, 3, 4 ], [ 1, 2, 3, 4, 5 ], [ 1, 2, 3, 4, 5, 6 ], 
          [ 1, 2, 3, 4, 5, 6, 7 ], [ 1, 2, 3, 4, 5, 7 ], [ 1, 2, 3, 4, 6 ], [ 1, 2, 3, 4, 6, 7 ], [ 1, 2, 3, 4, 7 ], 
          [ 1, 2, 3, 5 ], [ 1, 2, 3, 5, 6 ], [ 1, 2, 3, 5, 6, 7 ], [ 1, 2, 3, 5, 7 ], [ 1, 2, 3, 6 ], 
          [ 1, 2, 3, 6, 7 ], [ 1, 2, 3, 7 ], [ 1, 2, 4 ], [ 1, 2, 4, 5 ], [ 1, 2, 4, 5, 6 ], [ 1, 2, 4, 5, 6, 7 ], 
          [ 1, 2, 4, 5, 7 ], [ 1, 2, 4, 6 ], [ 1, 2, 4, 6, 7 ], [ 1, 2, 4, 7 ], [ 1, 2, 5 ], [ 1, 2, 5, 6 ], 
          [ 1, 2, 5, 6, 7 ], [ 1, 2, 5, 7 ], [ 1, 2, 6 ], [ 1, 2, 6, 7 ], [ 1, 2, 7 ], [ 1, 3 ], [ 1, 3, 4 ], 
          [ 1, 3, 4, 5 ], [ 1, 3, 4, 5, 6 ], [ 1, 3, 4, 5, 6, 7 ], [ 1, 3, 4, 5, 7 ], [ 1, 3, 4, 6 ], 
          [ 1, 3, 4, 6, 7 ], [ 1, 3, 4, 7 ], [ 1, 3, 5 ], [ 1, 3, 5, 6 ], [ 1, 3, 5, 6, 7 ], [ 1, 3, 5, 7 ], 
          [ 1, 3, 6 ], [ 1, 3, 6, 7 ], [ 1, 3, 7 ], [ 1, 4 ], [ 1, 4, 5 ], [ 1, 4, 5, 6 ], [ 1, 4, 5, 6, 7 ], 
          [ 1, 4, 5, 7 ], [ 1, 4, 6 ], [ 1, 4, 6, 7 ], [ 1, 4, 7 ], [ 1, 5 ], [ 1, 5, 6 ], [ 1, 5, 6, 7 ], 
          [ 1, 5, 7 ], [ 1, 6 ], [ 1, 6, 7 ], [ 1, 7 ], [ 2 ], [ 2, 3 ], [ 2, 3, 4 ], [ 2, 3, 4, 5 ], 
          [ 2, 3, 4, 5, 6 ], [ 2, 3, 4, 5, 6, 7 ], [ 2, 3, 4, 5, 7 ], [ 2, 3, 4, 6 ], [ 2, 3, 4, 6, 7 ], 
          [ 2, 3, 4, 7 ], [ 2, 3, 5 ], [ 2, 3, 5, 6 ], [ 2, 3, 5, 6, 7 ], [ 2, 3, 5, 7 ], [ 2, 3, 6 ], 
          [ 2, 3, 6, 7 ], [ 2, 3, 7 ], [ 2, 4 ], [ 2, 4, 5 ], [ 2, 4, 5, 6 ], [ 2, 4, 5, 6, 7 ], [ 2, 4, 5, 7 ], 
          [ 2, 4, 6 ], [ 2, 4, 6, 7 ], [ 2, 4, 7 ], [ 2, 5 ], [ 2, 5, 6 ], [ 2, 5, 6, 7 ], [ 2, 5, 7 ], [ 2, 6 ], 
          [ 2, 6, 7 ], [ 2, 7 ], [ 3 ], [ 3, 4 ], [ 3, 4, 5 ], [ 3, 4, 5, 6 ], [ 3, 4, 5, 6, 7 ], [ 3, 4, 5, 7 ], 
          [ 3, 4, 6 ], [ 3, 4, 6, 7 ], [ 3, 4, 7 ], [ 3, 5 ], [ 3, 5, 6 ], [ 3, 5, 6, 7 ], [ 3, 5, 7 ], [ 3, 6 ], 
          [ 3, 6, 7 ], [ 3, 7 ], [ 4 ], [ 4, 5 ], [ 4, 5, 6 ], [ 4, 5, 6, 7 ], [ 4, 5, 7 ], [ 4, 6 ], [ 4, 6, 7 ], 
          [ 4, 7 ], [ 5 ], [ 5, 6 ], [ 5, 6, 7 ], [ 5, 7 ], [ 6 ], [ 6, 7 ], [ 7 ] ],
      ListVect := [ [ 1, 0, 0, 0, 0, 0, 0, 0, 0, 0, 0, 0, 0, 0, 0, 0, 0, 0, 0, 0, 0, 0 ], 
          [ 1, 1, 1, 1, 1, 1, 1, 1, 0, 0, 0, 0, 0, 0, 0, 0, 0, 0, 0, 0, 0, 0 ], 
          [ 1, 0, 1, 1, 1, 1, 1, 1, 1, 1, 1, 1, 1, 1, 0, 0, 0, 0, 0, 0, 0, 0 ], 
          [ 1, 0, 0, 1, 1, 1, 1, 1, 0, 1, 1, 1, 1, 1, 1, 1, 1, 1, 0, 0, 0, 0 ], 
          [ 1, 0, 0, 0, 1, 1, 1, 1, 0, 0, 1, 1, 1, 1, 1, 1, 1, 1, 1, 1, 1, 1 ], 
          [ 1, 0, 0, 0, 0, 1, 1, 1, 0, 0, 0, 1, 1, 1, 0, 1, 1, 1, 0, 1, 1, 1 ], 
          [ 1, 0, 0, 0, 0, 0, 1, 1, 0, 0, 0, 0, 1, 1, 0, 0, 1, 1, 0, 0, 1, 1 ], 
          [ 1, 0, 0, 0, 0, 0, 0, 1, 0, 0, 0, 0, 0, 1, 0, 0, 0, 1, 0, 0, 0, 1 ], 
          [ 1, 0, 0, 0, 0, 1, 0, 1, 0, 0, 0, 1, 0, 1, 0, 1, 0, 1, 0, 1, 0, 1 ], 
          [ 1, 0, 0, 0, 1, 0, 1, 1, 0, 0, 1, 0, 1, 1, 1, 0, 1, 1, 1, 0, 1, 1 ], 
          [ 1, 0, 0, 0, 1, 0, 0, 1, 0, 0, 1, 0, 0, 1, 1, 0, 0, 1, 1, 0, 0, 1 ], 
          [ 1, 0, 0, 0, 1, 1, 0, 1, 0, 0, 1, 1, 0, 1, 1, 1, 0, 1, 1, 1, 0, 1 ], 
          [ 1, 0, 0, 1, 0, 1, 1, 1, 0, 1, 0, 1, 1, 1, 0, 1, 1, 1, 1, 0, 0, 0 ], 
          [ 1, 0, 0, 1, 0, 0, 1, 1, 0, 1, 0, 0, 1, 1, 0, 0, 1, 1, 1, 1, 0, 0 ], 
          [ 1, 0, 0, 1, 0, 0, 0, 1, 0, 1, 0, 0, 0, 1, 0, 0, 0, 1, 1, 1, 1, 0 ], 
          [ 1, 0, 0, 1, 0, 1, 0, 1, 0, 1, 0, 1, 0, 1, 0, 1, 0, 1, 1, 0, 1, 0 ], 
          [ 1, 0, 0, 1, 1, 0, 1, 1, 0, 1, 1, 0, 1, 1, 1, 0, 1, 1, 0, 1, 0, 0 ], 
          [ 1, 0, 0, 1, 1, 0, 0, 1, 0, 1, 1, 0, 0, 1, 1, 0, 0, 1, 0, 1, 1, 0 ], 
          [ 1, 0, 0, 1, 1, 1, 0, 1, 0, 1, 1, 1, 0, 1, 1, 1, 0, 1, 0, 0, 1, 0 ], 
          [ 1, 0, 1, 0, 1, 1, 1, 1, 1, 0, 1, 1, 1, 1, 0, 0, 0, 0, 1, 1, 1, 1 ], 
          [ 1, 0, 1, 0, 0, 1, 1, 1, 1, 0, 0, 1, 1, 1, 1, 0, 0, 0, 0, 1, 1, 1 ], 
          [ 1, 0, 1, 0, 0, 0, 1, 1, 1, 0, 0, 0, 1, 1, 1, 1, 0, 0, 0, 0, 1, 1 ], 
          [ 1, 0, 1, 0, 0, 0, 0, 1, 1, 0, 0, 0, 0, 1, 1, 1, 1, 0, 0, 0, 0, 1 ], 
          [ 1, 0, 1, 0, 0, 1, 0, 1, 1, 0, 0, 1, 0, 1, 1, 0, 1, 0, 0, 1, 0, 1 ], 
          [ 1, 0, 1, 0, 1, 0, 1, 1, 1, 0, 1, 0, 1, 1, 0, 1, 0, 0, 1, 0, 1, 1 ], 
          [ 1, 0, 1, 0, 1, 0, 0, 1, 1, 0, 1, 0, 0, 1, 0, 1, 1, 0, 1, 0, 0, 1 ], 
          [ 1, 0, 1, 0, 1, 1, 0, 1, 1, 0, 1, 1, 0, 1, 0, 0, 1, 0, 1, 1, 0, 1 ], 
          [ 1, 0, 1, 1, 0, 1, 1, 1, 1, 1, 0, 1, 1, 1, 1, 0, 0, 0, 1, 0, 0, 0 ], 
          [ 1, 0, 1, 1, 0, 0, 1, 1, 1, 1, 0, 0, 1, 1, 1, 1, 0, 0, 1, 1, 0, 0 ], 
          [ 1, 0, 1, 1, 0, 0, 0, 1, 1, 1, 0, 0, 0, 1, 1, 1, 1, 0, 1, 1, 1, 0 ], 
          [ 1, 0, 1, 1, 0, 1, 0, 1, 1, 1, 0, 1, 0, 1, 1, 0, 1, 0, 1, 0, 1, 0 ], 
          [ 1, 0, 1, 1, 1, 0, 1, 1, 1, 1, 1, 0, 1, 1, 0, 1, 0, 0, 0, 1, 0, 0 ], 
          [ 1, 0, 1, 1, 1, 0, 0, 1, 1, 1, 1, 0, 0, 1, 0, 1, 1, 0, 0, 1, 1, 0 ], 
          [ 1, 0, 1, 1, 1, 1, 0, 1, 1, 1, 1, 1, 0, 1, 0, 0, 1, 0, 0, 0, 1, 0 ], 
          [ 1, 1, 0, 1, 1, 1, 1, 1, 1, 0, 0, 0, 0, 0, 1, 1, 1, 1, 0, 0, 0, 0 ], 
          [ 1, 1, 0, 0, 1, 1, 1, 1, 1, 1, 0, 0, 0, 0, 1, 1, 1, 1, 1, 1, 1, 1 ], 
          [ 1, 1, 0, 0, 0, 1, 1, 1, 1, 1, 1, 0, 0, 0, 0, 1, 1, 1, 0, 1, 1, 1 ], 
          [ 1, 1, 0, 0, 0, 0, 1, 1, 1, 1, 1, 1, 0, 0, 0, 0, 1, 1, 0, 0, 1, 1 ], 
          [ 1, 1, 0, 0, 0, 0, 0, 1, 1, 1, 1, 1, 1, 0, 0, 0, 0, 1, 0, 0, 0, 1 ], 
          [ 1, 1, 0, 0, 0, 1, 0, 1, 1, 1, 1, 0, 1, 0, 0, 1, 0, 1, 0, 1, 0, 1 ], 
          [ 1, 1, 0, 0, 1, 0, 1, 1, 1, 1, 0, 1, 0, 0, 1, 0, 1, 1, 1, 0, 1, 1 ], 
          [ 1, 1, 0, 0, 1, 0, 0, 1, 1, 1, 0, 1, 1, 0, 1, 0, 0, 1, 1, 0, 0, 1 ], 
          [ 1, 1, 0, 0, 1, 1, 0, 1, 1, 1, 0, 0, 1, 0, 1, 1, 0, 1, 1, 1, 0, 1 ], 
          [ 1, 1, 0, 1, 0, 1, 1, 1, 1, 0, 1, 0, 0, 0, 0, 1, 1, 1, 1, 0, 0, 0 ], 
          [ 1, 1, 0, 1, 0, 0, 1, 1, 1, 0, 1, 1, 0, 0, 0, 0, 1, 1, 1, 1, 0, 0 ], 
          [ 1, 1, 0, 1, 0, 0, 0, 1, 1, 0, 1, 1, 1, 0, 0, 0, 0, 1, 1, 1, 1, 0 ], 
          [ 1, 1, 0, 1, 0, 1, 0, 1, 1, 0, 1, 0, 1, 0, 0, 1, 0, 1, 1, 0, 1, 0 ], 
          [ 1, 1, 0, 1, 1, 0, 1, 1, 1, 0, 0, 1, 0, 0, 1, 0, 1, 1, 0, 1, 0, 0 ], 
          [ 1, 1, 0, 1, 1, 0, 0, 1, 1, 0, 0, 1, 1, 0, 1, 0, 0, 1, 0, 1, 1, 0 ], 
          [ 1, 1, 0, 1, 1, 1, 0, 1, 1, 0, 0, 0, 1, 0, 1, 1, 0, 1, 0, 0, 1, 0 ], 
          [ 1, 1, 1, 0, 1, 1, 1, 1, 0, 1, 0, 0, 0, 0, 0, 0, 0, 0, 1, 1, 1, 1 ], 
          [ 1, 1, 1, 0, 0, 1, 1, 1, 0, 1, 1, 0, 0, 0, 1, 0, 0, 0, 0, 1, 1, 1 ], 
          [ 1, 1, 1, 0, 0, 0, 1, 1, 0, 1, 1, 1, 0, 0, 1, 1, 0, 0, 0, 0, 1, 1 ], 
          [ 1, 1, 1, 0, 0, 0, 0, 1, 0, 1, 1, 1, 1, 0, 1, 1, 1, 0, 0, 0, 0, 1 ], 
          [ 1, 1, 1, 0, 0, 1, 0, 1, 0, 1, 1, 0, 1, 0, 1, 0, 1, 0, 0, 1, 0, 1 ], 
          [ 1, 1, 1, 0, 1, 0, 1, 1, 0, 1, 0, 1, 0, 0, 0, 1, 0, 0, 1, 0, 1, 1 ], 
          [ 1, 1, 1, 0, 1, 0, 0, 1, 0, 1, 0, 1, 1, 0, 0, 1, 1, 0, 1, 0, 0, 1 ], 
          [ 1, 1, 1, 0, 1, 1, 0, 1, 0, 1, 0, 0, 1, 0, 0, 0, 1, 0, 1, 1, 0, 1 ], 
          [ 1, 1, 1, 1, 0, 1, 1, 1, 0, 0, 1, 0, 0, 0, 1, 0, 0, 0, 1, 0, 0, 0 ], 
          [ 1, 1, 1, 1, 0, 0, 1, 1, 0, 0, 1, 1, 0, 0, 1, 1, 0, 0, 1, 1, 0, 0 ], 
          [ 1, 1, 1, 1, 0, 0, 0, 1, 0, 0, 1, 1, 1, 0, 1, 1, 1, 0, 1, 1, 1, 0 ], 
          [ 1, 1, 1, 1, 0, 1, 0, 1, 0, 0, 1, 0, 1, 0, 1, 0, 1, 0, 1, 0, 1, 0 ], 
          [ 1, 1, 1, 1, 1, 0, 1, 1, 0, 0, 0, 1, 0, 0, 0, 1, 0, 0, 0, 1, 0, 0 ], 
          [ 1, 1, 1, 1, 1, 0, 0, 1, 0, 0, 0, 1, 1, 0, 0, 1, 1, 0, 0, 1, 1, 0 ], 
          [ 1, 1, 1, 1, 1, 1, 0, 1, 0, 0, 0, 0, 1, 0, 0, 0, 1, 0, 0, 0, 1, 0 ], 
          [ 1, 1, 0, 0, 0, 0, 0, 0, 1, 1, 1, 1, 1, 1, 0, 0, 0, 0, 0, 0, 0, 0 ], 
          [ 1, 1, 1, 0, 0, 0, 0, 0, 0, 1, 1, 1, 1, 1, 1, 1, 1, 1, 0, 0, 0, 0 ], 
          [ 1, 1, 1, 1, 0, 0, 0, 0, 0, 0, 1, 1, 1, 1, 1, 1, 1, 1, 1, 1, 1, 1 ], 
          [ 1, 1, 1, 1, 1, 0, 0, 0, 0, 0, 0, 1, 1, 1, 0, 1, 1, 1, 0, 1, 1, 1 ], 
          [ 1, 1, 1, 1, 1, 1, 0, 0, 0, 0, 0, 0, 1, 1, 0, 0, 1, 1, 0, 0, 1, 1 ], 
          [ 1, 1, 1, 1, 1, 1, 1, 0, 0, 0, 0, 0, 0, 1, 0, 0, 0, 1, 0, 0, 0, 1 ], 
          [ 1, 1, 1, 1, 1, 0, 1, 0, 0, 0, 0, 1, 0, 1, 0, 1, 0, 1, 0, 1, 0, 1 ], 
          [ 1, 1, 1, 1, 0, 1, 0, 0, 0, 0, 1, 0, 1, 1, 1, 0, 1, 1, 1, 0, 1, 1 ], 
          [ 1, 1, 1, 1, 0, 1, 1, 0, 0, 0, 1, 0, 0, 1, 1, 0, 0, 1, 1, 0, 0, 1 ], 
          [ 1, 1, 1, 1, 0, 0, 1, 0, 0, 0, 1, 1, 0, 1, 1, 1, 0, 1, 1, 1, 0, 1 ], 
          [ 1, 1, 1, 0, 1, 0, 0, 0, 0, 1, 0, 1, 1, 1, 0, 1, 1, 1, 1, 0, 0, 0 ], 
          [ 1, 1, 1, 0, 1, 1, 0, 0, 0, 1, 0, 0, 1, 1, 0, 0, 1, 1, 1, 1, 0, 0 ], 
          [ 1, 1, 1, 0, 1, 1, 1, 0, 0, 1, 0, 0, 0, 1, 0, 0, 0, 1, 1, 1, 1, 0 ], 
          [ 1, 1, 1, 0, 1, 0, 1, 0, 0, 1, 0, 1, 0, 1, 0, 1, 0, 1, 1, 0, 1, 0 ], 
          [ 1, 1, 1, 0, 0, 1, 0, 0, 0, 1, 1, 0, 1, 1, 1, 0, 1, 1, 0, 1, 0, 0 ], 
          [ 1, 1, 1, 0, 0, 1, 1, 0, 0, 1, 1, 0, 0, 1, 1, 0, 0, 1, 0, 1, 1, 0 ], 
          [ 1, 1, 1, 0, 0, 0, 1, 0, 0, 1, 1, 1, 0, 1, 1, 1, 0, 1, 0, 0, 1, 0 ], 
          [ 1, 1, 0, 1, 0, 0, 0, 0, 1, 0, 1, 1, 1, 1, 0, 0, 0, 0, 1, 1, 1, 1 ], 
          [ 1, 1, 0, 1, 1, 0, 0, 0, 1, 0, 0, 1, 1, 1, 1, 0, 0, 0, 0, 1, 1, 1 ], 
          [ 1, 1, 0, 1, 1, 1, 0, 0, 1, 0, 0, 0, 1, 1, 1, 1, 0, 0, 0, 0, 1, 1 ], 
          [ 1, 1, 0, 1, 1, 1, 1, 0, 1, 0, 0, 0, 0, 1, 1, 1, 1, 0, 0, 0, 0, 1 ], 
          [ 1, 1, 0, 1, 1, 0, 1, 0, 1, 0, 0, 1, 0, 1, 1, 0, 1, 0, 0, 1, 0, 1 ], 
          [ 1, 1, 0, 1, 0, 1, 0, 0, 1, 0, 1, 0, 1, 1, 0, 1, 0, 0, 1, 0, 1, 1 ], 
          [ 1, 1, 0, 1, 0, 1, 1, 0, 1, 0, 1, 0, 0, 1, 0, 1, 1, 0, 1, 0, 0, 1 ], 
          [ 1, 1, 0, 1, 0, 0, 1, 0, 1, 0, 1, 1, 0, 1, 0, 0, 1, 0, 1, 1, 0, 1 ], 
          [ 1, 1, 0, 0, 1, 0, 0, 0, 1, 1, 0, 1, 1, 1, 1, 0, 0, 0, 1, 0, 0, 0 ], 
          [ 1, 1, 0, 0, 1, 1, 0, 0, 1, 1, 0, 0, 1, 1, 1, 1, 0, 0, 1, 1, 0, 0 ], 
          [ 1, 1, 0, 0, 1, 1, 1, 0, 1, 1, 0, 0, 0, 1, 1, 1, 1, 0, 1, 1, 1, 0 ], 
          [ 1, 1, 0, 0, 1, 0, 1, 0, 1, 1, 0, 1, 0, 1, 1, 0, 1, 0, 1, 0, 1, 0 ], 
          [ 1, 1, 0, 0, 0, 1, 0, 0, 1, 1, 1, 0, 1, 1, 0, 1, 0, 0, 0, 1, 0, 0 ], 
          [ 1, 1, 0, 0, 0, 1, 1, 0, 1, 1, 1, 0, 0, 1, 0, 1, 1, 0, 0, 1, 1, 0 ], 
          [ 1, 1, 0, 0, 0, 0, 1, 0, 1, 1, 1, 1, 0, 1, 0, 0, 1, 0, 0, 0, 1, 0 ], 
          [ 1, 0, 1, 0, 0, 0, 0, 0, 1, 0, 0, 0, 0, 0, 1, 1, 1, 1, 0, 0, 0, 0 ], 
          [ 1, 0, 1, 1, 0, 0, 0, 0, 1, 1, 0, 0, 0, 0, 1, 1, 1, 1, 1, 1, 1, 1 ], 
          [ 1, 0, 1, 1, 1, 0, 0, 0, 1, 1, 1, 0, 0, 0, 0, 1, 1, 1, 0, 1, 1, 1 ], 
          [ 1, 0, 1, 1, 1, 1, 0, 0, 1, 1, 1, 1, 0, 0, 0, 0, 1, 1, 0, 0, 1, 1 ], 
          [ 1, 0, 1, 1, 1, 1, 1, 0, 1, 1, 1, 1, 1, 0, 0, 0, 0, 1, 0, 0, 0, 1 ], 
          [ 1, 0, 1, 1, 1, 0, 1, 0, 1, 1, 1, 0, 1, 0, 0, 1, 0, 1, 0, 1, 0, 1 ], 
          [ 1, 0, 1, 1, 0, 1, 0, 0, 1, 1, 0, 1, 0, 0, 1, 0, 1, 1, 1, 0, 1, 1 ], 
          [ 1, 0, 1, 1, 0, 1, 1, 0, 1, 1, 0, 1, 1, 0, 1, 0, 0, 1, 1, 0, 0, 1 ], 
          [ 1, 0, 1, 1, 0, 0, 1, 0, 1, 1, 0, 0, 1, 0, 1, 1, 0, 1, 1, 1, 0, 1 ], 
          [ 1, 0, 1, 0, 1, 0, 0, 0, 1, 0, 1, 0, 0, 0, 0, 1, 1, 1, 1, 0, 0, 0 ], 
          [ 1, 0, 1, 0, 1, 1, 0, 0, 1, 0, 1, 1, 0, 0, 0, 0, 1, 1, 1, 1, 0, 0 ], 
          [ 1, 0, 1, 0, 1, 1, 1, 0, 1, 0, 1, 1, 1, 0, 0, 0, 0, 1, 1, 1, 1, 0 ], 
          [ 1, 0, 1, 0, 1, 0, 1, 0, 1, 0, 1, 0, 1, 0, 0, 1, 0, 1, 1, 0, 1, 0 ], 
          [ 1, 0, 1, 0, 0, 1, 0, 0, 1, 0, 0, 1, 0, 0, 1, 0, 1, 1, 0, 1, 0, 0 ], 
          [ 1, 0, 1, 0, 0, 1, 1, 0, 1, 0, 0, 1, 1, 0, 1, 0, 0, 1, 0, 1, 1, 0 ], 
          [ 1, 0, 1, 0, 0, 0, 1, 0, 1, 0, 0, 0, 1, 0, 1, 1, 0, 1, 0, 0, 1, 0 ], 
          [ 1, 0, 0, 1, 0, 0, 0, 0, 0, 1, 0, 0, 0, 0, 0, 0, 0, 0, 1, 1, 1, 1 ], 
          [ 1, 0, 0, 1, 1, 0, 0, 0, 0, 1, 1, 0, 0, 0, 1, 0, 0, 0, 0, 1, 1, 1 ], 
          [ 1, 0, 0, 1, 1, 1, 0, 0, 0, 1, 1, 1, 0, 0, 1, 1, 0, 0, 0, 0, 1, 1 ], 
          [ 1, 0, 0, 1, 1, 1, 1, 0, 0, 1, 1, 1, 1, 0, 1, 1, 1, 0, 0, 0, 0, 1 ], 
          [ 1, 0, 0, 1, 1, 0, 1, 0, 0, 1, 1, 0, 1, 0, 1, 0, 1, 0, 0, 1, 0, 1 ], 
          [ 1, 0, 0, 1, 0, 1, 0, 0, 0, 1, 0, 1, 0, 0, 0, 1, 0, 0, 1, 0, 1, 1 ], 
          [ 1, 0, 0, 1, 0, 1, 1, 0, 0, 1, 0, 1, 1, 0, 0, 1, 1, 0, 1, 0, 0, 1 ], 
          [ 1, 0, 0, 1, 0, 0, 1, 0, 0, 1, 0, 0, 1, 0, 0, 0, 1, 0, 1, 1, 0, 1 ], 
          [ 1, 0, 0, 0, 1, 0, 0, 0, 0, 0, 1, 0, 0, 0, 1, 0, 0, 0, 1, 0, 0, 0 ], 
          [ 1, 0, 0, 0, 1, 1, 0, 0, 0, 0, 1, 1, 0, 0, 1, 1, 0, 0, 1, 1, 0, 0 ], 
          [ 1, 0, 0, 0, 1, 1, 1, 0, 0, 0, 1, 1, 1, 0, 1, 1, 1, 0, 1, 1, 1, 0 ], 
          [ 1, 0, 0, 0, 1, 0, 1, 0, 0, 0, 1, 0, 1, 0, 1, 0, 1, 0, 1, 0, 1, 0 ], 
          [ 1, 0, 0, 0, 0, 1, 0, 0, 0, 0, 0, 1, 0, 0, 0, 1, 0, 0, 0, 1, 0, 0 ], 
          [ 1, 0, 0, 0, 0, 1, 1, 0, 0, 0, 0, 1, 1, 0, 0, 1, 1, 0, 0, 1, 1, 0 ], 
          [ 1, 0, 0, 0, 0, 0, 1, 0, 0, 0, 0, 0, 1, 0, 0, 0, 1, 0, 0, 0, 1, 0 ] ] ) );
