return rec(
  EXT := [ [ 1, 0, 0, 0, 0, 0, 0, 0, 0, 0, 0, 0, 0, 0, 0, 0 ], [ 1, 1, 1, 1, 0, 0, 0, 0, 0, 0, 0, 0, 0, 0, 0, 0 ], 
      [ 1, 1, 1, 1, 1, 1, 1, 0, 0, 0, 0, 0, 0, 0, 0, 0 ], [ 1, 1, 1, 1, 1, 1, 1, 1, 1, 1, 0, 0, 0, 0, 0, 0 ], 
      [ 1, 1, 1, 1, 1, 1, 1, 1, 1, 1, 1, 1, 1, 0, 0, 0 ], [ 1, 1, 1, 1, 1, 1, 1, 0, 1, 1, 0, 1, 1, 1, 0, 0 ], 
      [ 1, 1, 1, 1, 0, 1, 1, 0, 1, 1, 0, 0, 1, 1, 1, 0 ], [ 1, 1, 1, 1, 0, 0, 1, 0, 0, 1, 0, 0, 1, 1, 1, 1 ], 
      [ 1, 0, 1, 1, 0, 0, 1, 0, 0, 1, 0, 0, 0, 1, 1, 0 ], [ 1, 0, 0, 1, 0, 0, 1, 0, 0, 0, 0, 0, 0, 1, 0, 0 ], 
      [ 1, 1, 0, 1, 0, 0, 1, 0, 0, 0, 0, 0, 1, 1, 0, 1 ], [ 1, 0, 1, 1, 0, 1, 1, 0, 1, 1, 0, 0, 0, 1, 1, 1 ], 
      [ 1, 0, 0, 1, 0, 1, 1, 0, 1, 0, 0, 0, 0, 1, 0, 1 ], [ 1, 1, 0, 1, 0, 1, 1, 0, 1, 0, 0, 0, 1, 1, 0, 0 ], 
      [ 1, 1, 1, 1, 1, 0, 1, 0, 0, 1, 0, 1, 1, 1, 0, 1 ], [ 1, 0, 1, 1, 1, 0, 1, 0, 0, 1, 0, 1, 0, 1, 0, 0 ], 
      [ 1, 0, 0, 1, 1, 0, 1, 0, 0, 0, 0, 1, 0, 1, 1, 0 ], [ 1, 1, 0, 1, 1, 0, 1, 0, 0, 0, 0, 1, 1, 1, 1, 1 ], 
      [ 1, 0, 1, 1, 1, 1, 1, 0, 1, 1, 0, 1, 0, 1, 0, 1 ], [ 1, 0, 0, 1, 1, 1, 1, 0, 1, 0, 0, 1, 0, 1, 1, 1 ], 
      [ 1, 1, 0, 1, 1, 1, 1, 0, 1, 0, 0, 1, 1, 1, 1, 0 ], [ 1, 1, 1, 1, 0, 1, 1, 1, 1, 1, 1, 0, 1, 0, 1, 0 ], 
      [ 1, 1, 1, 1, 0, 0, 1, 1, 0, 1, 1, 0, 1, 0, 1, 1 ], [ 1, 0, 1, 1, 0, 0, 1, 1, 0, 1, 1, 0, 0, 0, 1, 0 ], 
      [ 1, 0, 0, 1, 0, 0, 1, 1, 0, 0, 1, 0, 0, 0, 0, 0 ], [ 1, 1, 0, 1, 0, 0, 1, 1, 0, 0, 1, 0, 1, 0, 0, 1 ], 
      [ 1, 0, 1, 1, 0, 1, 1, 1, 1, 1, 1, 0, 0, 0, 1, 1 ], [ 1, 0, 0, 1, 0, 1, 1, 1, 1, 0, 1, 0, 0, 0, 0, 1 ], 
      [ 1, 1, 0, 1, 0, 1, 1, 1, 1, 0, 1, 0, 1, 0, 0, 0 ], [ 1, 1, 1, 1, 1, 0, 1, 1, 0, 1, 1, 1, 1, 0, 0, 1 ], 
      [ 1, 0, 1, 1, 1, 0, 1, 1, 0, 1, 1, 1, 0, 0, 0, 0 ], [ 1, 0, 0, 1, 1, 0, 1, 1, 0, 0, 1, 1, 0, 0, 1, 0 ], 
      [ 1, 1, 0, 1, 1, 0, 1, 1, 0, 0, 1, 1, 1, 0, 1, 1 ], [ 1, 0, 1, 1, 1, 1, 1, 1, 1, 1, 1, 1, 0, 0, 0, 1 ], 
      [ 1, 0, 0, 1, 1, 1, 1, 1, 1, 0, 1, 1, 0, 0, 1, 1 ], [ 1, 1, 0, 1, 1, 1, 1, 1, 1, 0, 1, 1, 1, 0, 1, 0 ], 
      [ 1, 1, 1, 1, 1, 1, 1, 0, 1, 1, 1, 0, 0, 1, 0, 0 ], [ 1, 1, 1, 1, 0, 1, 1, 0, 1, 1, 1, 1, 0, 1, 1, 0 ], 
      [ 1, 1, 1, 1, 0, 0, 1, 0, 0, 1, 1, 1, 0, 1, 1, 1 ], [ 1, 0, 1, 1, 0, 0, 1, 0, 0, 1, 1, 1, 1, 1, 1, 0 ], 
      [ 1, 0, 0, 1, 0, 0, 1, 0, 0, 0, 1, 1, 1, 1, 0, 0 ], [ 1, 1, 0, 1, 0, 0, 1, 0, 0, 0, 1, 1, 0, 1, 0, 1 ], 
      [ 1, 0, 1, 1, 0, 1, 1, 0, 1, 1, 1, 1, 1, 1, 1, 1 ], [ 1, 0, 0, 1, 0, 1, 1, 0, 1, 0, 1, 1, 1, 1, 0, 1 ], 
      [ 1, 1, 0, 1, 0, 1, 1, 0, 1, 0, 1, 1, 0, 1, 0, 0 ], [ 1, 1, 1, 1, 1, 0, 1, 0, 0, 1, 1, 0, 0, 1, 0, 1 ], 
      [ 1, 0, 1, 1, 1, 0, 1, 0, 0, 1, 1, 0, 1, 1, 0, 0 ], [ 1, 0, 0, 1, 1, 0, 1, 0, 0, 0, 1, 0, 1, 1, 1, 0 ], 
      [ 1, 1, 0, 1, 1, 0, 1, 0, 0, 0, 1, 0, 0, 1, 1, 1 ], [ 1, 0, 1, 1, 1, 1, 1, 0, 1, 1, 1, 0, 1, 1, 0, 1 ], 
      [ 1, 0, 0, 1, 1, 1, 1, 0, 1, 0, 1, 0, 1, 1, 1, 1 ], [ 1, 1, 0, 1, 1, 1, 1, 0, 1, 0, 1, 0, 0, 1, 1, 0 ], 
      [ 1, 1, 1, 1, 0, 1, 1, 1, 1, 1, 0, 1, 0, 0, 1, 0 ], [ 1, 1, 1, 1, 0, 0, 1, 1, 0, 1, 0, 1, 0, 0, 1, 1 ], 
      [ 1, 0, 1, 1, 0, 0, 1, 1, 0, 1, 0, 1, 1, 0, 1, 0 ], [ 1, 0, 0, 1, 0, 0, 1, 1, 0, 0, 0, 1, 1, 0, 0, 0 ], 
      [ 1, 1, 0, 1, 0, 0, 1, 1, 0, 0, 0, 1, 0, 0, 0, 1 ], [ 1, 0, 1, 1, 0, 1, 1, 1, 1, 1, 0, 1, 1, 0, 1, 1 ], 
      [ 1, 0, 0, 1, 0, 1, 1, 1, 1, 0, 0, 1, 1, 0, 0, 1 ], [ 1, 1, 0, 1, 0, 1, 1, 1, 1, 0, 0, 1, 0, 0, 0, 0 ], 
      [ 1, 1, 1, 1, 1, 0, 1, 1, 0, 1, 0, 0, 0, 0, 0, 1 ], [ 1, 0, 1, 1, 1, 0, 1, 1, 0, 1, 0, 0, 1, 0, 0, 0 ], 
      [ 1, 0, 0, 1, 1, 0, 1, 1, 0, 0, 0, 0, 1, 0, 1, 0 ], [ 1, 1, 0, 1, 1, 0, 1, 1, 0, 0, 0, 0, 0, 0, 1, 1 ], 
      [ 1, 0, 1, 1, 1, 1, 1, 1, 1, 1, 0, 0, 1, 0, 0, 1 ], [ 1, 0, 0, 1, 1, 1, 1, 1, 1, 0, 0, 0, 1, 0, 1, 1 ], 
      [ 1, 1, 0, 1, 1, 1, 1, 1, 1, 0, 0, 0, 0, 0, 1, 0 ], [ 1, 1, 1, 1, 1, 1, 1, 0, 0, 0, 1, 1, 1, 0, 0, 0 ], 
      [ 1, 1, 1, 1, 1, 1, 1, 1, 0, 0, 0, 1, 1, 1, 0, 0 ], [ 1, 1, 1, 1, 0, 1, 1, 1, 0, 0, 0, 0, 1, 1, 1, 0 ], 
      [ 1, 1, 1, 1, 0, 0, 1, 1, 1, 0, 0, 0, 1, 1, 1, 1 ], [ 1, 0, 1, 1, 0, 0, 1, 1, 1, 0, 0, 0, 0, 1, 1, 0 ], 
      [ 1, 0, 0, 1, 0, 0, 1, 1, 1, 1, 0, 0, 0, 1, 0, 0 ], [ 1, 1, 0, 1, 0, 0, 1, 1, 1, 1, 0, 0, 1, 1, 0, 1 ], 
      [ 1, 0, 1, 1, 0, 1, 1, 1, 0, 0, 0, 0, 0, 1, 1, 1 ], [ 1, 0, 0, 1, 0, 1, 1, 1, 0, 1, 0, 0, 0, 1, 0, 1 ], 
      [ 1, 1, 0, 1, 0, 1, 1, 1, 0, 1, 0, 0, 1, 1, 0, 0 ], [ 1, 1, 1, 1, 1, 0, 1, 1, 1, 0, 0, 1, 1, 1, 0, 1 ], 
      [ 1, 0, 1, 1, 1, 0, 1, 1, 1, 0, 0, 1, 0, 1, 0, 0 ], [ 1, 0, 0, 1, 1, 0, 1, 1, 1, 1, 0, 1, 0, 1, 1, 0 ], 
      [ 1, 1, 0, 1, 1, 0, 1, 1, 1, 1, 0, 1, 1, 1, 1, 1 ], [ 1, 0, 1, 1, 1, 1, 1, 1, 0, 0, 0, 1, 0, 1, 0, 1 ], 
      [ 1, 0, 0, 1, 1, 1, 1, 1, 0, 1, 0, 1, 0, 1, 1, 1 ], [ 1, 1, 0, 1, 1, 1, 1, 1, 0, 1, 0, 1, 1, 1, 1, 0 ], 
      [ 1, 1, 1, 1, 0, 1, 1, 0, 0, 0, 1, 0, 1, 0, 1, 0 ], [ 1, 1, 1, 1, 0, 0, 1, 0, 1, 0, 1, 0, 1, 0, 1, 1 ], 
      [ 1, 0, 1, 1, 0, 0, 1, 0, 1, 0, 1, 0, 0, 0, 1, 0 ], [ 1, 0, 0, 1, 0, 0, 1, 0, 1, 1, 1, 0, 0, 0, 0, 0 ], 
      [ 1, 1, 0, 1, 0, 0, 1, 0, 1, 1, 1, 0, 1, 0, 0, 1 ], [ 1, 0, 1, 1, 0, 1, 1, 0, 0, 0, 1, 0, 0, 0, 1, 1 ], 
      [ 1, 0, 0, 1, 0, 1, 1, 0, 0, 1, 1, 0, 0, 0, 0, 1 ], [ 1, 1, 0, 1, 0, 1, 1, 0, 0, 1, 1, 0, 1, 0, 0, 0 ], 
      [ 1, 1, 1, 1, 1, 0, 1, 0, 1, 0, 1, 1, 1, 0, 0, 1 ], [ 1, 0, 1, 1, 1, 0, 1, 0, 1, 0, 1, 1, 0, 0, 0, 0 ], 
      [ 1, 0, 0, 1, 1, 0, 1, 0, 1, 1, 1, 1, 0, 0, 1, 0 ], [ 1, 1, 0, 1, 1, 0, 1, 0, 1, 1, 1, 1, 1, 0, 1, 1 ], 
      [ 1, 0, 1, 1, 1, 1, 1, 0, 0, 0, 1, 1, 0, 0, 0, 1 ], [ 1, 0, 0, 1, 1, 1, 1, 0, 0, 1, 1, 1, 0, 0, 1, 1 ], 
      [ 1, 1, 0, 1, 1, 1, 1, 0, 0, 1, 1, 1, 1, 0, 1, 0 ], [ 1, 1, 1, 1, 1, 1, 1, 1, 0, 0, 1, 0, 0, 1, 0, 0 ], 
      [ 1, 1, 1, 1, 0, 1, 1, 1, 0, 0, 1, 1, 0, 1, 1, 0 ], [ 1, 1, 1, 1, 0, 0, 1, 1, 1, 0, 1, 1, 0, 1, 1, 1 ], 
      [ 1, 0, 1, 1, 0, 0, 1, 1, 1, 0, 1, 1, 1, 1, 1, 0 ], [ 1, 0, 0, 1, 0, 0, 1, 1, 1, 1, 1, 1, 1, 1, 0, 0 ], 
      [ 1, 1, 0, 1, 0, 0, 1, 1, 1, 1, 1, 1, 0, 1, 0, 1 ], [ 1, 0, 1, 1, 0, 1, 1, 1, 0, 0, 1, 1, 1, 1, 1, 1 ], 
      [ 1, 0, 0, 1, 0, 1, 1, 1, 0, 1, 1, 1, 1, 1, 0, 1 ], [ 1, 1, 0, 1, 0, 1, 1, 1, 0, 1, 1, 1, 0, 1, 0, 0 ], 
      [ 1, 1, 1, 1, 1, 0, 1, 1, 1, 0, 1, 0, 0, 1, 0, 1 ], [ 1, 0, 1, 1, 1, 0, 1, 1, 1, 0, 1, 0, 1, 1, 0, 0 ], 
      [ 1, 0, 0, 1, 1, 0, 1, 1, 1, 1, 1, 0, 1, 1, 1, 0 ], [ 1, 1, 0, 1, 1, 0, 1, 1, 1, 1, 1, 0, 0, 1, 1, 1 ], 
      [ 1, 0, 1, 1, 1, 1, 1, 1, 0, 0, 1, 0, 1, 1, 0, 1 ], [ 1, 0, 0, 1, 1, 1, 1, 1, 0, 1, 1, 0, 1, 1, 1, 1 ], 
      [ 1, 1, 0, 1, 1, 1, 1, 1, 0, 1, 1, 0, 0, 1, 1, 0 ], [ 1, 1, 1, 1, 0, 1, 1, 0, 0, 0, 0, 1, 0, 0, 1, 0 ], 
      [ 1, 1, 1, 1, 0, 0, 1, 0, 1, 0, 0, 1, 0, 0, 1, 1 ], [ 1, 0, 1, 1, 0, 0, 1, 0, 1, 0, 0, 1, 1, 0, 1, 0 ], 
      [ 1, 0, 0, 1, 0, 0, 1, 0, 1, 1, 0, 1, 1, 0, 0, 0 ], [ 1, 1, 0, 1, 0, 0, 1, 0, 1, 1, 0, 1, 0, 0, 0, 1 ], 
      [ 1, 0, 1, 1, 0, 1, 1, 0, 0, 0, 0, 1, 1, 0, 1, 1 ], [ 1, 0, 0, 1, 0, 1, 1, 0, 0, 1, 0, 1, 1, 0, 0, 1 ], 
      [ 1, 1, 0, 1, 0, 1, 1, 0, 0, 1, 0, 1, 0, 0, 0, 0 ], [ 1, 1, 1, 1, 1, 0, 1, 0, 1, 0, 0, 0, 0, 0, 0, 1 ], 
      [ 1, 0, 1, 1, 1, 0, 1, 0, 1, 0, 0, 0, 1, 0, 0, 0 ], [ 1, 0, 0, 1, 1, 0, 1, 0, 1, 1, 0, 0, 1, 0, 1, 0 ], 
      [ 1, 1, 0, 1, 1, 0, 1, 0, 1, 1, 0, 0, 0, 0, 1, 1 ], [ 1, 0, 1, 1, 1, 1, 1, 0, 0, 0, 0, 0, 1, 0, 0, 1 ], 
      [ 1, 0, 0, 1, 1, 1, 1, 0, 0, 1, 0, 0, 1, 0, 1, 1 ], [ 1, 1, 0, 1, 1, 1, 1, 0, 0, 1, 0, 0, 0, 0, 1, 0 ], 
      [ 1, 1, 1, 1, 0, 0, 0, 1, 1, 1, 0, 0, 0, 0, 0, 0 ], [ 1, 1, 1, 1, 0, 0, 0, 1, 1, 1, 1, 1, 1, 0, 0, 0 ], 
      [ 1, 1, 1, 1, 0, 0, 0, 0, 1, 1, 0, 1, 1, 1, 0, 0 ], [ 1, 1, 1, 1, 1, 0, 0, 0, 1, 1, 0, 0, 1, 1, 1, 0 ], 
      [ 1, 1, 1, 1, 1, 1, 0, 0, 0, 1, 0, 0, 1, 1, 1, 1 ], [ 1, 0, 1, 1, 1, 1, 0, 0, 0, 1, 0, 0, 0, 1, 1, 0 ], 
      [ 1, 0, 0, 1, 1, 1, 0, 0, 0, 0, 0, 0, 0, 1, 0, 0 ], [ 1, 1, 0, 1, 1, 1, 0, 0, 0, 0, 0, 0, 1, 1, 0, 1 ], 
      [ 1, 0, 1, 1, 1, 0, 0, 0, 1, 1, 0, 0, 0, 1, 1, 1 ], [ 1, 0, 0, 1, 1, 0, 0, 0, 1, 0, 0, 0, 0, 1, 0, 1 ], 
      [ 1, 1, 0, 1, 1, 0, 0, 0, 1, 0, 0, 0, 1, 1, 0, 0 ], [ 1, 1, 1, 1, 0, 1, 0, 0, 0, 1, 0, 1, 1, 1, 0, 1 ], 
      [ 1, 0, 1, 1, 0, 1, 0, 0, 0, 1, 0, 1, 0, 1, 0, 0 ], [ 1, 0, 0, 1, 0, 1, 0, 0, 0, 0, 0, 1, 0, 1, 1, 0 ], 
      [ 1, 1, 0, 1, 0, 1, 0, 0, 0, 0, 0, 1, 1, 1, 1, 1 ], [ 1, 0, 1, 1, 0, 0, 0, 0, 1, 1, 0, 1, 0, 1, 0, 1 ], 
      [ 1, 0, 0, 1, 0, 0, 0, 0, 1, 0, 0, 1, 0, 1, 1, 1 ], [ 1, 1, 0, 1, 0, 0, 0, 0, 1, 0, 0, 1, 1, 1, 1, 0 ], 
      [ 1, 1, 1, 1, 1, 0, 0, 1, 1, 1, 1, 0, 1, 0, 1, 0 ], [ 1, 1, 1, 1, 1, 1, 0, 1, 0, 1, 1, 0, 1, 0, 1, 1 ], 
      [ 1, 0, 1, 1, 1, 1, 0, 1, 0, 1, 1, 0, 0, 0, 1, 0 ], [ 1, 0, 0, 1, 1, 1, 0, 1, 0, 0, 1, 0, 0, 0, 0, 0 ], 
      [ 1, 1, 0, 1, 1, 1, 0, 1, 0, 0, 1, 0, 1, 0, 0, 1 ], [ 1, 0, 1, 1, 1, 0, 0, 1, 1, 1, 1, 0, 0, 0, 1, 1 ], 
      [ 1, 0, 0, 1, 1, 0, 0, 1, 1, 0, 1, 0, 0, 0, 0, 1 ], [ 1, 1, 0, 1, 1, 0, 0, 1, 1, 0, 1, 0, 1, 0, 0, 0 ], 
      [ 1, 1, 1, 1, 0, 1, 0, 1, 0, 1, 1, 1, 1, 0, 0, 1 ], [ 1, 0, 1, 1, 0, 1, 0, 1, 0, 1, 1, 1, 0, 0, 0, 0 ], 
      [ 1, 0, 0, 1, 0, 1, 0, 1, 0, 0, 1, 1, 0, 0, 1, 0 ], [ 1, 1, 0, 1, 0, 1, 0, 1, 0, 0, 1, 1, 1, 0, 1, 1 ], 
      [ 1, 0, 1, 1, 0, 0, 0, 1, 1, 1, 1, 1, 0, 0, 0, 1 ], [ 1, 0, 0, 1, 0, 0, 0, 1, 1, 0, 1, 1, 0, 0, 1, 1 ], 
      [ 1, 1, 0, 1, 0, 0, 0, 1, 1, 0, 1, 1, 1, 0, 1, 0 ], [ 1, 1, 1, 1, 0, 0, 0, 0, 1, 1, 1, 0, 0, 1, 0, 0 ], 
      [ 1, 1, 1, 1, 1, 0, 0, 0, 1, 1, 1, 1, 0, 1, 1, 0 ], [ 1, 1, 1, 1, 1, 1, 0, 0, 0, 1, 1, 1, 0, 1, 1, 1 ], 
      [ 1, 0, 1, 1, 1, 1, 0, 0, 0, 1, 1, 1, 1, 1, 1, 0 ], [ 1, 0, 0, 1, 1, 1, 0, 0, 0, 0, 1, 1, 1, 1, 0, 0 ], 
      [ 1, 1, 0, 1, 1, 1, 0, 0, 0, 0, 1, 1, 0, 1, 0, 1 ], [ 1, 0, 1, 1, 1, 0, 0, 0, 1, 1, 1, 1, 1, 1, 1, 1 ], 
      [ 1, 0, 0, 1, 1, 0, 0, 0, 1, 0, 1, 1, 1, 1, 0, 1 ], [ 1, 1, 0, 1, 1, 0, 0, 0, 1, 0, 1, 1, 0, 1, 0, 0 ], 
      [ 1, 1, 1, 1, 0, 1, 0, 0, 0, 1, 1, 0, 0, 1, 0, 1 ], [ 1, 0, 1, 1, 0, 1, 0, 0, 0, 1, 1, 0, 1, 1, 0, 0 ], 
      [ 1, 0, 0, 1, 0, 1, 0, 0, 0, 0, 1, 0, 1, 1, 1, 0 ], [ 1, 1, 0, 1, 0, 1, 0, 0, 0, 0, 1, 0, 0, 1, 1, 1 ], 
      [ 1, 0, 1, 1, 0, 0, 0, 0, 1, 1, 1, 0, 1, 1, 0, 1 ], [ 1, 0, 0, 1, 0, 0, 0, 0, 1, 0, 1, 0, 1, 1, 1, 1 ], 
      [ 1, 1, 0, 1, 0, 0, 0, 0, 1, 0, 1, 0, 0, 1, 1, 0 ], [ 1, 1, 1, 1, 1, 0, 0, 1, 1, 1, 0, 1, 0, 0, 1, 0 ], 
      [ 1, 1, 1, 1, 1, 1, 0, 1, 0, 1, 0, 1, 0, 0, 1, 1 ], [ 1, 0, 1, 1, 1, 1, 0, 1, 0, 1, 0, 1, 1, 0, 1, 0 ], 
      [ 1, 0, 0, 1, 1, 1, 0, 1, 0, 0, 0, 1, 1, 0, 0, 0 ], [ 1, 1, 0, 1, 1, 1, 0, 1, 0, 0, 0, 1, 0, 0, 0, 1 ], 
      [ 1, 0, 1, 1, 1, 0, 0, 1, 1, 1, 0, 1, 1, 0, 1, 1 ], [ 1, 0, 0, 1, 1, 0, 0, 1, 1, 0, 0, 1, 1, 0, 0, 1 ], 
      [ 1, 1, 0, 1, 1, 0, 0, 1, 1, 0, 0, 1, 0, 0, 0, 0 ], [ 1, 1, 1, 1, 0, 1, 0, 1, 0, 1, 0, 0, 0, 0, 0, 1 ], 
      [ 1, 0, 1, 1, 0, 1, 0, 1, 0, 1, 0, 0, 1, 0, 0, 0 ], [ 1, 0, 0, 1, 0, 1, 0, 1, 0, 0, 0, 0, 1, 0, 1, 0 ], 
      [ 1, 1, 0, 1, 0, 1, 0, 1, 0, 0, 0, 0, 0, 0, 1, 1 ], [ 1, 0, 1, 1, 0, 0, 0, 1, 1, 1, 0, 0, 1, 0, 0, 1 ], 
      [ 1, 0, 0, 1, 0, 0, 0, 1, 1, 0, 0, 0, 1, 0, 1, 1 ], [ 1, 1, 0, 1, 0, 0, 0, 1, 1, 0, 0, 0, 0, 0, 1, 0 ], 
      [ 1, 1, 1, 1, 0, 0, 0, 0, 0, 0, 1, 1, 1, 0, 0, 0 ], [ 1, 1, 1, 1, 0, 0, 0, 1, 0, 0, 0, 1, 1, 1, 0, 0 ], 
      [ 1, 1, 1, 1, 1, 0, 0, 1, 0, 0, 0, 0, 1, 1, 1, 0 ], [ 1, 1, 1, 1, 1, 1, 0, 1, 1, 0, 0, 0, 1, 1, 1, 1 ], 
      [ 1, 0, 1, 1, 1, 1, 0, 1, 1, 0, 0, 0, 0, 1, 1, 0 ], [ 1, 0, 0, 1, 1, 1, 0, 1, 1, 1, 0, 0, 0, 1, 0, 0 ], 
      [ 1, 1, 0, 1, 1, 1, 0, 1, 1, 1, 0, 0, 1, 1, 0, 1 ], [ 1, 0, 1, 1, 1, 0, 0, 1, 0, 0, 0, 0, 0, 1, 1, 1 ], 
      [ 1, 0, 0, 1, 1, 0, 0, 1, 0, 1, 0, 0, 0, 1, 0, 1 ], [ 1, 1, 0, 1, 1, 0, 0, 1, 0, 1, 0, 0, 1, 1, 0, 0 ], 
      [ 1, 1, 1, 1, 0, 1, 0, 1, 1, 0, 0, 1, 1, 1, 0, 1 ], [ 1, 0, 1, 1, 0, 1, 0, 1, 1, 0, 0, 1, 0, 1, 0, 0 ], 
      [ 1, 0, 0, 1, 0, 1, 0, 1, 1, 1, 0, 1, 0, 1, 1, 0 ], [ 1, 1, 0, 1, 0, 1, 0, 1, 1, 1, 0, 1, 1, 1, 1, 1 ], 
      [ 1, 0, 1, 1, 0, 0, 0, 1, 0, 0, 0, 1, 0, 1, 0, 1 ], [ 1, 0, 0, 1, 0, 0, 0, 1, 0, 1, 0, 1, 0, 1, 1, 1 ], 
      [ 1, 1, 0, 1, 0, 0, 0, 1, 0, 1, 0, 1, 1, 1, 1, 0 ], [ 1, 1, 1, 1, 1, 0, 0, 0, 0, 0, 1, 0, 1, 0, 1, 0 ], 
      [ 1, 1, 1, 1, 1, 1, 0, 0, 1, 0, 1, 0, 1, 0, 1, 1 ], [ 1, 0, 1, 1, 1, 1, 0, 0, 1, 0, 1, 0, 0, 0, 1, 0 ], 
      [ 1, 0, 0, 1, 1, 1, 0, 0, 1, 1, 1, 0, 0, 0, 0, 0 ], [ 1, 1, 0, 1, 1, 1, 0, 0, 1, 1, 1, 0, 1, 0, 0, 1 ], 
      [ 1, 0, 1, 1, 1, 0, 0, 0, 0, 0, 1, 0, 0, 0, 1, 1 ], [ 1, 0, 0, 1, 1, 0, 0, 0, 0, 1, 1, 0, 0, 0, 0, 1 ], 
      [ 1, 1, 0, 1, 1, 0, 0, 0, 0, 1, 1, 0, 1, 0, 0, 0 ], [ 1, 1, 1, 1, 0, 1, 0, 0, 1, 0, 1, 1, 1, 0, 0, 1 ], 
      [ 1, 0, 1, 1, 0, 1, 0, 0, 1, 0, 1, 1, 0, 0, 0, 0 ], [ 1, 0, 0, 1, 0, 1, 0, 0, 1, 1, 1, 1, 0, 0, 1, 0 ], 
      [ 1, 1, 0, 1, 0, 1, 0, 0, 1, 1, 1, 1, 1, 0, 1, 1 ], [ 1, 0, 1, 1, 0, 0, 0, 0, 0, 0, 1, 1, 0, 0, 0, 1 ], 
      [ 1, 0, 0, 1, 0, 0, 0, 0, 0, 1, 1, 1, 0, 0, 1, 1 ], [ 1, 1, 0, 1, 0, 0, 0, 0, 0, 1, 1, 1, 1, 0, 1, 0 ], 
      [ 1, 1, 1, 1, 0, 0, 0, 1, 0, 0, 1, 0, 0, 1, 0, 0 ], [ 1, 1, 1, 1, 1, 0, 0, 1, 0, 0, 1, 1, 0, 1, 1, 0 ], 
      [ 1, 1, 1, 1, 1, 1, 0, 1, 1, 0, 1, 1, 0, 1, 1, 1 ], [ 1, 0, 1, 1, 1, 1, 0, 1, 1, 0, 1, 1, 1, 1, 1, 0 ], 
      [ 1, 0, 0, 1, 1, 1, 0, 1, 1, 1, 1, 1, 1, 1, 0, 0 ], [ 1, 1, 0, 1, 1, 1, 0, 1, 1, 1, 1, 1, 0, 1, 0, 1 ], 
      [ 1, 0, 1, 1, 1, 0, 0, 1, 0, 0, 1, 1, 1, 1, 1, 1 ], [ 1, 0, 0, 1, 1, 0, 0, 1, 0, 1, 1, 1, 1, 1, 0, 1 ], 
      [ 1, 1, 0, 1, 1, 0, 0, 1, 0, 1, 1, 1, 0, 1, 0, 0 ], [ 1, 1, 1, 1, 0, 1, 0, 1, 1, 0, 1, 0, 0, 1, 0, 1 ], 
      [ 1, 0, 1, 1, 0, 1, 0, 1, 1, 0, 1, 0, 1, 1, 0, 0 ], [ 1, 0, 0, 1, 0, 1, 0, 1, 1, 1, 1, 0, 1, 1, 1, 0 ], 
      [ 1, 1, 0, 1, 0, 1, 0, 1, 1, 1, 1, 0, 0, 1, 1, 1 ], [ 1, 0, 1, 1, 0, 0, 0, 1, 0, 0, 1, 0, 1, 1, 0, 1 ], 
      [ 1, 0, 0, 1, 0, 0, 0, 1, 0, 1, 1, 0, 1, 1, 1, 1 ], [ 1, 1, 0, 1, 0, 0, 0, 1, 0, 1, 1, 0, 0, 1, 1, 0 ], 
      [ 1, 1, 1, 1, 1, 0, 0, 0, 0, 0, 0, 1, 0, 0, 1, 0 ], [ 1, 1, 1, 1, 1, 1, 0, 0, 1, 0, 0, 1, 0, 0, 1, 1 ], 
      [ 1, 0, 1, 1, 1, 1, 0, 0, 1, 0, 0, 1, 1, 0, 1, 0 ], [ 1, 0, 0, 1, 1, 1, 0, 0, 1, 1, 0, 1, 1, 0, 0, 0 ], 
      [ 1, 1, 0, 1, 1, 1, 0, 0, 1, 1, 0, 1, 0, 0, 0, 1 ], [ 1, 0, 1, 1, 1, 0, 0, 0, 0, 0, 0, 1, 1, 0, 1, 1 ], 
      [ 1, 0, 0, 1, 1, 0, 0, 0, 0, 1, 0, 1, 1, 0, 0, 1 ], [ 1, 1, 0, 1, 1, 0, 0, 0, 0, 1, 0, 1, 0, 0, 0, 0 ], 
      [ 1, 1, 1, 1, 0, 1, 0, 0, 1, 0, 0, 0, 0, 0, 0, 1 ], [ 1, 0, 1, 1, 0, 1, 0, 0, 1, 0, 0, 0, 1, 0, 0, 0 ], 
      [ 1, 0, 0, 1, 0, 1, 0, 0, 1, 1, 0, 0, 1, 0, 1, 0 ], [ 1, 1, 0, 1, 0, 1, 0, 0, 1, 1, 0, 0, 0, 0, 1, 1 ], 
      [ 1, 0, 1, 1, 0, 0, 0, 0, 0, 0, 0, 0, 1, 0, 0, 1 ], [ 1, 0, 0, 1, 0, 0, 0, 0, 0, 1, 0, 0, 1, 0, 1, 1 ], 
      [ 1, 1, 0, 1, 0, 0, 0, 0, 0, 1, 0, 0, 0, 0, 1, 0 ], [ 1, 0, 0, 0, 1, 1, 1, 0, 0, 0, 0, 0, 0, 0, 0, 0 ], 
      [ 1, 0, 0, 0, 1, 1, 1, 1, 1, 1, 0, 0, 0, 0, 0, 0 ], [ 1, 0, 0, 0, 1, 1, 1, 1, 1, 1, 1, 1, 1, 0, 0, 0 ], 
      [ 1, 0, 0, 0, 1, 1, 1, 0, 1, 1, 0, 1, 1, 1, 0, 0 ], [ 1, 0, 0, 0, 0, 1, 1, 0, 1, 1, 0, 0, 1, 1, 1, 0 ], 
      [ 1, 0, 0, 0, 0, 0, 1, 0, 0, 1, 0, 0, 1, 1, 1, 1 ], [ 1, 1, 0, 0, 0, 0, 1, 0, 0, 1, 0, 0, 0, 1, 1, 0 ], 
      [ 1, 1, 1, 0, 0, 0, 1, 0, 0, 0, 0, 0, 0, 1, 0, 0 ], [ 1, 0, 1, 0, 0, 0, 1, 0, 0, 0, 0, 0, 1, 1, 0, 1 ], 
      [ 1, 1, 0, 0, 0, 1, 1, 0, 1, 1, 0, 0, 0, 1, 1, 1 ], [ 1, 1, 1, 0, 0, 1, 1, 0, 1, 0, 0, 0, 0, 1, 0, 1 ], 
      [ 1, 0, 1, 0, 0, 1, 1, 0, 1, 0, 0, 0, 1, 1, 0, 0 ], [ 1, 0, 0, 0, 1, 0, 1, 0, 0, 1, 0, 1, 1, 1, 0, 1 ], 
      [ 1, 1, 0, 0, 1, 0, 1, 0, 0, 1, 0, 1, 0, 1, 0, 0 ], [ 1, 1, 1, 0, 1, 0, 1, 0, 0, 0, 0, 1, 0, 1, 1, 0 ], 
      [ 1, 0, 1, 0, 1, 0, 1, 0, 0, 0, 0, 1, 1, 1, 1, 1 ], [ 1, 1, 0, 0, 1, 1, 1, 0, 1, 1, 0, 1, 0, 1, 0, 1 ], 
      [ 1, 1, 1, 0, 1, 1, 1, 0, 1, 0, 0, 1, 0, 1, 1, 1 ], [ 1, 0, 1, 0, 1, 1, 1, 0, 1, 0, 0, 1, 1, 1, 1, 0 ], 
      [ 1, 0, 0, 0, 0, 1, 1, 1, 1, 1, 1, 0, 1, 0, 1, 0 ], [ 1, 0, 0, 0, 0, 0, 1, 1, 0, 1, 1, 0, 1, 0, 1, 1 ], 
      [ 1, 1, 0, 0, 0, 0, 1, 1, 0, 1, 1, 0, 0, 0, 1, 0 ], [ 1, 1, 1, 0, 0, 0, 1, 1, 0, 0, 1, 0, 0, 0, 0, 0 ], 
      [ 1, 0, 1, 0, 0, 0, 1, 1, 0, 0, 1, 0, 1, 0, 0, 1 ], [ 1, 1, 0, 0, 0, 1, 1, 1, 1, 1, 1, 0, 0, 0, 1, 1 ], 
      [ 1, 1, 1, 0, 0, 1, 1, 1, 1, 0, 1, 0, 0, 0, 0, 1 ], [ 1, 0, 1, 0, 0, 1, 1, 1, 1, 0, 1, 0, 1, 0, 0, 0 ], 
      [ 1, 0, 0, 0, 1, 0, 1, 1, 0, 1, 1, 1, 1, 0, 0, 1 ], [ 1, 1, 0, 0, 1, 0, 1, 1, 0, 1, 1, 1, 0, 0, 0, 0 ], 
      [ 1, 1, 1, 0, 1, 0, 1, 1, 0, 0, 1, 1, 0, 0, 1, 0 ], [ 1, 0, 1, 0, 1, 0, 1, 1, 0, 0, 1, 1, 1, 0, 1, 1 ], 
      [ 1, 1, 0, 0, 1, 1, 1, 1, 1, 1, 1, 1, 0, 0, 0, 1 ], [ 1, 1, 1, 0, 1, 1, 1, 1, 1, 0, 1, 1, 0, 0, 1, 1 ], 
      [ 1, 0, 1, 0, 1, 1, 1, 1, 1, 0, 1, 1, 1, 0, 1, 0 ], [ 1, 0, 0, 0, 1, 1, 1, 0, 1, 1, 1, 0, 0, 1, 0, 0 ], 
      [ 1, 0, 0, 0, 0, 1, 1, 0, 1, 1, 1, 1, 0, 1, 1, 0 ], [ 1, 0, 0, 0, 0, 0, 1, 0, 0, 1, 1, 1, 0, 1, 1, 1 ], 
      [ 1, 1, 0, 0, 0, 0, 1, 0, 0, 1, 1, 1, 1, 1, 1, 0 ], [ 1, 1, 1, 0, 0, 0, 1, 0, 0, 0, 1, 1, 1, 1, 0, 0 ], 
      [ 1, 0, 1, 0, 0, 0, 1, 0, 0, 0, 1, 1, 0, 1, 0, 1 ], [ 1, 1, 0, 0, 0, 1, 1, 0, 1, 1, 1, 1, 1, 1, 1, 1 ], 
      [ 1, 1, 1, 0, 0, 1, 1, 0, 1, 0, 1, 1, 1, 1, 0, 1 ], [ 1, 0, 1, 0, 0, 1, 1, 0, 1, 0, 1, 1, 0, 1, 0, 0 ], 
      [ 1, 0, 0, 0, 1, 0, 1, 0, 0, 1, 1, 0, 0, 1, 0, 1 ], [ 1, 1, 0, 0, 1, 0, 1, 0, 0, 1, 1, 0, 1, 1, 0, 0 ], 
      [ 1, 1, 1, 0, 1, 0, 1, 0, 0, 0, 1, 0, 1, 1, 1, 0 ], [ 1, 0, 1, 0, 1, 0, 1, 0, 0, 0, 1, 0, 0, 1, 1, 1 ], 
      [ 1, 1, 0, 0, 1, 1, 1, 0, 1, 1, 1, 0, 1, 1, 0, 1 ], [ 1, 1, 1, 0, 1, 1, 1, 0, 1, 0, 1, 0, 1, 1, 1, 1 ], 
      [ 1, 0, 1, 0, 1, 1, 1, 0, 1, 0, 1, 0, 0, 1, 1, 0 ], [ 1, 0, 0, 0, 0, 1, 1, 1, 1, 1, 0, 1, 0, 0, 1, 0 ], 
      [ 1, 0, 0, 0, 0, 0, 1, 1, 0, 1, 0, 1, 0, 0, 1, 1 ], [ 1, 1, 0, 0, 0, 0, 1, 1, 0, 1, 0, 1, 1, 0, 1, 0 ], 
      [ 1, 1, 1, 0, 0, 0, 1, 1, 0, 0, 0, 1, 1, 0, 0, 0 ], [ 1, 0, 1, 0, 0, 0, 1, 1, 0, 0, 0, 1, 0, 0, 0, 1 ], 
      [ 1, 1, 0, 0, 0, 1, 1, 1, 1, 1, 0, 1, 1, 0, 1, 1 ], [ 1, 1, 1, 0, 0, 1, 1, 1, 1, 0, 0, 1, 1, 0, 0, 1 ], 
      [ 1, 0, 1, 0, 0, 1, 1, 1, 1, 0, 0, 1, 0, 0, 0, 0 ], [ 1, 0, 0, 0, 1, 0, 1, 1, 0, 1, 0, 0, 0, 0, 0, 1 ], 
      [ 1, 1, 0, 0, 1, 0, 1, 1, 0, 1, 0, 0, 1, 0, 0, 0 ], [ 1, 1, 1, 0, 1, 0, 1, 1, 0, 0, 0, 0, 1, 0, 1, 0 ], 
      [ 1, 0, 1, 0, 1, 0, 1, 1, 0, 0, 0, 0, 0, 0, 1, 1 ], [ 1, 1, 0, 0, 1, 1, 1, 1, 1, 1, 0, 0, 1, 0, 0, 1 ], 
      [ 1, 1, 1, 0, 1, 1, 1, 1, 1, 0, 0, 0, 1, 0, 1, 1 ], [ 1, 0, 1, 0, 1, 1, 1, 1, 1, 0, 0, 0, 0, 0, 1, 0 ], 
      [ 1, 0, 0, 0, 1, 1, 1, 0, 0, 0, 1, 1, 1, 0, 0, 0 ], [ 1, 0, 0, 0, 1, 1, 1, 1, 0, 0, 0, 1, 1, 1, 0, 0 ], 
      [ 1, 0, 0, 0, 0, 1, 1, 1, 0, 0, 0, 0, 1, 1, 1, 0 ], [ 1, 0, 0, 0, 0, 0, 1, 1, 1, 0, 0, 0, 1, 1, 1, 1 ], 
      [ 1, 1, 0, 0, 0, 0, 1, 1, 1, 0, 0, 0, 0, 1, 1, 0 ], [ 1, 1, 1, 0, 0, 0, 1, 1, 1, 1, 0, 0, 0, 1, 0, 0 ], 
      [ 1, 0, 1, 0, 0, 0, 1, 1, 1, 1, 0, 0, 1, 1, 0, 1 ], [ 1, 1, 0, 0, 0, 1, 1, 1, 0, 0, 0, 0, 0, 1, 1, 1 ], 
      [ 1, 1, 1, 0, 0, 1, 1, 1, 0, 1, 0, 0, 0, 1, 0, 1 ], [ 1, 0, 1, 0, 0, 1, 1, 1, 0, 1, 0, 0, 1, 1, 0, 0 ], 
      [ 1, 0, 0, 0, 1, 0, 1, 1, 1, 0, 0, 1, 1, 1, 0, 1 ], [ 1, 1, 0, 0, 1, 0, 1, 1, 1, 0, 0, 1, 0, 1, 0, 0 ], 
      [ 1, 1, 1, 0, 1, 0, 1, 1, 1, 1, 0, 1, 0, 1, 1, 0 ], [ 1, 0, 1, 0, 1, 0, 1, 1, 1, 1, 0, 1, 1, 1, 1, 1 ], 
      [ 1, 1, 0, 0, 1, 1, 1, 1, 0, 0, 0, 1, 0, 1, 0, 1 ], [ 1, 1, 1, 0, 1, 1, 1, 1, 0, 1, 0, 1, 0, 1, 1, 1 ], 
      [ 1, 0, 1, 0, 1, 1, 1, 1, 0, 1, 0, 1, 1, 1, 1, 0 ], [ 1, 0, 0, 0, 0, 1, 1, 0, 0, 0, 1, 0, 1, 0, 1, 0 ], 
      [ 1, 0, 0, 0, 0, 0, 1, 0, 1, 0, 1, 0, 1, 0, 1, 1 ], [ 1, 1, 0, 0, 0, 0, 1, 0, 1, 0, 1, 0, 0, 0, 1, 0 ], 
      [ 1, 1, 1, 0, 0, 0, 1, 0, 1, 1, 1, 0, 0, 0, 0, 0 ], [ 1, 0, 1, 0, 0, 0, 1, 0, 1, 1, 1, 0, 1, 0, 0, 1 ], 
      [ 1, 1, 0, 0, 0, 1, 1, 0, 0, 0, 1, 0, 0, 0, 1, 1 ], [ 1, 1, 1, 0, 0, 1, 1, 0, 0, 1, 1, 0, 0, 0, 0, 1 ], 
      [ 1, 0, 1, 0, 0, 1, 1, 0, 0, 1, 1, 0, 1, 0, 0, 0 ], [ 1, 0, 0, 0, 1, 0, 1, 0, 1, 0, 1, 1, 1, 0, 0, 1 ], 
      [ 1, 1, 0, 0, 1, 0, 1, 0, 1, 0, 1, 1, 0, 0, 0, 0 ], [ 1, 1, 1, 0, 1, 0, 1, 0, 1, 1, 1, 1, 0, 0, 1, 0 ], 
      [ 1, 0, 1, 0, 1, 0, 1, 0, 1, 1, 1, 1, 1, 0, 1, 1 ], [ 1, 1, 0, 0, 1, 1, 1, 0, 0, 0, 1, 1, 0, 0, 0, 1 ], 
      [ 1, 1, 1, 0, 1, 1, 1, 0, 0, 1, 1, 1, 0, 0, 1, 1 ], [ 1, 0, 1, 0, 1, 1, 1, 0, 0, 1, 1, 1, 1, 0, 1, 0 ], 
      [ 1, 0, 0, 0, 1, 1, 1, 1, 0, 0, 1, 0, 0, 1, 0, 0 ], [ 1, 0, 0, 0, 0, 1, 1, 1, 0, 0, 1, 1, 0, 1, 1, 0 ], 
      [ 1, 0, 0, 0, 0, 0, 1, 1, 1, 0, 1, 1, 0, 1, 1, 1 ], [ 1, 1, 0, 0, 0, 0, 1, 1, 1, 0, 1, 1, 1, 1, 1, 0 ], 
      [ 1, 1, 1, 0, 0, 0, 1, 1, 1, 1, 1, 1, 1, 1, 0, 0 ], [ 1, 0, 1, 0, 0, 0, 1, 1, 1, 1, 1, 1, 0, 1, 0, 1 ], 
      [ 1, 1, 0, 0, 0, 1, 1, 1, 0, 0, 1, 1, 1, 1, 1, 1 ], [ 1, 1, 1, 0, 0, 1, 1, 1, 0, 1, 1, 1, 1, 1, 0, 1 ], 
      [ 1, 0, 1, 0, 0, 1, 1, 1, 0, 1, 1, 1, 0, 1, 0, 0 ], [ 1, 0, 0, 0, 1, 0, 1, 1, 1, 0, 1, 0, 0, 1, 0, 1 ], 
      [ 1, 1, 0, 0, 1, 0, 1, 1, 1, 0, 1, 0, 1, 1, 0, 0 ], [ 1, 1, 1, 0, 1, 0, 1, 1, 1, 1, 1, 0, 1, 1, 1, 0 ], 
      [ 1, 0, 1, 0, 1, 0, 1, 1, 1, 1, 1, 0, 0, 1, 1, 1 ], [ 1, 1, 0, 0, 1, 1, 1, 1, 0, 0, 1, 0, 1, 1, 0, 1 ], 
      [ 1, 1, 1, 0, 1, 1, 1, 1, 0, 1, 1, 0, 1, 1, 1, 1 ], [ 1, 0, 1, 0, 1, 1, 1, 1, 0, 1, 1, 0, 0, 1, 1, 0 ], 
      [ 1, 0, 0, 0, 0, 1, 1, 0, 0, 0, 0, 1, 0, 0, 1, 0 ], [ 1, 0, 0, 0, 0, 0, 1, 0, 1, 0, 0, 1, 0, 0, 1, 1 ], 
      [ 1, 1, 0, 0, 0, 0, 1, 0, 1, 0, 0, 1, 1, 0, 1, 0 ], [ 1, 1, 1, 0, 0, 0, 1, 0, 1, 1, 0, 1, 1, 0, 0, 0 ], 
      [ 1, 0, 1, 0, 0, 0, 1, 0, 1, 1, 0, 1, 0, 0, 0, 1 ], [ 1, 1, 0, 0, 0, 1, 1, 0, 0, 0, 0, 1, 1, 0, 1, 1 ], 
      [ 1, 1, 1, 0, 0, 1, 1, 0, 0, 1, 0, 1, 1, 0, 0, 1 ], [ 1, 0, 1, 0, 0, 1, 1, 0, 0, 1, 0, 1, 0, 0, 0, 0 ], 
      [ 1, 0, 0, 0, 1, 0, 1, 0, 1, 0, 0, 0, 0, 0, 0, 1 ], [ 1, 1, 0, 0, 1, 0, 1, 0, 1, 0, 0, 0, 1, 0, 0, 0 ], 
      [ 1, 1, 1, 0, 1, 0, 1, 0, 1, 1, 0, 0, 1, 0, 1, 0 ], [ 1, 0, 1, 0, 1, 0, 1, 0, 1, 1, 0, 0, 0, 0, 1, 1 ], 
      [ 1, 1, 0, 0, 1, 1, 1, 0, 0, 0, 0, 0, 1, 0, 0, 1 ], [ 1, 1, 1, 0, 1, 1, 1, 0, 0, 1, 0, 0, 1, 0, 1, 1 ], 
      [ 1, 0, 1, 0, 1, 1, 1, 0, 0, 1, 0, 0, 0, 0, 1, 0 ], [ 1, 0, 0, 0, 0, 0, 0, 1, 1, 1, 0, 0, 0, 0, 0, 0 ], 
      [ 1, 0, 0, 0, 0, 0, 0, 1, 1, 1, 1, 1, 1, 0, 0, 0 ], [ 1, 0, 0, 0, 0, 0, 0, 0, 1, 1, 0, 1, 1, 1, 0, 0 ], 
      [ 1, 0, 0, 0, 1, 0, 0, 0, 1, 1, 0, 0, 1, 1, 1, 0 ], [ 1, 0, 0, 0, 1, 1, 0, 0, 0, 1, 0, 0, 1, 1, 1, 1 ], 
      [ 1, 1, 0, 0, 1, 1, 0, 0, 0, 1, 0, 0, 0, 1, 1, 0 ], [ 1, 1, 1, 0, 1, 1, 0, 0, 0, 0, 0, 0, 0, 1, 0, 0 ], 
      [ 1, 0, 1, 0, 1, 1, 0, 0, 0, 0, 0, 0, 1, 1, 0, 1 ], [ 1, 1, 0, 0, 1, 0, 0, 0, 1, 1, 0, 0, 0, 1, 1, 1 ], 
      [ 1, 1, 1, 0, 1, 0, 0, 0, 1, 0, 0, 0, 0, 1, 0, 1 ], [ 1, 0, 1, 0, 1, 0, 0, 0, 1, 0, 0, 0, 1, 1, 0, 0 ], 
      [ 1, 0, 0, 0, 0, 1, 0, 0, 0, 1, 0, 1, 1, 1, 0, 1 ], [ 1, 1, 0, 0, 0, 1, 0, 0, 0, 1, 0, 1, 0, 1, 0, 0 ], 
      [ 1, 1, 1, 0, 0, 1, 0, 0, 0, 0, 0, 1, 0, 1, 1, 0 ], [ 1, 0, 1, 0, 0, 1, 0, 0, 0, 0, 0, 1, 1, 1, 1, 1 ], 
      [ 1, 1, 0, 0, 0, 0, 0, 0, 1, 1, 0, 1, 0, 1, 0, 1 ], [ 1, 1, 1, 0, 0, 0, 0, 0, 1, 0, 0, 1, 0, 1, 1, 1 ], 
      [ 1, 0, 1, 0, 0, 0, 0, 0, 1, 0, 0, 1, 1, 1, 1, 0 ], [ 1, 0, 0, 0, 1, 0, 0, 1, 1, 1, 1, 0, 1, 0, 1, 0 ], 
      [ 1, 0, 0, 0, 1, 1, 0, 1, 0, 1, 1, 0, 1, 0, 1, 1 ], [ 1, 1, 0, 0, 1, 1, 0, 1, 0, 1, 1, 0, 0, 0, 1, 0 ], 
      [ 1, 1, 1, 0, 1, 1, 0, 1, 0, 0, 1, 0, 0, 0, 0, 0 ], [ 1, 0, 1, 0, 1, 1, 0, 1, 0, 0, 1, 0, 1, 0, 0, 1 ], 
      [ 1, 1, 0, 0, 1, 0, 0, 1, 1, 1, 1, 0, 0, 0, 1, 1 ], [ 1, 1, 1, 0, 1, 0, 0, 1, 1, 0, 1, 0, 0, 0, 0, 1 ], 
      [ 1, 0, 1, 0, 1, 0, 0, 1, 1, 0, 1, 0, 1, 0, 0, 0 ], [ 1, 0, 0, 0, 0, 1, 0, 1, 0, 1, 1, 1, 1, 0, 0, 1 ], 
      [ 1, 1, 0, 0, 0, 1, 0, 1, 0, 1, 1, 1, 0, 0, 0, 0 ], [ 1, 1, 1, 0, 0, 1, 0, 1, 0, 0, 1, 1, 0, 0, 1, 0 ], 
      [ 1, 0, 1, 0, 0, 1, 0, 1, 0, 0, 1, 1, 1, 0, 1, 1 ], [ 1, 1, 0, 0, 0, 0, 0, 1, 1, 1, 1, 1, 0, 0, 0, 1 ], 
      [ 1, 1, 1, 0, 0, 0, 0, 1, 1, 0, 1, 1, 0, 0, 1, 1 ], [ 1, 0, 1, 0, 0, 0, 0, 1, 1, 0, 1, 1, 1, 0, 1, 0 ], 
      [ 1, 0, 0, 0, 0, 0, 0, 0, 1, 1, 1, 0, 0, 1, 0, 0 ], [ 1, 0, 0, 0, 1, 0, 0, 0, 1, 1, 1, 1, 0, 1, 1, 0 ], 
      [ 1, 0, 0, 0, 1, 1, 0, 0, 0, 1, 1, 1, 0, 1, 1, 1 ], [ 1, 1, 0, 0, 1, 1, 0, 0, 0, 1, 1, 1, 1, 1, 1, 0 ], 
      [ 1, 1, 1, 0, 1, 1, 0, 0, 0, 0, 1, 1, 1, 1, 0, 0 ], [ 1, 0, 1, 0, 1, 1, 0, 0, 0, 0, 1, 1, 0, 1, 0, 1 ], 
      [ 1, 1, 0, 0, 1, 0, 0, 0, 1, 1, 1, 1, 1, 1, 1, 1 ], [ 1, 1, 1, 0, 1, 0, 0, 0, 1, 0, 1, 1, 1, 1, 0, 1 ], 
      [ 1, 0, 1, 0, 1, 0, 0, 0, 1, 0, 1, 1, 0, 1, 0, 0 ], [ 1, 0, 0, 0, 0, 1, 0, 0, 0, 1, 1, 0, 0, 1, 0, 1 ], 
      [ 1, 1, 0, 0, 0, 1, 0, 0, 0, 1, 1, 0, 1, 1, 0, 0 ], [ 1, 1, 1, 0, 0, 1, 0, 0, 0, 0, 1, 0, 1, 1, 1, 0 ], 
      [ 1, 0, 1, 0, 0, 1, 0, 0, 0, 0, 1, 0, 0, 1, 1, 1 ], [ 1, 1, 0, 0, 0, 0, 0, 0, 1, 1, 1, 0, 1, 1, 0, 1 ], 
      [ 1, 1, 1, 0, 0, 0, 0, 0, 1, 0, 1, 0, 1, 1, 1, 1 ], [ 1, 0, 1, 0, 0, 0, 0, 0, 1, 0, 1, 0, 0, 1, 1, 0 ], 
      [ 1, 0, 0, 0, 1, 0, 0, 1, 1, 1, 0, 1, 0, 0, 1, 0 ], [ 1, 0, 0, 0, 1, 1, 0, 1, 0, 1, 0, 1, 0, 0, 1, 1 ], 
      [ 1, 1, 0, 0, 1, 1, 0, 1, 0, 1, 0, 1, 1, 0, 1, 0 ], [ 1, 1, 1, 0, 1, 1, 0, 1, 0, 0, 0, 1, 1, 0, 0, 0 ], 
      [ 1, 0, 1, 0, 1, 1, 0, 1, 0, 0, 0, 1, 0, 0, 0, 1 ], [ 1, 1, 0, 0, 1, 0, 0, 1, 1, 1, 0, 1, 1, 0, 1, 1 ], 
      [ 1, 1, 1, 0, 1, 0, 0, 1, 1, 0, 0, 1, 1, 0, 0, 1 ], [ 1, 0, 1, 0, 1, 0, 0, 1, 1, 0, 0, 1, 0, 0, 0, 0 ], 
      [ 1, 0, 0, 0, 0, 1, 0, 1, 0, 1, 0, 0, 0, 0, 0, 1 ], [ 1, 1, 0, 0, 0, 1, 0, 1, 0, 1, 0, 0, 1, 0, 0, 0 ], 
      [ 1, 1, 1, 0, 0, 1, 0, 1, 0, 0, 0, 0, 1, 0, 1, 0 ], [ 1, 0, 1, 0, 0, 1, 0, 1, 0, 0, 0, 0, 0, 0, 1, 1 ], 
      [ 1, 1, 0, 0, 0, 0, 0, 1, 1, 1, 0, 0, 1, 0, 0, 1 ], [ 1, 1, 1, 0, 0, 0, 0, 1, 1, 0, 0, 0, 1, 0, 1, 1 ], 
      [ 1, 0, 1, 0, 0, 0, 0, 1, 1, 0, 0, 0, 0, 0, 1, 0 ], [ 1, 0, 0, 0, 0, 0, 0, 0, 0, 0, 1, 1, 1, 0, 0, 0 ], 
      [ 1, 0, 0, 0, 0, 0, 0, 1, 0, 0, 0, 1, 1, 1, 0, 0 ], [ 1, 0, 0, 0, 1, 0, 0, 1, 0, 0, 0, 0, 1, 1, 1, 0 ], 
      [ 1, 0, 0, 0, 1, 1, 0, 1, 1, 0, 0, 0, 1, 1, 1, 1 ], [ 1, 1, 0, 0, 1, 1, 0, 1, 1, 0, 0, 0, 0, 1, 1, 0 ], 
      [ 1, 1, 1, 0, 1, 1, 0, 1, 1, 1, 0, 0, 0, 1, 0, 0 ], [ 1, 0, 1, 0, 1, 1, 0, 1, 1, 1, 0, 0, 1, 1, 0, 1 ], 
      [ 1, 1, 0, 0, 1, 0, 0, 1, 0, 0, 0, 0, 0, 1, 1, 1 ], [ 1, 1, 1, 0, 1, 0, 0, 1, 0, 1, 0, 0, 0, 1, 0, 1 ], 
      [ 1, 0, 1, 0, 1, 0, 0, 1, 0, 1, 0, 0, 1, 1, 0, 0 ], [ 1, 0, 0, 0, 0, 1, 0, 1, 1, 0, 0, 1, 1, 1, 0, 1 ], 
      [ 1, 1, 0, 0, 0, 1, 0, 1, 1, 0, 0, 1, 0, 1, 0, 0 ], [ 1, 1, 1, 0, 0, 1, 0, 1, 1, 1, 0, 1, 0, 1, 1, 0 ], 
      [ 1, 0, 1, 0, 0, 1, 0, 1, 1, 1, 0, 1, 1, 1, 1, 1 ], [ 1, 1, 0, 0, 0, 0, 0, 1, 0, 0, 0, 1, 0, 1, 0, 1 ], 
      [ 1, 1, 1, 0, 0, 0, 0, 1, 0, 1, 0, 1, 0, 1, 1, 1 ], [ 1, 0, 1, 0, 0, 0, 0, 1, 0, 1, 0, 1, 1, 1, 1, 0 ], 
      [ 1, 0, 0, 0, 1, 0, 0, 0, 0, 0, 1, 0, 1, 0, 1, 0 ], [ 1, 0, 0, 0, 1, 1, 0, 0, 1, 0, 1, 0, 1, 0, 1, 1 ], 
      [ 1, 1, 0, 0, 1, 1, 0, 0, 1, 0, 1, 0, 0, 0, 1, 0 ], [ 1, 1, 1, 0, 1, 1, 0, 0, 1, 1, 1, 0, 0, 0, 0, 0 ], 
      [ 1, 0, 1, 0, 1, 1, 0, 0, 1, 1, 1, 0, 1, 0, 0, 1 ], [ 1, 1, 0, 0, 1, 0, 0, 0, 0, 0, 1, 0, 0, 0, 1, 1 ], 
      [ 1, 1, 1, 0, 1, 0, 0, 0, 0, 1, 1, 0, 0, 0, 0, 1 ], [ 1, 0, 1, 0, 1, 0, 0, 0, 0, 1, 1, 0, 1, 0, 0, 0 ], 
      [ 1, 0, 0, 0, 0, 1, 0, 0, 1, 0, 1, 1, 1, 0, 0, 1 ], [ 1, 1, 0, 0, 0, 1, 0, 0, 1, 0, 1, 1, 0, 0, 0, 0 ], 
      [ 1, 1, 1, 0, 0, 1, 0, 0, 1, 1, 1, 1, 0, 0, 1, 0 ], [ 1, 0, 1, 0, 0, 1, 0, 0, 1, 1, 1, 1, 1, 0, 1, 1 ], 
      [ 1, 1, 0, 0, 0, 0, 0, 0, 0, 0, 1, 1, 0, 0, 0, 1 ], [ 1, 1, 1, 0, 0, 0, 0, 0, 0, 1, 1, 1, 0, 0, 1, 1 ], 
      [ 1, 0, 1, 0, 0, 0, 0, 0, 0, 1, 1, 1, 1, 0, 1, 0 ], [ 1, 0, 0, 0, 0, 0, 0, 1, 0, 0, 1, 0, 0, 1, 0, 0 ], 
      [ 1, 0, 0, 0, 1, 0, 0, 1, 0, 0, 1, 1, 0, 1, 1, 0 ], [ 1, 0, 0, 0, 1, 1, 0, 1, 1, 0, 1, 1, 0, 1, 1, 1 ], 
      [ 1, 1, 0, 0, 1, 1, 0, 1, 1, 0, 1, 1, 1, 1, 1, 0 ], [ 1, 1, 1, 0, 1, 1, 0, 1, 1, 1, 1, 1, 1, 1, 0, 0 ], 
      [ 1, 0, 1, 0, 1, 1, 0, 1, 1, 1, 1, 1, 0, 1, 0, 1 ], [ 1, 1, 0, 0, 1, 0, 0, 1, 0, 0, 1, 1, 1, 1, 1, 1 ], 
      [ 1, 1, 1, 0, 1, 0, 0, 1, 0, 1, 1, 1, 1, 1, 0, 1 ], [ 1, 0, 1, 0, 1, 0, 0, 1, 0, 1, 1, 1, 0, 1, 0, 0 ], 
      [ 1, 0, 0, 0, 0, 1, 0, 1, 1, 0, 1, 0, 0, 1, 0, 1 ], [ 1, 1, 0, 0, 0, 1, 0, 1, 1, 0, 1, 0, 1, 1, 0, 0 ], 
      [ 1, 1, 1, 0, 0, 1, 0, 1, 1, 1, 1, 0, 1, 1, 1, 0 ], [ 1, 0, 1, 0, 0, 1, 0, 1, 1, 1, 1, 0, 0, 1, 1, 1 ], 
      [ 1, 1, 0, 0, 0, 0, 0, 1, 0, 0, 1, 0, 1, 1, 0, 1 ], [ 1, 1, 1, 0, 0, 0, 0, 1, 0, 1, 1, 0, 1, 1, 1, 1 ], 
      [ 1, 0, 1, 0, 0, 0, 0, 1, 0, 1, 1, 0, 0, 1, 1, 0 ], [ 1, 0, 0, 0, 1, 0, 0, 0, 0, 0, 0, 1, 0, 0, 1, 0 ], 
      [ 1, 0, 0, 0, 1, 1, 0, 0, 1, 0, 0, 1, 0, 0, 1, 1 ], [ 1, 1, 0, 0, 1, 1, 0, 0, 1, 0, 0, 1, 1, 0, 1, 0 ], 
      [ 1, 1, 1, 0, 1, 1, 0, 0, 1, 1, 0, 1, 1, 0, 0, 0 ], [ 1, 0, 1, 0, 1, 1, 0, 0, 1, 1, 0, 1, 0, 0, 0, 1 ], 
      [ 1, 1, 0, 0, 1, 0, 0, 0, 0, 0, 0, 1, 1, 0, 1, 1 ], [ 1, 1, 1, 0, 1, 0, 0, 0, 0, 1, 0, 1, 1, 0, 0, 1 ], 
      [ 1, 0, 1, 0, 1, 0, 0, 0, 0, 1, 0, 1, 0, 0, 0, 0 ], [ 1, 0, 0, 0, 0, 1, 0, 0, 1, 0, 0, 0, 0, 0, 0, 1 ], 
      [ 1, 1, 0, 0, 0, 1, 0, 0, 1, 0, 0, 0, 1, 0, 0, 0 ], [ 1, 1, 1, 0, 0, 1, 0, 0, 1, 1, 0, 0, 1, 0, 1, 0 ], 
      [ 1, 0, 1, 0, 0, 1, 0, 0, 1, 1, 0, 0, 0, 0, 1, 1 ], [ 1, 1, 0, 0, 0, 0, 0, 0, 0, 0, 0, 0, 1, 0, 0, 1 ], 
      [ 1, 1, 1, 0, 0, 0, 0, 0, 0, 1, 0, 0, 1, 0, 1, 1 ], [ 1, 0, 1, 0, 0, 0, 0, 0, 0, 1, 0, 0, 0, 0, 1, 0 ] ],
  GRP := Group( [ (  2,386)(  3,259)(  6, 34)(  7, 27)(  8,494)(  9,509)( 10,506)( 11,491)( 14, 28)( 15,487)( 16,502)
        ( 17,499)( 18,484)( 21, 35)( 23,493)( 24,508)( 25,507)( 26,492)( 30,486)( 31,501)( 32,500)( 33,485)( 37, 65)
        ( 38, 58)( 39,463)( 40,478)( 41,475)( 42,460)( 45, 59)( 46,456)( 47,471)( 48,468)( 49,453)( 52, 66)( 54,462)
        ( 55,477)( 56,476)( 57,461)( 61,455)( 62,470)( 63,469)( 64,454)( 68,260)( 69,289)( 70,282)( 71,239)( 72,254)
        ( 73,251)( 74,236)( 75,267)( 76,268)( 77,283)( 78,232)( 79,247)( 80,244)( 81,229)( 82,274)( 83,275)( 84,290)
        ( 85,277)( 86,238)( 87,253)( 88,252)( 89,237)( 90,262)( 91,269)( 92,284)( 93,231)( 94,246)( 95,245)( 96,230)
        ( 97,261)( 98,276)( 99,291)(100,320)(101,313)(102,208)(103,223)(104,220)(105,205)(106,298)(107,299)(108,314)
        (109,201)(110,216)(111,213)(112,198)(113,305)(114,306)(115,321)(116,308)(117,207)(118,222)(119,221)(120,206)
        (121,293)(122,300)(123,315)(124,200)(125,215)(126,214)(127,199)(128,292)(129,307)(130,322)(133,161)(134,154)
        (135,367)(136,382)(137,379)(138,364)(141,155)(142,360)(143,375)(144,372)(145,357)(148,162)(150,366)(151,381)
        (152,380)(153,365)(157,359)(158,374)(159,373)(160,358)(164,192)(165,185)(166,336)(167,351)(168,348)(169,333)
        (172,186)(173,329)(174,344)(175,341)(176,326)(179,193)(181,335)(182,350)(183,349)(184,334)(188,328)(189,343)
        (190,342)(191,327)(195,387)(196,416)(197,409)(202,394)(203,395)(204,410)(209,401)(210,402)(211,417)(212,404)
        (217,389)(218,396)(219,411)(224,388)(225,403)(226,418)(227,447)(228,440)(233,425)(234,426)(235,441)(240,432)
        (241,433)(242,448)(243,435)(248,420)(249,427)(250,442)(255,419)(256,434)(257,449)(263,431)(264,446)(265,443)
        (266,428)(270,424)(271,439)(272,436)(273,421)(278,430)(279,445)(280,444)(281,429)(285,423)(286,438)(287,437)
        (288,422)(294,400)(295,415)(296,412)(297,397)(301,393)(302,408)(303,405)(304,390)(309,399)(310,414)(311,413)
        (312,398)(316,392)(317,407)(318,406)(319,391)(324,352)(325,345)(332,346)(339,353)(355,383)(356,376)(363,377)
        (370,384)(451,479)(452,472)(459,473)(466,480)(482,510)(483,503)(490,504)(497,511), 
      (  2,258)(  7, 19)(  8, 20)(  9, 13)( 11, 17)( 14, 16)( 15, 21)( 22, 34)( 23, 35)( 24, 28)( 26, 32)( 29, 31)
        ( 30, 36)( 38, 50)( 39, 51)( 40, 44)( 42, 48)( 45, 47)( 46, 52)( 53, 65)( 54, 66)( 55, 59)( 57, 63)( 60, 62)
        ( 61, 67)( 70, 82)( 71, 83)( 72, 76)( 74, 80)( 77, 79)( 78, 84)( 85, 97)( 86, 98)( 87, 91)( 89, 95)( 92, 94)
        ( 93, 99)(101,113)(102,114)(103,107)(105,111)(108,110)(109,115)(116,128)(117,129)(118,122)(120,126)(123,125)
        (124,130)(131,259)(132,260)(133,261)(134,274)(135,275)(136,268)(137,265)(138,272)(139,267)(140,264)(141,271)
        (142,276)(143,269)(144,266)(145,273)(146,262)(147,263)(148,270)(149,289)(150,290)(151,283)(152,280)(153,287)
        (154,282)(155,279)(156,286)(157,291)(158,284)(159,281)(160,288)(161,277)(162,278)(163,285)(164,292)(165,305)
        (166,306)(167,299)(168,296)(169,303)(170,298)(171,295)(172,302)(173,307)(174,300)(175,297)(176,304)(177,293)
        (178,294)(179,301)(180,320)(181,321)(182,314)(183,311)(184,318)(185,313)(186,310)(187,317)(188,322)(189,315)
        (190,312)(191,319)(192,308)(193,309)(194,316)(195,323)(196,324)(197,337)(198,338)(199,331)(200,328)(201,335)
        (202,330)(203,327)(204,334)(205,339)(206,332)(207,329)(208,336)(209,325)(210,326)(211,333)(212,352)(213,353)
        (214,346)(215,343)(216,350)(217,345)(218,342)(219,349)(220,354)(221,347)(222,344)(223,351)(224,340)(225,341)
        (226,348)(227,355)(228,368)(229,369)(230,362)(231,359)(232,366)(233,361)(234,358)(235,365)(236,370)(237,363)
        (238,360)(239,367)(240,356)(241,357)(242,364)(243,383)(244,384)(245,377)(246,374)(247,381)(248,376)(249,373)
        (250,380)(251,385)(252,378)(253,375)(254,382)(255,371)(256,372)(257,379)(389,401)(390,402)(391,395)(393,399)
        (396,398)(397,403)(404,416)(405,417)(406,410)(408,414)(411,413)(412,418)(420,432)(421,433)(422,426)(424,430)
        (427,429)(428,434)(435,447)(436,448)(437,441)(439,445)(442,444)(443,449)(452,464)(453,465)(454,458)(456,462)
        (459,461)(460,466)(467,479)(468,480)(469,473)(471,477)(474,476)(475,481)(483,495)(484,496)(485,489)(487,493)
        (490,492)(491,497)(498,510)(499,511)(500,504)(502,508)(505,507)(506,512), 
      (  2,510,506,258, 10)(  3, 11,251,383, 13)(  4, 18,236,384, 44)(  5, 81,229,369, 43)(  6, 78,198,306, 50)
        (  7, 93,201,275,113)(  8,220,320, 20,100)(  9,195,447,499,355)( 12, 68, 74,244,368)( 14,124,138,268,128)
        ( 15,205,321, 51, 37)( 16,196,448,468,292)( 17,227,511,475,259)( 19, 69, 71,213,305)( 21,109,135,299, 65)
        ( 22, 96,232,338,106)( 23,223,289, 83,101)( 24,226,416,436,356)( 25,257,479,443,371)( 26,254,352, 76,116)
        ( 27, 99,105,181,361)( 28,130, 42,188,376)( 29,127,169,331,121)( 30,208,290,114, 38)( 31,211,417,405,293)
        ( 32,242,480,412,308)( 33,239,353,107, 53)( 34, 84,102,150,298)( 35,115, 39,157,313)( 36,112,166,362, 58)
        ( 40,132,440,484,370)( 41,131,503,491,385)( 45, 61,145,283,129)( 46,142,314, 66, 52)( 47,133,441,453,307)
        ( 48,164,504,460,322)( 49,173,377, 59, 67)( 54,160,282, 98,108)( 55,163,409,421,363)( 56,194,472,428,378)
        ( 57,191,345, 91,123)( 60, 64,176,346,122)( 62,148,410,390,300)( 63,179,473,397,315)( 70, 86,216,274, 82)
        ( 72,212,432,502,324)( 73,243,495,509,323)( 75, 85, 89,247,337)( 77,117,153,267, 97)( 79,197,433,471,261)
        ( 80,228,496,478,260)( 87,219,401,439,325)( 88,250,464,446,340)( 90, 92,120,184,330)( 94,204,402,408,262)
        ( 95,235,465,415,277)(103,149,425,487,339)(104,180,488,494,354)(110,134,426,456,276)(111,165,489,463,291)
        (118,156,394,424,332)(119,187,457,431,347)(125,141,395,393,269)(126,172,458,400,284)(136,296,192,500,364)
        (137,265,255,507,379)(139,423,329,245,365)(140,392,266,252,380)(143,311,193,469,301)(144,280,256,476,316)
        (146,438,326,214,302)(147,407,263,221,317)(151,295,161,437,357)(152,264,224,444,372)(154,422,360,182,358)
        (155,391,297,189,373)(158,310,162,406,294)(159,279,225,413,309)(167,359,185,485,367)(168,328,248,492,382)
        (170,486,336,230,366)(171,455,273,237,381)(174,374,186,454,304)(175,343,249,461,319)(177,501,333,199,303)
        (178,470,270,206,318)(183,327,217,429,375)(190,342,218,398,312)(200,272,240,508,348)(202,430,344,246,334)
        (203,399,281,253,349)(207,287,241,477,285)(209,445,341,215,271)(210,414,278,222,286)(231,335,233,493,351)
        (234,462,288,238,350)(386,498,482,512,450)(387,435,483,497,481)(388,442,452,434,474)(389,427,459,403,411)
        (404,420,490,466,418)(419,505,451,449,467), (  1,  2,257,512)(  3,254,385,506)(  4,267,322, 13)
        (  5,298,291, 44)(  6,313,276, 59)(  7,308,269, 60)(  8,435,266,187)(  9,386,265,194)( 10,131,264,449)
        ( 11,180,263,442)( 12,259,268, 67)( 14, 53,262,315)( 15,440,273,186)( 16,447,272,193)( 17,192,271,448)
        ( 18,185,270,441)( 19,320,275, 66)( 20, 65,274,321)( 21, 58,261,314)( 22,293,284, 45)( 23,420,281,172)
        ( 24,419,280,179)( 25,164,279,434)( 26,165,278,427)( 27,292,283, 52)( 28, 37,282,307)( 29, 38,277,300)
        ( 30,425,288,171)( 31,432,287,178)( 32,177,286,433)( 33,170,285,426)( 34,305,290, 51)( 35, 50,289,306)
        ( 36, 43,260,299)( 39,404,297,156)( 40,387,296,163)( 41,132,295,418)( 42,149,294,411)( 46,409,304,155)
        ( 47,416,303,162)( 48,161,302,417)( 49,154,301,410)( 54,389,312,141)( 55,388,311,148)( 56,133,310,403)
        ( 57,134,309,396)( 61,394,319,140)( 62,401,318,147)( 63,146,317,402)( 64,139,316,395)( 68,223,354,475)
        ( 69,208,339,460)( 70,207,332,461)( 71, 80,329,334)( 72, 73,328,327)( 74,335,326, 79)( 75,200,331,454)
        ( 76,455,330,199)( 77,462,325,206)( 78, 81,336,333)( 82,201,338,453)( 83,456,337,198)( 84,463,324,205)
        ( 85,222,347,476)( 86, 95,344,349)( 87, 88,343,342)( 89,350,341, 94)( 90,215,346,469)( 91,470,345,214)
        ( 92,477,340,221)( 93, 96,351,348)( 97,216,353,468)( 98,471,352,213)( 99,478,323,220)(100,239,370,491)
        (101,238,363,492)(102,111,360,365)(103,104,359,358)(105,366,357,110)(106,231,362,485)(107,486,361,230)
        (108,493,356,237)(109,112,367,364)(113,232,369,484)(114,487,368,229)(115,494,355,236)(116,253,378,507)
        (117,126,375,380)(118,119,374,373)(120,381,372,125)(121,246,377,500)(122,501,376,245)(123,508,371,252)
        (124,127,382,379)(128,247,384,499)(129,502,383,244)(130,509,258,251)(135,436,393,184)(136,443,392,191)
        (137,188,391,446)(138,181,390,439)(142,437,400,183)(143,444,399,190)(144,189,398,445)(145,182,397,438)
        (150,421,408,169)(151,428,407,176)(152,173,406,431)(153,166,405,424)(157,422,415,168)(158,429,414,175)
        (159,174,413,430)(160,167,412,423)(195,226,481,450)(196,211,466,451)(197,210,459,464)(202,203,458,457)
        (204,465,452,209)(212,225,474,479)(217,218,473,472)(219,480,467,224)(227,242,497,482)(228,241,490,495)
        (233,234,489,488)(235,496,483,240)(243,256,505,510)(248,249,504,503)(250,511,498,255) ] ),
  LOrb := 
   [ [ 1, 9, 10, 12, 13, 16, 17, 19, 20, 24, 25, 27, 28, 31, 32, 34, 35, 40, 41, 43, 44, 47, 48, 50, 51, 55, 56, 58, 
          59, 62, 63, 65, 66, 72, 73, 75, 76, 79, 80, 82, 83, 87, 88, 90, 91, 94, 95, 97, 98, 103, 104, 106, 107, 
          110, 111, 113, 114, 118, 119, 121, 122, 125, 126, 128, 129, 136, 137, 139, 140, 143, 144, 146, 147, 151, 
          152, 154, 155, 158, 159, 161, 162, 167, 168, 170, 171, 174, 175, 177, 178, 182, 183, 185, 186, 189, 190, 
          192, 193, 199, 200, 202, 203, 206, 207, 209, 210, 214, 215, 217, 218, 221, 222, 224, 225, 230, 231, 233, 
          234, 237, 238, 240, 241, 245, 246, 248, 249, 252, 253, 255, 256, 258, 259, 260, 261, 262, 263, 266, 269, 
          270, 273, 276, 277, 278, 281, 284, 285, 288, 291, 292, 293, 294, 297, 300, 301, 304, 307, 308, 309, 312, 
          315, 316, 319, 322, 323, 324, 325, 326, 329, 332, 333, 336, 339, 340, 341, 344, 347, 348, 351, 354, 355, 
          356, 357, 360, 363, 364, 367, 370, 371, 372, 375, 378, 379, 382, 385, 386, 387, 388, 389, 390, 393, 396, 
          397, 400, 403, 404, 405, 408, 411, 412, 415, 418, 419, 420, 421, 424, 427, 428, 431, 434, 435, 436, 439, 
          442, 443, 446, 449, 450, 451, 452, 453, 456, 459, 460, 463, 466, 467, 468, 471, 474, 475, 478, 481, 482, 
          483, 484, 487, 490, 491, 494, 497, 498, 499, 502, 505, 506, 509, 512 ], 
      [ 1, 10, 11, 13, 17, 18, 20, 25, 26, 28, 32, 33, 35, 41, 42, 44, 48, 49, 51, 56, 57, 59, 63, 64, 66, 75, 76, 
          82, 83, 90, 91, 97, 98, 106, 107, 113, 114, 121, 122, 128, 129, 137, 138, 140, 144, 145, 147, 152, 153, 
          155, 159, 160, 162, 168, 169, 171, 175, 176, 178, 183, 184, 186, 190, 191, 193, 202, 203, 209, 210, 217, 
          218, 224, 225, 233, 234, 240, 241, 248, 249, 255, 256, 258, 263, 266, 270, 273, 278, 281, 285, 288, 294, 
          297, 301, 304, 309, 312, 316, 319, 323, 324, 325, 326, 330, 333, 337, 340, 341, 345, 348, 352, 355, 356, 
          357, 361, 364, 368, 371, 372, 376, 379, 383, 390, 393, 397, 400, 405, 408, 412, 415, 421, 424, 428, 431, 
          436, 439, 443, 446, 450, 451, 452, 453, 457, 460, 464, 467, 468, 472, 475, 479, 482, 483, 484, 488, 491, 
          495, 498, 499, 503, 506, 510 ], [ 33, 35, 59, 66, 83, 285, 288, 309, 313, 324, 333, 337, 361, 376, 436 ], 
      [ 16, 17, 19, 20, 31, 32, 34, 35, 79, 80, 82, 83, 94, 95, 97, 98, 258, 259, 260, 261, 270, 271, 272, 273, 274, 
          275, 276, 285, 286, 287, 288, 289, 290, 291, 292, 293, 294, 297, 300, 301, 304, 307, 308, 309, 312, 315, 
          316, 319, 322, 323, 324, 333, 334, 335, 336, 337, 338, 339, 348, 349, 350, 351, 352, 353, 354, 355, 356, 
          357, 360, 363, 364, 367, 370, 371, 372, 375, 378, 379, 382, 385, 420, 421, 424, 427, 435, 436, 439, 442, 
          483, 484, 487, 490, 498, 499, 502, 505 ] ],
  eRec := rec(
      GRA := rec(
          adjacencies := [ [ 8, 9, 10 ] ],
          group := Group( [ ( 1, 5, 8,10, 4)( 2, 6, 9, 3, 7), ( 2, 5)( 3, 6)( 4, 7) ] ),
          isGraph := true,
          isSimple := true,
          names := [ [ 1, 2 ], [ 1, 3 ], [ 1, 4 ], [ 1, 5 ], [ 2, 3 ], [ 2, 4 ], [ 2, 5 ], [ 3, 4 ], [ 3, 5 ], 
              [ 4, 5 ] ],
          order := 10,
          representatives := [ 1 ],
          schreierVector := [ -1, 2, 2, 1, 1, 1, 2, 1, 1, 1 ] ),
      ListEdges := [ [ 1, 8 ], [ 1, 9 ], [ 1, 10 ], [ 2, 6 ], [ 2, 7 ], [ 2, 10 ], [ 3, 5 ], [ 3, 7 ], [ 3, 9 ], 
          [ 4, 5 ], [ 4, 6 ], [ 4, 8 ], [ 5, 10 ], [ 6, 9 ], [ 7, 8 ] ],
      ListSet := [ [  ], [ 1 ], [ 1, 2 ], [ 1, 2, 3 ], [ 1, 2, 3, 4 ], [ 1, 2, 3, 4, 5 ], [ 1, 2, 3, 4, 5, 6 ], 
          [ 1, 2, 3, 4, 5, 6, 7 ], [ 1, 2, 3, 4, 5, 6, 7, 8 ], [ 1, 2, 3, 4, 5, 6, 7, 8, 9 ], 
          [ 1, 2, 3, 4, 5, 6, 7, 9 ], [ 1, 2, 3, 4, 5, 6, 8 ], [ 1, 2, 3, 4, 5, 6, 8, 9 ], [ 1, 2, 3, 4, 5, 6, 9 ], 
          [ 1, 2, 3, 4, 5, 7 ], [ 1, 2, 3, 4, 5, 7, 8 ], [ 1, 2, 3, 4, 5, 7, 8, 9 ], [ 1, 2, 3, 4, 5, 7, 9 ], 
          [ 1, 2, 3, 4, 5, 8 ], [ 1, 2, 3, 4, 5, 8, 9 ], [ 1, 2, 3, 4, 5, 9 ], [ 1, 2, 3, 4, 6 ], 
          [ 1, 2, 3, 4, 6, 7 ], [ 1, 2, 3, 4, 6, 7, 8 ], [ 1, 2, 3, 4, 6, 7, 8, 9 ], [ 1, 2, 3, 4, 6, 7, 9 ], 
          [ 1, 2, 3, 4, 6, 8 ], [ 1, 2, 3, 4, 6, 8, 9 ], [ 1, 2, 3, 4, 6, 9 ], [ 1, 2, 3, 4, 7 ], 
          [ 1, 2, 3, 4, 7, 8 ], [ 1, 2, 3, 4, 7, 8, 9 ], [ 1, 2, 3, 4, 7, 9 ], [ 1, 2, 3, 4, 8 ], 
          [ 1, 2, 3, 4, 8, 9 ], [ 1, 2, 3, 4, 9 ], [ 1, 2, 3, 5 ], [ 1, 2, 3, 5, 6 ], [ 1, 2, 3, 5, 6, 7 ], 
          [ 1, 2, 3, 5, 6, 7, 8 ], [ 1, 2, 3, 5, 6, 7, 8, 9 ], [ 1, 2, 3, 5, 6, 7, 9 ], [ 1, 2, 3, 5, 6, 8 ], 
          [ 1, 2, 3, 5, 6, 8, 9 ], [ 1, 2, 3, 5, 6, 9 ], [ 1, 2, 3, 5, 7 ], [ 1, 2, 3, 5, 7, 8 ], 
          [ 1, 2, 3, 5, 7, 8, 9 ], [ 1, 2, 3, 5, 7, 9 ], [ 1, 2, 3, 5, 8 ], [ 1, 2, 3, 5, 8, 9 ], [ 1, 2, 3, 5, 9 ], 
          [ 1, 2, 3, 6 ], [ 1, 2, 3, 6, 7 ], [ 1, 2, 3, 6, 7, 8 ], [ 1, 2, 3, 6, 7, 8, 9 ], [ 1, 2, 3, 6, 7, 9 ], 
          [ 1, 2, 3, 6, 8 ], [ 1, 2, 3, 6, 8, 9 ], [ 1, 2, 3, 6, 9 ], [ 1, 2, 3, 7 ], [ 1, 2, 3, 7, 8 ], 
          [ 1, 2, 3, 7, 8, 9 ], [ 1, 2, 3, 7, 9 ], [ 1, 2, 3, 8 ], [ 1, 2, 3, 8, 9 ], [ 1, 2, 3, 9 ], [ 1, 2, 4 ], 
          [ 1, 2, 4, 5 ], [ 1, 2, 4, 5, 6 ], [ 1, 2, 4, 5, 6, 7 ], [ 1, 2, 4, 5, 6, 7, 8 ], 
          [ 1, 2, 4, 5, 6, 7, 8, 9 ], [ 1, 2, 4, 5, 6, 7, 9 ], [ 1, 2, 4, 5, 6, 8 ], [ 1, 2, 4, 5, 6, 8, 9 ], 
          [ 1, 2, 4, 5, 6, 9 ], [ 1, 2, 4, 5, 7 ], [ 1, 2, 4, 5, 7, 8 ], [ 1, 2, 4, 5, 7, 8, 9 ], 
          [ 1, 2, 4, 5, 7, 9 ], [ 1, 2, 4, 5, 8 ], [ 1, 2, 4, 5, 8, 9 ], [ 1, 2, 4, 5, 9 ], [ 1, 2, 4, 6 ], 
          [ 1, 2, 4, 6, 7 ], [ 1, 2, 4, 6, 7, 8 ], [ 1, 2, 4, 6, 7, 8, 9 ], [ 1, 2, 4, 6, 7, 9 ], [ 1, 2, 4, 6, 8 ], 
          [ 1, 2, 4, 6, 8, 9 ], [ 1, 2, 4, 6, 9 ], [ 1, 2, 4, 7 ], [ 1, 2, 4, 7, 8 ], [ 1, 2, 4, 7, 8, 9 ], 
          [ 1, 2, 4, 7, 9 ], [ 1, 2, 4, 8 ], [ 1, 2, 4, 8, 9 ], [ 1, 2, 4, 9 ], [ 1, 2, 5 ], [ 1, 2, 5, 6 ], 
          [ 1, 2, 5, 6, 7 ], [ 1, 2, 5, 6, 7, 8 ], [ 1, 2, 5, 6, 7, 8, 9 ], [ 1, 2, 5, 6, 7, 9 ], [ 1, 2, 5, 6, 8 ], 
          [ 1, 2, 5, 6, 8, 9 ], [ 1, 2, 5, 6, 9 ], [ 1, 2, 5, 7 ], [ 1, 2, 5, 7, 8 ], [ 1, 2, 5, 7, 8, 9 ], 
          [ 1, 2, 5, 7, 9 ], [ 1, 2, 5, 8 ], [ 1, 2, 5, 8, 9 ], [ 1, 2, 5, 9 ], [ 1, 2, 6 ], [ 1, 2, 6, 7 ], 
          [ 1, 2, 6, 7, 8 ], [ 1, 2, 6, 7, 8, 9 ], [ 1, 2, 6, 7, 9 ], [ 1, 2, 6, 8 ], [ 1, 2, 6, 8, 9 ], 
          [ 1, 2, 6, 9 ], [ 1, 2, 7 ], [ 1, 2, 7, 8 ], [ 1, 2, 7, 8, 9 ], [ 1, 2, 7, 9 ], [ 1, 2, 8 ], 
          [ 1, 2, 8, 9 ], [ 1, 2, 9 ], [ 1, 3 ], [ 1, 3, 4 ], [ 1, 3, 4, 5 ], [ 1, 3, 4, 5, 6 ], 
          [ 1, 3, 4, 5, 6, 7 ], [ 1, 3, 4, 5, 6, 7, 8 ], [ 1, 3, 4, 5, 6, 7, 8, 9 ], [ 1, 3, 4, 5, 6, 7, 9 ], 
          [ 1, 3, 4, 5, 6, 8 ], [ 1, 3, 4, 5, 6, 8, 9 ], [ 1, 3, 4, 5, 6, 9 ], [ 1, 3, 4, 5, 7 ], 
          [ 1, 3, 4, 5, 7, 8 ], [ 1, 3, 4, 5, 7, 8, 9 ], [ 1, 3, 4, 5, 7, 9 ], [ 1, 3, 4, 5, 8 ], 
          [ 1, 3, 4, 5, 8, 9 ], [ 1, 3, 4, 5, 9 ], [ 1, 3, 4, 6 ], [ 1, 3, 4, 6, 7 ], [ 1, 3, 4, 6, 7, 8 ], 
          [ 1, 3, 4, 6, 7, 8, 9 ], [ 1, 3, 4, 6, 7, 9 ], [ 1, 3, 4, 6, 8 ], [ 1, 3, 4, 6, 8, 9 ], [ 1, 3, 4, 6, 9 ], 
          [ 1, 3, 4, 7 ], [ 1, 3, 4, 7, 8 ], [ 1, 3, 4, 7, 8, 9 ], [ 1, 3, 4, 7, 9 ], [ 1, 3, 4, 8 ], 
          [ 1, 3, 4, 8, 9 ], [ 1, 3, 4, 9 ], [ 1, 3, 5 ], [ 1, 3, 5, 6 ], [ 1, 3, 5, 6, 7 ], [ 1, 3, 5, 6, 7, 8 ], 
          [ 1, 3, 5, 6, 7, 8, 9 ], [ 1, 3, 5, 6, 7, 9 ], [ 1, 3, 5, 6, 8 ], [ 1, 3, 5, 6, 8, 9 ], [ 1, 3, 5, 6, 9 ], 
          [ 1, 3, 5, 7 ], [ 1, 3, 5, 7, 8 ], [ 1, 3, 5, 7, 8, 9 ], [ 1, 3, 5, 7, 9 ], [ 1, 3, 5, 8 ], 
          [ 1, 3, 5, 8, 9 ], [ 1, 3, 5, 9 ], [ 1, 3, 6 ], [ 1, 3, 6, 7 ], [ 1, 3, 6, 7, 8 ], [ 1, 3, 6, 7, 8, 9 ], 
          [ 1, 3, 6, 7, 9 ], [ 1, 3, 6, 8 ], [ 1, 3, 6, 8, 9 ], [ 1, 3, 6, 9 ], [ 1, 3, 7 ], [ 1, 3, 7, 8 ], 
          [ 1, 3, 7, 8, 9 ], [ 1, 3, 7, 9 ], [ 1, 3, 8 ], [ 1, 3, 8, 9 ], [ 1, 3, 9 ], [ 1, 4 ], [ 1, 4, 5 ], 
          [ 1, 4, 5, 6 ], [ 1, 4, 5, 6, 7 ], [ 1, 4, 5, 6, 7, 8 ], [ 1, 4, 5, 6, 7, 8, 9 ], [ 1, 4, 5, 6, 7, 9 ], 
          [ 1, 4, 5, 6, 8 ], [ 1, 4, 5, 6, 8, 9 ], [ 1, 4, 5, 6, 9 ], [ 1, 4, 5, 7 ], [ 1, 4, 5, 7, 8 ], 
          [ 1, 4, 5, 7, 8, 9 ], [ 1, 4, 5, 7, 9 ], [ 1, 4, 5, 8 ], [ 1, 4, 5, 8, 9 ], [ 1, 4, 5, 9 ], [ 1, 4, 6 ], 
          [ 1, 4, 6, 7 ], [ 1, 4, 6, 7, 8 ], [ 1, 4, 6, 7, 8, 9 ], [ 1, 4, 6, 7, 9 ], [ 1, 4, 6, 8 ], 
          [ 1, 4, 6, 8, 9 ], [ 1, 4, 6, 9 ], [ 1, 4, 7 ], [ 1, 4, 7, 8 ], [ 1, 4, 7, 8, 9 ], [ 1, 4, 7, 9 ], 
          [ 1, 4, 8 ], [ 1, 4, 8, 9 ], [ 1, 4, 9 ], [ 1, 5 ], [ 1, 5, 6 ], [ 1, 5, 6, 7 ], [ 1, 5, 6, 7, 8 ], 
          [ 1, 5, 6, 7, 8, 9 ], [ 1, 5, 6, 7, 9 ], [ 1, 5, 6, 8 ], [ 1, 5, 6, 8, 9 ], [ 1, 5, 6, 9 ], [ 1, 5, 7 ], 
          [ 1, 5, 7, 8 ], [ 1, 5, 7, 8, 9 ], [ 1, 5, 7, 9 ], [ 1, 5, 8 ], [ 1, 5, 8, 9 ], [ 1, 5, 9 ], [ 1, 6 ], 
          [ 1, 6, 7 ], [ 1, 6, 7, 8 ], [ 1, 6, 7, 8, 9 ], [ 1, 6, 7, 9 ], [ 1, 6, 8 ], [ 1, 6, 8, 9 ], [ 1, 6, 9 ], 
          [ 1, 7 ], [ 1, 7, 8 ], [ 1, 7, 8, 9 ], [ 1, 7, 9 ], [ 1, 8 ], [ 1, 8, 9 ], [ 1, 9 ], [ 2 ], [ 2, 3 ], 
          [ 2, 3, 4 ], [ 2, 3, 4, 5 ], [ 2, 3, 4, 5, 6 ], [ 2, 3, 4, 5, 6, 7 ], [ 2, 3, 4, 5, 6, 7, 8 ], 
          [ 2, 3, 4, 5, 6, 7, 8, 9 ], [ 2, 3, 4, 5, 6, 7, 9 ], [ 2, 3, 4, 5, 6, 8 ], [ 2, 3, 4, 5, 6, 8, 9 ], 
          [ 2, 3, 4, 5, 6, 9 ], [ 2, 3, 4, 5, 7 ], [ 2, 3, 4, 5, 7, 8 ], [ 2, 3, 4, 5, 7, 8, 9 ], 
          [ 2, 3, 4, 5, 7, 9 ], [ 2, 3, 4, 5, 8 ], [ 2, 3, 4, 5, 8, 9 ], [ 2, 3, 4, 5, 9 ], [ 2, 3, 4, 6 ], 
          [ 2, 3, 4, 6, 7 ], [ 2, 3, 4, 6, 7, 8 ], [ 2, 3, 4, 6, 7, 8, 9 ], [ 2, 3, 4, 6, 7, 9 ], [ 2, 3, 4, 6, 8 ], 
          [ 2, 3, 4, 6, 8, 9 ], [ 2, 3, 4, 6, 9 ], [ 2, 3, 4, 7 ], [ 2, 3, 4, 7, 8 ], [ 2, 3, 4, 7, 8, 9 ], 
          [ 2, 3, 4, 7, 9 ], [ 2, 3, 4, 8 ], [ 2, 3, 4, 8, 9 ], [ 2, 3, 4, 9 ], [ 2, 3, 5 ], [ 2, 3, 5, 6 ], 
          [ 2, 3, 5, 6, 7 ], [ 2, 3, 5, 6, 7, 8 ], [ 2, 3, 5, 6, 7, 8, 9 ], [ 2, 3, 5, 6, 7, 9 ], [ 2, 3, 5, 6, 8 ], 
          [ 2, 3, 5, 6, 8, 9 ], [ 2, 3, 5, 6, 9 ], [ 2, 3, 5, 7 ], [ 2, 3, 5, 7, 8 ], [ 2, 3, 5, 7, 8, 9 ], 
          [ 2, 3, 5, 7, 9 ], [ 2, 3, 5, 8 ], [ 2, 3, 5, 8, 9 ], [ 2, 3, 5, 9 ], [ 2, 3, 6 ], [ 2, 3, 6, 7 ], 
          [ 2, 3, 6, 7, 8 ], [ 2, 3, 6, 7, 8, 9 ], [ 2, 3, 6, 7, 9 ], [ 2, 3, 6, 8 ], [ 2, 3, 6, 8, 9 ], 
          [ 2, 3, 6, 9 ], [ 2, 3, 7 ], [ 2, 3, 7, 8 ], [ 2, 3, 7, 8, 9 ], [ 2, 3, 7, 9 ], [ 2, 3, 8 ], 
          [ 2, 3, 8, 9 ], [ 2, 3, 9 ], [ 2, 4 ], [ 2, 4, 5 ], [ 2, 4, 5, 6 ], [ 2, 4, 5, 6, 7 ], 
          [ 2, 4, 5, 6, 7, 8 ], [ 2, 4, 5, 6, 7, 8, 9 ], [ 2, 4, 5, 6, 7, 9 ], [ 2, 4, 5, 6, 8 ], 
          [ 2, 4, 5, 6, 8, 9 ], [ 2, 4, 5, 6, 9 ], [ 2, 4, 5, 7 ], [ 2, 4, 5, 7, 8 ], [ 2, 4, 5, 7, 8, 9 ], 
          [ 2, 4, 5, 7, 9 ], [ 2, 4, 5, 8 ], [ 2, 4, 5, 8, 9 ], [ 2, 4, 5, 9 ], [ 2, 4, 6 ], [ 2, 4, 6, 7 ], 
          [ 2, 4, 6, 7, 8 ], [ 2, 4, 6, 7, 8, 9 ], [ 2, 4, 6, 7, 9 ], [ 2, 4, 6, 8 ], [ 2, 4, 6, 8, 9 ], 
          [ 2, 4, 6, 9 ], [ 2, 4, 7 ], [ 2, 4, 7, 8 ], [ 2, 4, 7, 8, 9 ], [ 2, 4, 7, 9 ], [ 2, 4, 8 ], 
          [ 2, 4, 8, 9 ], [ 2, 4, 9 ], [ 2, 5 ], [ 2, 5, 6 ], [ 2, 5, 6, 7 ], [ 2, 5, 6, 7, 8 ], 
          [ 2, 5, 6, 7, 8, 9 ], [ 2, 5, 6, 7, 9 ], [ 2, 5, 6, 8 ], [ 2, 5, 6, 8, 9 ], [ 2, 5, 6, 9 ], [ 2, 5, 7 ], 
          [ 2, 5, 7, 8 ], [ 2, 5, 7, 8, 9 ], [ 2, 5, 7, 9 ], [ 2, 5, 8 ], [ 2, 5, 8, 9 ], [ 2, 5, 9 ], [ 2, 6 ], 
          [ 2, 6, 7 ], [ 2, 6, 7, 8 ], [ 2, 6, 7, 8, 9 ], [ 2, 6, 7, 9 ], [ 2, 6, 8 ], [ 2, 6, 8, 9 ], [ 2, 6, 9 ], 
          [ 2, 7 ], [ 2, 7, 8 ], [ 2, 7, 8, 9 ], [ 2, 7, 9 ], [ 2, 8 ], [ 2, 8, 9 ], [ 2, 9 ], [ 3 ], [ 3, 4 ], 
          [ 3, 4, 5 ], [ 3, 4, 5, 6 ], [ 3, 4, 5, 6, 7 ], [ 3, 4, 5, 6, 7, 8 ], [ 3, 4, 5, 6, 7, 8, 9 ], 
          [ 3, 4, 5, 6, 7, 9 ], [ 3, 4, 5, 6, 8 ], [ 3, 4, 5, 6, 8, 9 ], [ 3, 4, 5, 6, 9 ], [ 3, 4, 5, 7 ], 
          [ 3, 4, 5, 7, 8 ], [ 3, 4, 5, 7, 8, 9 ], [ 3, 4, 5, 7, 9 ], [ 3, 4, 5, 8 ], [ 3, 4, 5, 8, 9 ], 
          [ 3, 4, 5, 9 ], [ 3, 4, 6 ], [ 3, 4, 6, 7 ], [ 3, 4, 6, 7, 8 ], [ 3, 4, 6, 7, 8, 9 ], [ 3, 4, 6, 7, 9 ], 
          [ 3, 4, 6, 8 ], [ 3, 4, 6, 8, 9 ], [ 3, 4, 6, 9 ], [ 3, 4, 7 ], [ 3, 4, 7, 8 ], [ 3, 4, 7, 8, 9 ], 
          [ 3, 4, 7, 9 ], [ 3, 4, 8 ], [ 3, 4, 8, 9 ], [ 3, 4, 9 ], [ 3, 5 ], [ 3, 5, 6 ], [ 3, 5, 6, 7 ], 
          [ 3, 5, 6, 7, 8 ], [ 3, 5, 6, 7, 8, 9 ], [ 3, 5, 6, 7, 9 ], [ 3, 5, 6, 8 ], [ 3, 5, 6, 8, 9 ], 
          [ 3, 5, 6, 9 ], [ 3, 5, 7 ], [ 3, 5, 7, 8 ], [ 3, 5, 7, 8, 9 ], [ 3, 5, 7, 9 ], [ 3, 5, 8 ], 
          [ 3, 5, 8, 9 ], [ 3, 5, 9 ], [ 3, 6 ], [ 3, 6, 7 ], [ 3, 6, 7, 8 ], [ 3, 6, 7, 8, 9 ], [ 3, 6, 7, 9 ], 
          [ 3, 6, 8 ], [ 3, 6, 8, 9 ], [ 3, 6, 9 ], [ 3, 7 ], [ 3, 7, 8 ], [ 3, 7, 8, 9 ], [ 3, 7, 9 ], [ 3, 8 ], 
          [ 3, 8, 9 ], [ 3, 9 ], [ 4 ], [ 4, 5 ], [ 4, 5, 6 ], [ 4, 5, 6, 7 ], [ 4, 5, 6, 7, 8 ], 
          [ 4, 5, 6, 7, 8, 9 ], [ 4, 5, 6, 7, 9 ], [ 4, 5, 6, 8 ], [ 4, 5, 6, 8, 9 ], [ 4, 5, 6, 9 ], [ 4, 5, 7 ], 
          [ 4, 5, 7, 8 ], [ 4, 5, 7, 8, 9 ], [ 4, 5, 7, 9 ], [ 4, 5, 8 ], [ 4, 5, 8, 9 ], [ 4, 5, 9 ], [ 4, 6 ], 
          [ 4, 6, 7 ], [ 4, 6, 7, 8 ], [ 4, 6, 7, 8, 9 ], [ 4, 6, 7, 9 ], [ 4, 6, 8 ], [ 4, 6, 8, 9 ], [ 4, 6, 9 ], 
          [ 4, 7 ], [ 4, 7, 8 ], [ 4, 7, 8, 9 ], [ 4, 7, 9 ], [ 4, 8 ], [ 4, 8, 9 ], [ 4, 9 ], [ 5 ], [ 5, 6 ], 
          [ 5, 6, 7 ], [ 5, 6, 7, 8 ], [ 5, 6, 7, 8, 9 ], [ 5, 6, 7, 9 ], [ 5, 6, 8 ], [ 5, 6, 8, 9 ], [ 5, 6, 9 ], 
          [ 5, 7 ], [ 5, 7, 8 ], [ 5, 7, 8, 9 ], [ 5, 7, 9 ], [ 5, 8 ], [ 5, 8, 9 ], [ 5, 9 ], [ 6 ], [ 6, 7 ], 
          [ 6, 7, 8 ], [ 6, 7, 8, 9 ], [ 6, 7, 9 ], [ 6, 8 ], [ 6, 8, 9 ], [ 6, 9 ], [ 7 ], [ 7, 8 ], [ 7, 8, 9 ], 
          [ 7, 9 ], [ 8 ], [ 8, 9 ], [ 9 ] ],
      ListVect := [ [ 1, 0, 0, 0, 0, 0, 0, 0, 0, 0, 0, 0, 0, 0, 0, 0 ], 
          [ 1, 1, 1, 1, 0, 0, 0, 0, 0, 0, 0, 0, 0, 0, 0, 0 ], [ 1, 1, 1, 1, 1, 1, 1, 0, 0, 0, 0, 0, 0, 0, 0, 0 ], 
          [ 1, 1, 1, 1, 1, 1, 1, 1, 1, 1, 0, 0, 0, 0, 0, 0 ], [ 1, 1, 1, 1, 1, 1, 1, 1, 1, 1, 1, 1, 1, 0, 0, 0 ], 
          [ 1, 1, 1, 1, 1, 1, 1, 0, 1, 1, 0, 1, 1, 1, 0, 0 ], [ 1, 1, 1, 1, 0, 1, 1, 0, 1, 1, 0, 0, 1, 1, 1, 0 ], 
          [ 1, 1, 1, 1, 0, 0, 1, 0, 0, 1, 0, 0, 1, 1, 1, 1 ], [ 1, 0, 1, 1, 0, 0, 1, 0, 0, 1, 0, 0, 0, 1, 1, 0 ], 
          [ 1, 0, 0, 1, 0, 0, 1, 0, 0, 0, 0, 0, 0, 1, 0, 0 ], [ 1, 1, 0, 1, 0, 0, 1, 0, 0, 0, 0, 0, 1, 1, 0, 1 ], 
          [ 1, 0, 1, 1, 0, 1, 1, 0, 1, 1, 0, 0, 0, 1, 1, 1 ], [ 1, 0, 0, 1, 0, 1, 1, 0, 1, 0, 0, 0, 0, 1, 0, 1 ], 
          [ 1, 1, 0, 1, 0, 1, 1, 0, 1, 0, 0, 0, 1, 1, 0, 0 ], [ 1, 1, 1, 1, 1, 0, 1, 0, 0, 1, 0, 1, 1, 1, 0, 1 ], 
          [ 1, 0, 1, 1, 1, 0, 1, 0, 0, 1, 0, 1, 0, 1, 0, 0 ], [ 1, 0, 0, 1, 1, 0, 1, 0, 0, 0, 0, 1, 0, 1, 1, 0 ], 
          [ 1, 1, 0, 1, 1, 0, 1, 0, 0, 0, 0, 1, 1, 1, 1, 1 ], [ 1, 0, 1, 1, 1, 1, 1, 0, 1, 1, 0, 1, 0, 1, 0, 1 ], 
          [ 1, 0, 0, 1, 1, 1, 1, 0, 1, 0, 0, 1, 0, 1, 1, 1 ], [ 1, 1, 0, 1, 1, 1, 1, 0, 1, 0, 0, 1, 1, 1, 1, 0 ], 
          [ 1, 1, 1, 1, 0, 1, 1, 1, 1, 1, 1, 0, 1, 0, 1, 0 ], [ 1, 1, 1, 1, 0, 0, 1, 1, 0, 1, 1, 0, 1, 0, 1, 1 ], 
          [ 1, 0, 1, 1, 0, 0, 1, 1, 0, 1, 1, 0, 0, 0, 1, 0 ], [ 1, 0, 0, 1, 0, 0, 1, 1, 0, 0, 1, 0, 0, 0, 0, 0 ], 
          [ 1, 1, 0, 1, 0, 0, 1, 1, 0, 0, 1, 0, 1, 0, 0, 1 ], [ 1, 0, 1, 1, 0, 1, 1, 1, 1, 1, 1, 0, 0, 0, 1, 1 ], 
          [ 1, 0, 0, 1, 0, 1, 1, 1, 1, 0, 1, 0, 0, 0, 0, 1 ], [ 1, 1, 0, 1, 0, 1, 1, 1, 1, 0, 1, 0, 1, 0, 0, 0 ], 
          [ 1, 1, 1, 1, 1, 0, 1, 1, 0, 1, 1, 1, 1, 0, 0, 1 ], [ 1, 0, 1, 1, 1, 0, 1, 1, 0, 1, 1, 1, 0, 0, 0, 0 ], 
          [ 1, 0, 0, 1, 1, 0, 1, 1, 0, 0, 1, 1, 0, 0, 1, 0 ], [ 1, 1, 0, 1, 1, 0, 1, 1, 0, 0, 1, 1, 1, 0, 1, 1 ], 
          [ 1, 0, 1, 1, 1, 1, 1, 1, 1, 1, 1, 1, 0, 0, 0, 1 ], [ 1, 0, 0, 1, 1, 1, 1, 1, 1, 0, 1, 1, 0, 0, 1, 1 ], 
          [ 1, 1, 0, 1, 1, 1, 1, 1, 1, 0, 1, 1, 1, 0, 1, 0 ], [ 1, 1, 1, 1, 1, 1, 1, 0, 1, 1, 1, 0, 0, 1, 0, 0 ], 
          [ 1, 1, 1, 1, 0, 1, 1, 0, 1, 1, 1, 1, 0, 1, 1, 0 ], [ 1, 1, 1, 1, 0, 0, 1, 0, 0, 1, 1, 1, 0, 1, 1, 1 ], 
          [ 1, 0, 1, 1, 0, 0, 1, 0, 0, 1, 1, 1, 1, 1, 1, 0 ], [ 1, 0, 0, 1, 0, 0, 1, 0, 0, 0, 1, 1, 1, 1, 0, 0 ], 
          [ 1, 1, 0, 1, 0, 0, 1, 0, 0, 0, 1, 1, 0, 1, 0, 1 ], [ 1, 0, 1, 1, 0, 1, 1, 0, 1, 1, 1, 1, 1, 1, 1, 1 ], 
          [ 1, 0, 0, 1, 0, 1, 1, 0, 1, 0, 1, 1, 1, 1, 0, 1 ], [ 1, 1, 0, 1, 0, 1, 1, 0, 1, 0, 1, 1, 0, 1, 0, 0 ], 
          [ 1, 1, 1, 1, 1, 0, 1, 0, 0, 1, 1, 0, 0, 1, 0, 1 ], [ 1, 0, 1, 1, 1, 0, 1, 0, 0, 1, 1, 0, 1, 1, 0, 0 ], 
          [ 1, 0, 0, 1, 1, 0, 1, 0, 0, 0, 1, 0, 1, 1, 1, 0 ], [ 1, 1, 0, 1, 1, 0, 1, 0, 0, 0, 1, 0, 0, 1, 1, 1 ], 
          [ 1, 0, 1, 1, 1, 1, 1, 0, 1, 1, 1, 0, 1, 1, 0, 1 ], [ 1, 0, 0, 1, 1, 1, 1, 0, 1, 0, 1, 0, 1, 1, 1, 1 ], 
          [ 1, 1, 0, 1, 1, 1, 1, 0, 1, 0, 1, 0, 0, 1, 1, 0 ], [ 1, 1, 1, 1, 0, 1, 1, 1, 1, 1, 0, 1, 0, 0, 1, 0 ], 
          [ 1, 1, 1, 1, 0, 0, 1, 1, 0, 1, 0, 1, 0, 0, 1, 1 ], [ 1, 0, 1, 1, 0, 0, 1, 1, 0, 1, 0, 1, 1, 0, 1, 0 ], 
          [ 1, 0, 0, 1, 0, 0, 1, 1, 0, 0, 0, 1, 1, 0, 0, 0 ], [ 1, 1, 0, 1, 0, 0, 1, 1, 0, 0, 0, 1, 0, 0, 0, 1 ], 
          [ 1, 0, 1, 1, 0, 1, 1, 1, 1, 1, 0, 1, 1, 0, 1, 1 ], [ 1, 0, 0, 1, 0, 1, 1, 1, 1, 0, 0, 1, 1, 0, 0, 1 ], 
          [ 1, 1, 0, 1, 0, 1, 1, 1, 1, 0, 0, 1, 0, 0, 0, 0 ], [ 1, 1, 1, 1, 1, 0, 1, 1, 0, 1, 0, 0, 0, 0, 0, 1 ], 
          [ 1, 0, 1, 1, 1, 0, 1, 1, 0, 1, 0, 0, 1, 0, 0, 0 ], [ 1, 0, 0, 1, 1, 0, 1, 1, 0, 0, 0, 0, 1, 0, 1, 0 ], 
          [ 1, 1, 0, 1, 1, 0, 1, 1, 0, 0, 0, 0, 0, 0, 1, 1 ], [ 1, 0, 1, 1, 1, 1, 1, 1, 1, 1, 0, 0, 1, 0, 0, 1 ], 
          [ 1, 0, 0, 1, 1, 1, 1, 1, 1, 0, 0, 0, 1, 0, 1, 1 ], [ 1, 1, 0, 1, 1, 1, 1, 1, 1, 0, 0, 0, 0, 0, 1, 0 ], 
          [ 1, 1, 1, 1, 1, 1, 1, 0, 0, 0, 1, 1, 1, 0, 0, 0 ], [ 1, 1, 1, 1, 1, 1, 1, 1, 0, 0, 0, 1, 1, 1, 0, 0 ], 
          [ 1, 1, 1, 1, 0, 1, 1, 1, 0, 0, 0, 0, 1, 1, 1, 0 ], [ 1, 1, 1, 1, 0, 0, 1, 1, 1, 0, 0, 0, 1, 1, 1, 1 ], 
          [ 1, 0, 1, 1, 0, 0, 1, 1, 1, 0, 0, 0, 0, 1, 1, 0 ], [ 1, 0, 0, 1, 0, 0, 1, 1, 1, 1, 0, 0, 0, 1, 0, 0 ], 
          [ 1, 1, 0, 1, 0, 0, 1, 1, 1, 1, 0, 0, 1, 1, 0, 1 ], [ 1, 0, 1, 1, 0, 1, 1, 1, 0, 0, 0, 0, 0, 1, 1, 1 ], 
          [ 1, 0, 0, 1, 0, 1, 1, 1, 0, 1, 0, 0, 0, 1, 0, 1 ], [ 1, 1, 0, 1, 0, 1, 1, 1, 0, 1, 0, 0, 1, 1, 0, 0 ], 
          [ 1, 1, 1, 1, 1, 0, 1, 1, 1, 0, 0, 1, 1, 1, 0, 1 ], [ 1, 0, 1, 1, 1, 0, 1, 1, 1, 0, 0, 1, 0, 1, 0, 0 ], 
          [ 1, 0, 0, 1, 1, 0, 1, 1, 1, 1, 0, 1, 0, 1, 1, 0 ], [ 1, 1, 0, 1, 1, 0, 1, 1, 1, 1, 0, 1, 1, 1, 1, 1 ], 
          [ 1, 0, 1, 1, 1, 1, 1, 1, 0, 0, 0, 1, 0, 1, 0, 1 ], [ 1, 0, 0, 1, 1, 1, 1, 1, 0, 1, 0, 1, 0, 1, 1, 1 ], 
          [ 1, 1, 0, 1, 1, 1, 1, 1, 0, 1, 0, 1, 1, 1, 1, 0 ], [ 1, 1, 1, 1, 0, 1, 1, 0, 0, 0, 1, 0, 1, 0, 1, 0 ], 
          [ 1, 1, 1, 1, 0, 0, 1, 0, 1, 0, 1, 0, 1, 0, 1, 1 ], [ 1, 0, 1, 1, 0, 0, 1, 0, 1, 0, 1, 0, 0, 0, 1, 0 ], 
          [ 1, 0, 0, 1, 0, 0, 1, 0, 1, 1, 1, 0, 0, 0, 0, 0 ], [ 1, 1, 0, 1, 0, 0, 1, 0, 1, 1, 1, 0, 1, 0, 0, 1 ], 
          [ 1, 0, 1, 1, 0, 1, 1, 0, 0, 0, 1, 0, 0, 0, 1, 1 ], [ 1, 0, 0, 1, 0, 1, 1, 0, 0, 1, 1, 0, 0, 0, 0, 1 ], 
          [ 1, 1, 0, 1, 0, 1, 1, 0, 0, 1, 1, 0, 1, 0, 0, 0 ], [ 1, 1, 1, 1, 1, 0, 1, 0, 1, 0, 1, 1, 1, 0, 0, 1 ], 
          [ 1, 0, 1, 1, 1, 0, 1, 0, 1, 0, 1, 1, 0, 0, 0, 0 ], [ 1, 0, 0, 1, 1, 0, 1, 0, 1, 1, 1, 1, 0, 0, 1, 0 ], 
          [ 1, 1, 0, 1, 1, 0, 1, 0, 1, 1, 1, 1, 1, 0, 1, 1 ], [ 1, 0, 1, 1, 1, 1, 1, 0, 0, 0, 1, 1, 0, 0, 0, 1 ], 
          [ 1, 0, 0, 1, 1, 1, 1, 0, 0, 1, 1, 1, 0, 0, 1, 1 ], [ 1, 1, 0, 1, 1, 1, 1, 0, 0, 1, 1, 1, 1, 0, 1, 0 ], 
          [ 1, 1, 1, 1, 1, 1, 1, 1, 0, 0, 1, 0, 0, 1, 0, 0 ], [ 1, 1, 1, 1, 0, 1, 1, 1, 0, 0, 1, 1, 0, 1, 1, 0 ], 
          [ 1, 1, 1, 1, 0, 0, 1, 1, 1, 0, 1, 1, 0, 1, 1, 1 ], [ 1, 0, 1, 1, 0, 0, 1, 1, 1, 0, 1, 1, 1, 1, 1, 0 ], 
          [ 1, 0, 0, 1, 0, 0, 1, 1, 1, 1, 1, 1, 1, 1, 0, 0 ], [ 1, 1, 0, 1, 0, 0, 1, 1, 1, 1, 1, 1, 0, 1, 0, 1 ], 
          [ 1, 0, 1, 1, 0, 1, 1, 1, 0, 0, 1, 1, 1, 1, 1, 1 ], [ 1, 0, 0, 1, 0, 1, 1, 1, 0, 1, 1, 1, 1, 1, 0, 1 ], 
          [ 1, 1, 0, 1, 0, 1, 1, 1, 0, 1, 1, 1, 0, 1, 0, 0 ], [ 1, 1, 1, 1, 1, 0, 1, 1, 1, 0, 1, 0, 0, 1, 0, 1 ], 
          [ 1, 0, 1, 1, 1, 0, 1, 1, 1, 0, 1, 0, 1, 1, 0, 0 ], [ 1, 0, 0, 1, 1, 0, 1, 1, 1, 1, 1, 0, 1, 1, 1, 0 ], 
          [ 1, 1, 0, 1, 1, 0, 1, 1, 1, 1, 1, 0, 0, 1, 1, 1 ], [ 1, 0, 1, 1, 1, 1, 1, 1, 0, 0, 1, 0, 1, 1, 0, 1 ], 
          [ 1, 0, 0, 1, 1, 1, 1, 1, 0, 1, 1, 0, 1, 1, 1, 1 ], [ 1, 1, 0, 1, 1, 1, 1, 1, 0, 1, 1, 0, 0, 1, 1, 0 ], 
          [ 1, 1, 1, 1, 0, 1, 1, 0, 0, 0, 0, 1, 0, 0, 1, 0 ], [ 1, 1, 1, 1, 0, 0, 1, 0, 1, 0, 0, 1, 0, 0, 1, 1 ], 
          [ 1, 0, 1, 1, 0, 0, 1, 0, 1, 0, 0, 1, 1, 0, 1, 0 ], [ 1, 0, 0, 1, 0, 0, 1, 0, 1, 1, 0, 1, 1, 0, 0, 0 ], 
          [ 1, 1, 0, 1, 0, 0, 1, 0, 1, 1, 0, 1, 0, 0, 0, 1 ], [ 1, 0, 1, 1, 0, 1, 1, 0, 0, 0, 0, 1, 1, 0, 1, 1 ], 
          [ 1, 0, 0, 1, 0, 1, 1, 0, 0, 1, 0, 1, 1, 0, 0, 1 ], [ 1, 1, 0, 1, 0, 1, 1, 0, 0, 1, 0, 1, 0, 0, 0, 0 ], 
          [ 1, 1, 1, 1, 1, 0, 1, 0, 1, 0, 0, 0, 0, 0, 0, 1 ], [ 1, 0, 1, 1, 1, 0, 1, 0, 1, 0, 0, 0, 1, 0, 0, 0 ], 
          [ 1, 0, 0, 1, 1, 0, 1, 0, 1, 1, 0, 0, 1, 0, 1, 0 ], [ 1, 1, 0, 1, 1, 0, 1, 0, 1, 1, 0, 0, 0, 0, 1, 1 ], 
          [ 1, 0, 1, 1, 1, 1, 1, 0, 0, 0, 0, 0, 1, 0, 0, 1 ], [ 1, 0, 0, 1, 1, 1, 1, 0, 0, 1, 0, 0, 1, 0, 1, 1 ], 
          [ 1, 1, 0, 1, 1, 1, 1, 0, 0, 1, 0, 0, 0, 0, 1, 0 ], [ 1, 1, 1, 1, 0, 0, 0, 1, 1, 1, 0, 0, 0, 0, 0, 0 ], 
          [ 1, 1, 1, 1, 0, 0, 0, 1, 1, 1, 1, 1, 1, 0, 0, 0 ], [ 1, 1, 1, 1, 0, 0, 0, 0, 1, 1, 0, 1, 1, 1, 0, 0 ], 
          [ 1, 1, 1, 1, 1, 0, 0, 0, 1, 1, 0, 0, 1, 1, 1, 0 ], [ 1, 1, 1, 1, 1, 1, 0, 0, 0, 1, 0, 0, 1, 1, 1, 1 ], 
          [ 1, 0, 1, 1, 1, 1, 0, 0, 0, 1, 0, 0, 0, 1, 1, 0 ], [ 1, 0, 0, 1, 1, 1, 0, 0, 0, 0, 0, 0, 0, 1, 0, 0 ], 
          [ 1, 1, 0, 1, 1, 1, 0, 0, 0, 0, 0, 0, 1, 1, 0, 1 ], [ 1, 0, 1, 1, 1, 0, 0, 0, 1, 1, 0, 0, 0, 1, 1, 1 ], 
          [ 1, 0, 0, 1, 1, 0, 0, 0, 1, 0, 0, 0, 0, 1, 0, 1 ], [ 1, 1, 0, 1, 1, 0, 0, 0, 1, 0, 0, 0, 1, 1, 0, 0 ], 
          [ 1, 1, 1, 1, 0, 1, 0, 0, 0, 1, 0, 1, 1, 1, 0, 1 ], [ 1, 0, 1, 1, 0, 1, 0, 0, 0, 1, 0, 1, 0, 1, 0, 0 ], 
          [ 1, 0, 0, 1, 0, 1, 0, 0, 0, 0, 0, 1, 0, 1, 1, 0 ], [ 1, 1, 0, 1, 0, 1, 0, 0, 0, 0, 0, 1, 1, 1, 1, 1 ], 
          [ 1, 0, 1, 1, 0, 0, 0, 0, 1, 1, 0, 1, 0, 1, 0, 1 ], [ 1, 0, 0, 1, 0, 0, 0, 0, 1, 0, 0, 1, 0, 1, 1, 1 ], 
          [ 1, 1, 0, 1, 0, 0, 0, 0, 1, 0, 0, 1, 1, 1, 1, 0 ], [ 1, 1, 1, 1, 1, 0, 0, 1, 1, 1, 1, 0, 1, 0, 1, 0 ], 
          [ 1, 1, 1, 1, 1, 1, 0, 1, 0, 1, 1, 0, 1, 0, 1, 1 ], [ 1, 0, 1, 1, 1, 1, 0, 1, 0, 1, 1, 0, 0, 0, 1, 0 ], 
          [ 1, 0, 0, 1, 1, 1, 0, 1, 0, 0, 1, 0, 0, 0, 0, 0 ], [ 1, 1, 0, 1, 1, 1, 0, 1, 0, 0, 1, 0, 1, 0, 0, 1 ], 
          [ 1, 0, 1, 1, 1, 0, 0, 1, 1, 1, 1, 0, 0, 0, 1, 1 ], [ 1, 0, 0, 1, 1, 0, 0, 1, 1, 0, 1, 0, 0, 0, 0, 1 ], 
          [ 1, 1, 0, 1, 1, 0, 0, 1, 1, 0, 1, 0, 1, 0, 0, 0 ], [ 1, 1, 1, 1, 0, 1, 0, 1, 0, 1, 1, 1, 1, 0, 0, 1 ], 
          [ 1, 0, 1, 1, 0, 1, 0, 1, 0, 1, 1, 1, 0, 0, 0, 0 ], [ 1, 0, 0, 1, 0, 1, 0, 1, 0, 0, 1, 1, 0, 0, 1, 0 ], 
          [ 1, 1, 0, 1, 0, 1, 0, 1, 0, 0, 1, 1, 1, 0, 1, 1 ], [ 1, 0, 1, 1, 0, 0, 0, 1, 1, 1, 1, 1, 0, 0, 0, 1 ], 
          [ 1, 0, 0, 1, 0, 0, 0, 1, 1, 0, 1, 1, 0, 0, 1, 1 ], [ 1, 1, 0, 1, 0, 0, 0, 1, 1, 0, 1, 1, 1, 0, 1, 0 ], 
          [ 1, 1, 1, 1, 0, 0, 0, 0, 1, 1, 1, 0, 0, 1, 0, 0 ], [ 1, 1, 1, 1, 1, 0, 0, 0, 1, 1, 1, 1, 0, 1, 1, 0 ], 
          [ 1, 1, 1, 1, 1, 1, 0, 0, 0, 1, 1, 1, 0, 1, 1, 1 ], [ 1, 0, 1, 1, 1, 1, 0, 0, 0, 1, 1, 1, 1, 1, 1, 0 ], 
          [ 1, 0, 0, 1, 1, 1, 0, 0, 0, 0, 1, 1, 1, 1, 0, 0 ], [ 1, 1, 0, 1, 1, 1, 0, 0, 0, 0, 1, 1, 0, 1, 0, 1 ], 
          [ 1, 0, 1, 1, 1, 0, 0, 0, 1, 1, 1, 1, 1, 1, 1, 1 ], [ 1, 0, 0, 1, 1, 0, 0, 0, 1, 0, 1, 1, 1, 1, 0, 1 ], 
          [ 1, 1, 0, 1, 1, 0, 0, 0, 1, 0, 1, 1, 0, 1, 0, 0 ], [ 1, 1, 1, 1, 0, 1, 0, 0, 0, 1, 1, 0, 0, 1, 0, 1 ], 
          [ 1, 0, 1, 1, 0, 1, 0, 0, 0, 1, 1, 0, 1, 1, 0, 0 ], [ 1, 0, 0, 1, 0, 1, 0, 0, 0, 0, 1, 0, 1, 1, 1, 0 ], 
          [ 1, 1, 0, 1, 0, 1, 0, 0, 0, 0, 1, 0, 0, 1, 1, 1 ], [ 1, 0, 1, 1, 0, 0, 0, 0, 1, 1, 1, 0, 1, 1, 0, 1 ], 
          [ 1, 0, 0, 1, 0, 0, 0, 0, 1, 0, 1, 0, 1, 1, 1, 1 ], [ 1, 1, 0, 1, 0, 0, 0, 0, 1, 0, 1, 0, 0, 1, 1, 0 ], 
          [ 1, 1, 1, 1, 1, 0, 0, 1, 1, 1, 0, 1, 0, 0, 1, 0 ], [ 1, 1, 1, 1, 1, 1, 0, 1, 0, 1, 0, 1, 0, 0, 1, 1 ], 
          [ 1, 0, 1, 1, 1, 1, 0, 1, 0, 1, 0, 1, 1, 0, 1, 0 ], [ 1, 0, 0, 1, 1, 1, 0, 1, 0, 0, 0, 1, 1, 0, 0, 0 ], 
          [ 1, 1, 0, 1, 1, 1, 0, 1, 0, 0, 0, 1, 0, 0, 0, 1 ], [ 1, 0, 1, 1, 1, 0, 0, 1, 1, 1, 0, 1, 1, 0, 1, 1 ], 
          [ 1, 0, 0, 1, 1, 0, 0, 1, 1, 0, 0, 1, 1, 0, 0, 1 ], [ 1, 1, 0, 1, 1, 0, 0, 1, 1, 0, 0, 1, 0, 0, 0, 0 ], 
          [ 1, 1, 1, 1, 0, 1, 0, 1, 0, 1, 0, 0, 0, 0, 0, 1 ], [ 1, 0, 1, 1, 0, 1, 0, 1, 0, 1, 0, 0, 1, 0, 0, 0 ], 
          [ 1, 0, 0, 1, 0, 1, 0, 1, 0, 0, 0, 0, 1, 0, 1, 0 ], [ 1, 1, 0, 1, 0, 1, 0, 1, 0, 0, 0, 0, 0, 0, 1, 1 ], 
          [ 1, 0, 1, 1, 0, 0, 0, 1, 1, 1, 0, 0, 1, 0, 0, 1 ], [ 1, 0, 0, 1, 0, 0, 0, 1, 1, 0, 0, 0, 1, 0, 1, 1 ], 
          [ 1, 1, 0, 1, 0, 0, 0, 1, 1, 0, 0, 0, 0, 0, 1, 0 ], [ 1, 1, 1, 1, 0, 0, 0, 0, 0, 0, 1, 1, 1, 0, 0, 0 ], 
          [ 1, 1, 1, 1, 0, 0, 0, 1, 0, 0, 0, 1, 1, 1, 0, 0 ], [ 1, 1, 1, 1, 1, 0, 0, 1, 0, 0, 0, 0, 1, 1, 1, 0 ], 
          [ 1, 1, 1, 1, 1, 1, 0, 1, 1, 0, 0, 0, 1, 1, 1, 1 ], [ 1, 0, 1, 1, 1, 1, 0, 1, 1, 0, 0, 0, 0, 1, 1, 0 ], 
          [ 1, 0, 0, 1, 1, 1, 0, 1, 1, 1, 0, 0, 0, 1, 0, 0 ], [ 1, 1, 0, 1, 1, 1, 0, 1, 1, 1, 0, 0, 1, 1, 0, 1 ], 
          [ 1, 0, 1, 1, 1, 0, 0, 1, 0, 0, 0, 0, 0, 1, 1, 1 ], [ 1, 0, 0, 1, 1, 0, 0, 1, 0, 1, 0, 0, 0, 1, 0, 1 ], 
          [ 1, 1, 0, 1, 1, 0, 0, 1, 0, 1, 0, 0, 1, 1, 0, 0 ], [ 1, 1, 1, 1, 0, 1, 0, 1, 1, 0, 0, 1, 1, 1, 0, 1 ], 
          [ 1, 0, 1, 1, 0, 1, 0, 1, 1, 0, 0, 1, 0, 1, 0, 0 ], [ 1, 0, 0, 1, 0, 1, 0, 1, 1, 1, 0, 1, 0, 1, 1, 0 ], 
          [ 1, 1, 0, 1, 0, 1, 0, 1, 1, 1, 0, 1, 1, 1, 1, 1 ], [ 1, 0, 1, 1, 0, 0, 0, 1, 0, 0, 0, 1, 0, 1, 0, 1 ], 
          [ 1, 0, 0, 1, 0, 0, 0, 1, 0, 1, 0, 1, 0, 1, 1, 1 ], [ 1, 1, 0, 1, 0, 0, 0, 1, 0, 1, 0, 1, 1, 1, 1, 0 ], 
          [ 1, 1, 1, 1, 1, 0, 0, 0, 0, 0, 1, 0, 1, 0, 1, 0 ], [ 1, 1, 1, 1, 1, 1, 0, 0, 1, 0, 1, 0, 1, 0, 1, 1 ], 
          [ 1, 0, 1, 1, 1, 1, 0, 0, 1, 0, 1, 0, 0, 0, 1, 0 ], [ 1, 0, 0, 1, 1, 1, 0, 0, 1, 1, 1, 0, 0, 0, 0, 0 ], 
          [ 1, 1, 0, 1, 1, 1, 0, 0, 1, 1, 1, 0, 1, 0, 0, 1 ], [ 1, 0, 1, 1, 1, 0, 0, 0, 0, 0, 1, 0, 0, 0, 1, 1 ], 
          [ 1, 0, 0, 1, 1, 0, 0, 0, 0, 1, 1, 0, 0, 0, 0, 1 ], [ 1, 1, 0, 1, 1, 0, 0, 0, 0, 1, 1, 0, 1, 0, 0, 0 ], 
          [ 1, 1, 1, 1, 0, 1, 0, 0, 1, 0, 1, 1, 1, 0, 0, 1 ], [ 1, 0, 1, 1, 0, 1, 0, 0, 1, 0, 1, 1, 0, 0, 0, 0 ], 
          [ 1, 0, 0, 1, 0, 1, 0, 0, 1, 1, 1, 1, 0, 0, 1, 0 ], [ 1, 1, 0, 1, 0, 1, 0, 0, 1, 1, 1, 1, 1, 0, 1, 1 ], 
          [ 1, 0, 1, 1, 0, 0, 0, 0, 0, 0, 1, 1, 0, 0, 0, 1 ], [ 1, 0, 0, 1, 0, 0, 0, 0, 0, 1, 1, 1, 0, 0, 1, 1 ], 
          [ 1, 1, 0, 1, 0, 0, 0, 0, 0, 1, 1, 1, 1, 0, 1, 0 ], [ 1, 1, 1, 1, 0, 0, 0, 1, 0, 0, 1, 0, 0, 1, 0, 0 ], 
          [ 1, 1, 1, 1, 1, 0, 0, 1, 0, 0, 1, 1, 0, 1, 1, 0 ], [ 1, 1, 1, 1, 1, 1, 0, 1, 1, 0, 1, 1, 0, 1, 1, 1 ], 
          [ 1, 0, 1, 1, 1, 1, 0, 1, 1, 0, 1, 1, 1, 1, 1, 0 ], [ 1, 0, 0, 1, 1, 1, 0, 1, 1, 1, 1, 1, 1, 1, 0, 0 ], 
          [ 1, 1, 0, 1, 1, 1, 0, 1, 1, 1, 1, 1, 0, 1, 0, 1 ], [ 1, 0, 1, 1, 1, 0, 0, 1, 0, 0, 1, 1, 1, 1, 1, 1 ], 
          [ 1, 0, 0, 1, 1, 0, 0, 1, 0, 1, 1, 1, 1, 1, 0, 1 ], [ 1, 1, 0, 1, 1, 0, 0, 1, 0, 1, 1, 1, 0, 1, 0, 0 ], 
          [ 1, 1, 1, 1, 0, 1, 0, 1, 1, 0, 1, 0, 0, 1, 0, 1 ], [ 1, 0, 1, 1, 0, 1, 0, 1, 1, 0, 1, 0, 1, 1, 0, 0 ], 
          [ 1, 0, 0, 1, 0, 1, 0, 1, 1, 1, 1, 0, 1, 1, 1, 0 ], [ 1, 1, 0, 1, 0, 1, 0, 1, 1, 1, 1, 0, 0, 1, 1, 1 ], 
          [ 1, 0, 1, 1, 0, 0, 0, 1, 0, 0, 1, 0, 1, 1, 0, 1 ], [ 1, 0, 0, 1, 0, 0, 0, 1, 0, 1, 1, 0, 1, 1, 1, 1 ], 
          [ 1, 1, 0, 1, 0, 0, 0, 1, 0, 1, 1, 0, 0, 1, 1, 0 ], [ 1, 1, 1, 1, 1, 0, 0, 0, 0, 0, 0, 1, 0, 0, 1, 0 ], 
          [ 1, 1, 1, 1, 1, 1, 0, 0, 1, 0, 0, 1, 0, 0, 1, 1 ], [ 1, 0, 1, 1, 1, 1, 0, 0, 1, 0, 0, 1, 1, 0, 1, 0 ], 
          [ 1, 0, 0, 1, 1, 1, 0, 0, 1, 1, 0, 1, 1, 0, 0, 0 ], [ 1, 1, 0, 1, 1, 1, 0, 0, 1, 1, 0, 1, 0, 0, 0, 1 ], 
          [ 1, 0, 1, 1, 1, 0, 0, 0, 0, 0, 0, 1, 1, 0, 1, 1 ], [ 1, 0, 0, 1, 1, 0, 0, 0, 0, 1, 0, 1, 1, 0, 0, 1 ], 
          [ 1, 1, 0, 1, 1, 0, 0, 0, 0, 1, 0, 1, 0, 0, 0, 0 ], [ 1, 1, 1, 1, 0, 1, 0, 0, 1, 0, 0, 0, 0, 0, 0, 1 ], 
          [ 1, 0, 1, 1, 0, 1, 0, 0, 1, 0, 0, 0, 1, 0, 0, 0 ], [ 1, 0, 0, 1, 0, 1, 0, 0, 1, 1, 0, 0, 1, 0, 1, 0 ], 
          [ 1, 1, 0, 1, 0, 1, 0, 0, 1, 1, 0, 0, 0, 0, 1, 1 ], [ 1, 0, 1, 1, 0, 0, 0, 0, 0, 0, 0, 0, 1, 0, 0, 1 ], 
          [ 1, 0, 0, 1, 0, 0, 0, 0, 0, 1, 0, 0, 1, 0, 1, 1 ], [ 1, 1, 0, 1, 0, 0, 0, 0, 0, 1, 0, 0, 0, 0, 1, 0 ], 
          [ 1, 0, 0, 0, 1, 1, 1, 0, 0, 0, 0, 0, 0, 0, 0, 0 ], [ 1, 0, 0, 0, 1, 1, 1, 1, 1, 1, 0, 0, 0, 0, 0, 0 ], 
          [ 1, 0, 0, 0, 1, 1, 1, 1, 1, 1, 1, 1, 1, 0, 0, 0 ], [ 1, 0, 0, 0, 1, 1, 1, 0, 1, 1, 0, 1, 1, 1, 0, 0 ], 
          [ 1, 0, 0, 0, 0, 1, 1, 0, 1, 1, 0, 0, 1, 1, 1, 0 ], [ 1, 0, 0, 0, 0, 0, 1, 0, 0, 1, 0, 0, 1, 1, 1, 1 ], 
          [ 1, 1, 0, 0, 0, 0, 1, 0, 0, 1, 0, 0, 0, 1, 1, 0 ], [ 1, 1, 1, 0, 0, 0, 1, 0, 0, 0, 0, 0, 0, 1, 0, 0 ], 
          [ 1, 0, 1, 0, 0, 0, 1, 0, 0, 0, 0, 0, 1, 1, 0, 1 ], [ 1, 1, 0, 0, 0, 1, 1, 0, 1, 1, 0, 0, 0, 1, 1, 1 ], 
          [ 1, 1, 1, 0, 0, 1, 1, 0, 1, 0, 0, 0, 0, 1, 0, 1 ], [ 1, 0, 1, 0, 0, 1, 1, 0, 1, 0, 0, 0, 1, 1, 0, 0 ], 
          [ 1, 0, 0, 0, 1, 0, 1, 0, 0, 1, 0, 1, 1, 1, 0, 1 ], [ 1, 1, 0, 0, 1, 0, 1, 0, 0, 1, 0, 1, 0, 1, 0, 0 ], 
          [ 1, 1, 1, 0, 1, 0, 1, 0, 0, 0, 0, 1, 0, 1, 1, 0 ], [ 1, 0, 1, 0, 1, 0, 1, 0, 0, 0, 0, 1, 1, 1, 1, 1 ], 
          [ 1, 1, 0, 0, 1, 1, 1, 0, 1, 1, 0, 1, 0, 1, 0, 1 ], [ 1, 1, 1, 0, 1, 1, 1, 0, 1, 0, 0, 1, 0, 1, 1, 1 ], 
          [ 1, 0, 1, 0, 1, 1, 1, 0, 1, 0, 0, 1, 1, 1, 1, 0 ], [ 1, 0, 0, 0, 0, 1, 1, 1, 1, 1, 1, 0, 1, 0, 1, 0 ], 
          [ 1, 0, 0, 0, 0, 0, 1, 1, 0, 1, 1, 0, 1, 0, 1, 1 ], [ 1, 1, 0, 0, 0, 0, 1, 1, 0, 1, 1, 0, 0, 0, 1, 0 ], 
          [ 1, 1, 1, 0, 0, 0, 1, 1, 0, 0, 1, 0, 0, 0, 0, 0 ], [ 1, 0, 1, 0, 0, 0, 1, 1, 0, 0, 1, 0, 1, 0, 0, 1 ], 
          [ 1, 1, 0, 0, 0, 1, 1, 1, 1, 1, 1, 0, 0, 0, 1, 1 ], [ 1, 1, 1, 0, 0, 1, 1, 1, 1, 0, 1, 0, 0, 0, 0, 1 ], 
          [ 1, 0, 1, 0, 0, 1, 1, 1, 1, 0, 1, 0, 1, 0, 0, 0 ], [ 1, 0, 0, 0, 1, 0, 1, 1, 0, 1, 1, 1, 1, 0, 0, 1 ], 
          [ 1, 1, 0, 0, 1, 0, 1, 1, 0, 1, 1, 1, 0, 0, 0, 0 ], [ 1, 1, 1, 0, 1, 0, 1, 1, 0, 0, 1, 1, 0, 0, 1, 0 ], 
          [ 1, 0, 1, 0, 1, 0, 1, 1, 0, 0, 1, 1, 1, 0, 1, 1 ], [ 1, 1, 0, 0, 1, 1, 1, 1, 1, 1, 1, 1, 0, 0, 0, 1 ], 
          [ 1, 1, 1, 0, 1, 1, 1, 1, 1, 0, 1, 1, 0, 0, 1, 1 ], [ 1, 0, 1, 0, 1, 1, 1, 1, 1, 0, 1, 1, 1, 0, 1, 0 ], 
          [ 1, 0, 0, 0, 1, 1, 1, 0, 1, 1, 1, 0, 0, 1, 0, 0 ], [ 1, 0, 0, 0, 0, 1, 1, 0, 1, 1, 1, 1, 0, 1, 1, 0 ], 
          [ 1, 0, 0, 0, 0, 0, 1, 0, 0, 1, 1, 1, 0, 1, 1, 1 ], [ 1, 1, 0, 0, 0, 0, 1, 0, 0, 1, 1, 1, 1, 1, 1, 0 ], 
          [ 1, 1, 1, 0, 0, 0, 1, 0, 0, 0, 1, 1, 1, 1, 0, 0 ], [ 1, 0, 1, 0, 0, 0, 1, 0, 0, 0, 1, 1, 0, 1, 0, 1 ], 
          [ 1, 1, 0, 0, 0, 1, 1, 0, 1, 1, 1, 1, 1, 1, 1, 1 ], [ 1, 1, 1, 0, 0, 1, 1, 0, 1, 0, 1, 1, 1, 1, 0, 1 ], 
          [ 1, 0, 1, 0, 0, 1, 1, 0, 1, 0, 1, 1, 0, 1, 0, 0 ], [ 1, 0, 0, 0, 1, 0, 1, 0, 0, 1, 1, 0, 0, 1, 0, 1 ], 
          [ 1, 1, 0, 0, 1, 0, 1, 0, 0, 1, 1, 0, 1, 1, 0, 0 ], [ 1, 1, 1, 0, 1, 0, 1, 0, 0, 0, 1, 0, 1, 1, 1, 0 ], 
          [ 1, 0, 1, 0, 1, 0, 1, 0, 0, 0, 1, 0, 0, 1, 1, 1 ], [ 1, 1, 0, 0, 1, 1, 1, 0, 1, 1, 1, 0, 1, 1, 0, 1 ], 
          [ 1, 1, 1, 0, 1, 1, 1, 0, 1, 0, 1, 0, 1, 1, 1, 1 ], [ 1, 0, 1, 0, 1, 1, 1, 0, 1, 0, 1, 0, 0, 1, 1, 0 ], 
          [ 1, 0, 0, 0, 0, 1, 1, 1, 1, 1, 0, 1, 0, 0, 1, 0 ], [ 1, 0, 0, 0, 0, 0, 1, 1, 0, 1, 0, 1, 0, 0, 1, 1 ], 
          [ 1, 1, 0, 0, 0, 0, 1, 1, 0, 1, 0, 1, 1, 0, 1, 0 ], [ 1, 1, 1, 0, 0, 0, 1, 1, 0, 0, 0, 1, 1, 0, 0, 0 ], 
          [ 1, 0, 1, 0, 0, 0, 1, 1, 0, 0, 0, 1, 0, 0, 0, 1 ], [ 1, 1, 0, 0, 0, 1, 1, 1, 1, 1, 0, 1, 1, 0, 1, 1 ], 
          [ 1, 1, 1, 0, 0, 1, 1, 1, 1, 0, 0, 1, 1, 0, 0, 1 ], [ 1, 0, 1, 0, 0, 1, 1, 1, 1, 0, 0, 1, 0, 0, 0, 0 ], 
          [ 1, 0, 0, 0, 1, 0, 1, 1, 0, 1, 0, 0, 0, 0, 0, 1 ], [ 1, 1, 0, 0, 1, 0, 1, 1, 0, 1, 0, 0, 1, 0, 0, 0 ], 
          [ 1, 1, 1, 0, 1, 0, 1, 1, 0, 0, 0, 0, 1, 0, 1, 0 ], [ 1, 0, 1, 0, 1, 0, 1, 1, 0, 0, 0, 0, 0, 0, 1, 1 ], 
          [ 1, 1, 0, 0, 1, 1, 1, 1, 1, 1, 0, 0, 1, 0, 0, 1 ], [ 1, 1, 1, 0, 1, 1, 1, 1, 1, 0, 0, 0, 1, 0, 1, 1 ], 
          [ 1, 0, 1, 0, 1, 1, 1, 1, 1, 0, 0, 0, 0, 0, 1, 0 ], [ 1, 0, 0, 0, 1, 1, 1, 0, 0, 0, 1, 1, 1, 0, 0, 0 ], 
          [ 1, 0, 0, 0, 1, 1, 1, 1, 0, 0, 0, 1, 1, 1, 0, 0 ], [ 1, 0, 0, 0, 0, 1, 1, 1, 0, 0, 0, 0, 1, 1, 1, 0 ], 
          [ 1, 0, 0, 0, 0, 0, 1, 1, 1, 0, 0, 0, 1, 1, 1, 1 ], [ 1, 1, 0, 0, 0, 0, 1, 1, 1, 0, 0, 0, 0, 1, 1, 0 ], 
          [ 1, 1, 1, 0, 0, 0, 1, 1, 1, 1, 0, 0, 0, 1, 0, 0 ], [ 1, 0, 1, 0, 0, 0, 1, 1, 1, 1, 0, 0, 1, 1, 0, 1 ], 
          [ 1, 1, 0, 0, 0, 1, 1, 1, 0, 0, 0, 0, 0, 1, 1, 1 ], [ 1, 1, 1, 0, 0, 1, 1, 1, 0, 1, 0, 0, 0, 1, 0, 1 ], 
          [ 1, 0, 1, 0, 0, 1, 1, 1, 0, 1, 0, 0, 1, 1, 0, 0 ], [ 1, 0, 0, 0, 1, 0, 1, 1, 1, 0, 0, 1, 1, 1, 0, 1 ], 
          [ 1, 1, 0, 0, 1, 0, 1, 1, 1, 0, 0, 1, 0, 1, 0, 0 ], [ 1, 1, 1, 0, 1, 0, 1, 1, 1, 1, 0, 1, 0, 1, 1, 0 ], 
          [ 1, 0, 1, 0, 1, 0, 1, 1, 1, 1, 0, 1, 1, 1, 1, 1 ], [ 1, 1, 0, 0, 1, 1, 1, 1, 0, 0, 0, 1, 0, 1, 0, 1 ], 
          [ 1, 1, 1, 0, 1, 1, 1, 1, 0, 1, 0, 1, 0, 1, 1, 1 ], [ 1, 0, 1, 0, 1, 1, 1, 1, 0, 1, 0, 1, 1, 1, 1, 0 ], 
          [ 1, 0, 0, 0, 0, 1, 1, 0, 0, 0, 1, 0, 1, 0, 1, 0 ], [ 1, 0, 0, 0, 0, 0, 1, 0, 1, 0, 1, 0, 1, 0, 1, 1 ], 
          [ 1, 1, 0, 0, 0, 0, 1, 0, 1, 0, 1, 0, 0, 0, 1, 0 ], [ 1, 1, 1, 0, 0, 0, 1, 0, 1, 1, 1, 0, 0, 0, 0, 0 ], 
          [ 1, 0, 1, 0, 0, 0, 1, 0, 1, 1, 1, 0, 1, 0, 0, 1 ], [ 1, 1, 0, 0, 0, 1, 1, 0, 0, 0, 1, 0, 0, 0, 1, 1 ], 
          [ 1, 1, 1, 0, 0, 1, 1, 0, 0, 1, 1, 0, 0, 0, 0, 1 ], [ 1, 0, 1, 0, 0, 1, 1, 0, 0, 1, 1, 0, 1, 0, 0, 0 ], 
          [ 1, 0, 0, 0, 1, 0, 1, 0, 1, 0, 1, 1, 1, 0, 0, 1 ], [ 1, 1, 0, 0, 1, 0, 1, 0, 1, 0, 1, 1, 0, 0, 0, 0 ], 
          [ 1, 1, 1, 0, 1, 0, 1, 0, 1, 1, 1, 1, 0, 0, 1, 0 ], [ 1, 0, 1, 0, 1, 0, 1, 0, 1, 1, 1, 1, 1, 0, 1, 1 ], 
          [ 1, 1, 0, 0, 1, 1, 1, 0, 0, 0, 1, 1, 0, 0, 0, 1 ], [ 1, 1, 1, 0, 1, 1, 1, 0, 0, 1, 1, 1, 0, 0, 1, 1 ], 
          [ 1, 0, 1, 0, 1, 1, 1, 0, 0, 1, 1, 1, 1, 0, 1, 0 ], [ 1, 0, 0, 0, 1, 1, 1, 1, 0, 0, 1, 0, 0, 1, 0, 0 ], 
          [ 1, 0, 0, 0, 0, 1, 1, 1, 0, 0, 1, 1, 0, 1, 1, 0 ], [ 1, 0, 0, 0, 0, 0, 1, 1, 1, 0, 1, 1, 0, 1, 1, 1 ], 
          [ 1, 1, 0, 0, 0, 0, 1, 1, 1, 0, 1, 1, 1, 1, 1, 0 ], [ 1, 1, 1, 0, 0, 0, 1, 1, 1, 1, 1, 1, 1, 1, 0, 0 ], 
          [ 1, 0, 1, 0, 0, 0, 1, 1, 1, 1, 1, 1, 0, 1, 0, 1 ], [ 1, 1, 0, 0, 0, 1, 1, 1, 0, 0, 1, 1, 1, 1, 1, 1 ], 
          [ 1, 1, 1, 0, 0, 1, 1, 1, 0, 1, 1, 1, 1, 1, 0, 1 ], [ 1, 0, 1, 0, 0, 1, 1, 1, 0, 1, 1, 1, 0, 1, 0, 0 ], 
          [ 1, 0, 0, 0, 1, 0, 1, 1, 1, 0, 1, 0, 0, 1, 0, 1 ], [ 1, 1, 0, 0, 1, 0, 1, 1, 1, 0, 1, 0, 1, 1, 0, 0 ], 
          [ 1, 1, 1, 0, 1, 0, 1, 1, 1, 1, 1, 0, 1, 1, 1, 0 ], [ 1, 0, 1, 0, 1, 0, 1, 1, 1, 1, 1, 0, 0, 1, 1, 1 ], 
          [ 1, 1, 0, 0, 1, 1, 1, 1, 0, 0, 1, 0, 1, 1, 0, 1 ], [ 1, 1, 1, 0, 1, 1, 1, 1, 0, 1, 1, 0, 1, 1, 1, 1 ], 
          [ 1, 0, 1, 0, 1, 1, 1, 1, 0, 1, 1, 0, 0, 1, 1, 0 ], [ 1, 0, 0, 0, 0, 1, 1, 0, 0, 0, 0, 1, 0, 0, 1, 0 ], 
          [ 1, 0, 0, 0, 0, 0, 1, 0, 1, 0, 0, 1, 0, 0, 1, 1 ], [ 1, 1, 0, 0, 0, 0, 1, 0, 1, 0, 0, 1, 1, 0, 1, 0 ], 
          [ 1, 1, 1, 0, 0, 0, 1, 0, 1, 1, 0, 1, 1, 0, 0, 0 ], [ 1, 0, 1, 0, 0, 0, 1, 0, 1, 1, 0, 1, 0, 0, 0, 1 ], 
          [ 1, 1, 0, 0, 0, 1, 1, 0, 0, 0, 0, 1, 1, 0, 1, 1 ], [ 1, 1, 1, 0, 0, 1, 1, 0, 0, 1, 0, 1, 1, 0, 0, 1 ], 
          [ 1, 0, 1, 0, 0, 1, 1, 0, 0, 1, 0, 1, 0, 0, 0, 0 ], [ 1, 0, 0, 0, 1, 0, 1, 0, 1, 0, 0, 0, 0, 0, 0, 1 ], 
          [ 1, 1, 0, 0, 1, 0, 1, 0, 1, 0, 0, 0, 1, 0, 0, 0 ], [ 1, 1, 1, 0, 1, 0, 1, 0, 1, 1, 0, 0, 1, 0, 1, 0 ], 
          [ 1, 0, 1, 0, 1, 0, 1, 0, 1, 1, 0, 0, 0, 0, 1, 1 ], [ 1, 1, 0, 0, 1, 1, 1, 0, 0, 0, 0, 0, 1, 0, 0, 1 ], 
          [ 1, 1, 1, 0, 1, 1, 1, 0, 0, 1, 0, 0, 1, 0, 1, 1 ], [ 1, 0, 1, 0, 1, 1, 1, 0, 0, 1, 0, 0, 0, 0, 1, 0 ], 
          [ 1, 0, 0, 0, 0, 0, 0, 1, 1, 1, 0, 0, 0, 0, 0, 0 ], [ 1, 0, 0, 0, 0, 0, 0, 1, 1, 1, 1, 1, 1, 0, 0, 0 ], 
          [ 1, 0, 0, 0, 0, 0, 0, 0, 1, 1, 0, 1, 1, 1, 0, 0 ], [ 1, 0, 0, 0, 1, 0, 0, 0, 1, 1, 0, 0, 1, 1, 1, 0 ], 
          [ 1, 0, 0, 0, 1, 1, 0, 0, 0, 1, 0, 0, 1, 1, 1, 1 ], [ 1, 1, 0, 0, 1, 1, 0, 0, 0, 1, 0, 0, 0, 1, 1, 0 ], 
          [ 1, 1, 1, 0, 1, 1, 0, 0, 0, 0, 0, 0, 0, 1, 0, 0 ], [ 1, 0, 1, 0, 1, 1, 0, 0, 0, 0, 0, 0, 1, 1, 0, 1 ], 
          [ 1, 1, 0, 0, 1, 0, 0, 0, 1, 1, 0, 0, 0, 1, 1, 1 ], [ 1, 1, 1, 0, 1, 0, 0, 0, 1, 0, 0, 0, 0, 1, 0, 1 ], 
          [ 1, 0, 1, 0, 1, 0, 0, 0, 1, 0, 0, 0, 1, 1, 0, 0 ], [ 1, 0, 0, 0, 0, 1, 0, 0, 0, 1, 0, 1, 1, 1, 0, 1 ], 
          [ 1, 1, 0, 0, 0, 1, 0, 0, 0, 1, 0, 1, 0, 1, 0, 0 ], [ 1, 1, 1, 0, 0, 1, 0, 0, 0, 0, 0, 1, 0, 1, 1, 0 ], 
          [ 1, 0, 1, 0, 0, 1, 0, 0, 0, 0, 0, 1, 1, 1, 1, 1 ], [ 1, 1, 0, 0, 0, 0, 0, 0, 1, 1, 0, 1, 0, 1, 0, 1 ], 
          [ 1, 1, 1, 0, 0, 0, 0, 0, 1, 0, 0, 1, 0, 1, 1, 1 ], [ 1, 0, 1, 0, 0, 0, 0, 0, 1, 0, 0, 1, 1, 1, 1, 0 ], 
          [ 1, 0, 0, 0, 1, 0, 0, 1, 1, 1, 1, 0, 1, 0, 1, 0 ], [ 1, 0, 0, 0, 1, 1, 0, 1, 0, 1, 1, 0, 1, 0, 1, 1 ], 
          [ 1, 1, 0, 0, 1, 1, 0, 1, 0, 1, 1, 0, 0, 0, 1, 0 ], [ 1, 1, 1, 0, 1, 1, 0, 1, 0, 0, 1, 0, 0, 0, 0, 0 ], 
          [ 1, 0, 1, 0, 1, 1, 0, 1, 0, 0, 1, 0, 1, 0, 0, 1 ], [ 1, 1, 0, 0, 1, 0, 0, 1, 1, 1, 1, 0, 0, 0, 1, 1 ], 
          [ 1, 1, 1, 0, 1, 0, 0, 1, 1, 0, 1, 0, 0, 0, 0, 1 ], [ 1, 0, 1, 0, 1, 0, 0, 1, 1, 0, 1, 0, 1, 0, 0, 0 ], 
          [ 1, 0, 0, 0, 0, 1, 0, 1, 0, 1, 1, 1, 1, 0, 0, 1 ], [ 1, 1, 0, 0, 0, 1, 0, 1, 0, 1, 1, 1, 0, 0, 0, 0 ], 
          [ 1, 1, 1, 0, 0, 1, 0, 1, 0, 0, 1, 1, 0, 0, 1, 0 ], [ 1, 0, 1, 0, 0, 1, 0, 1, 0, 0, 1, 1, 1, 0, 1, 1 ], 
          [ 1, 1, 0, 0, 0, 0, 0, 1, 1, 1, 1, 1, 0, 0, 0, 1 ], [ 1, 1, 1, 0, 0, 0, 0, 1, 1, 0, 1, 1, 0, 0, 1, 1 ], 
          [ 1, 0, 1, 0, 0, 0, 0, 1, 1, 0, 1, 1, 1, 0, 1, 0 ], [ 1, 0, 0, 0, 0, 0, 0, 0, 1, 1, 1, 0, 0, 1, 0, 0 ], 
          [ 1, 0, 0, 0, 1, 0, 0, 0, 1, 1, 1, 1, 0, 1, 1, 0 ], [ 1, 0, 0, 0, 1, 1, 0, 0, 0, 1, 1, 1, 0, 1, 1, 1 ], 
          [ 1, 1, 0, 0, 1, 1, 0, 0, 0, 1, 1, 1, 1, 1, 1, 0 ], [ 1, 1, 1, 0, 1, 1, 0, 0, 0, 0, 1, 1, 1, 1, 0, 0 ], 
          [ 1, 0, 1, 0, 1, 1, 0, 0, 0, 0, 1, 1, 0, 1, 0, 1 ], [ 1, 1, 0, 0, 1, 0, 0, 0, 1, 1, 1, 1, 1, 1, 1, 1 ], 
          [ 1, 1, 1, 0, 1, 0, 0, 0, 1, 0, 1, 1, 1, 1, 0, 1 ], [ 1, 0, 1, 0, 1, 0, 0, 0, 1, 0, 1, 1, 0, 1, 0, 0 ], 
          [ 1, 0, 0, 0, 0, 1, 0, 0, 0, 1, 1, 0, 0, 1, 0, 1 ], [ 1, 1, 0, 0, 0, 1, 0, 0, 0, 1, 1, 0, 1, 1, 0, 0 ], 
          [ 1, 1, 1, 0, 0, 1, 0, 0, 0, 0, 1, 0, 1, 1, 1, 0 ], [ 1, 0, 1, 0, 0, 1, 0, 0, 0, 0, 1, 0, 0, 1, 1, 1 ], 
          [ 1, 1, 0, 0, 0, 0, 0, 0, 1, 1, 1, 0, 1, 1, 0, 1 ], [ 1, 1, 1, 0, 0, 0, 0, 0, 1, 0, 1, 0, 1, 1, 1, 1 ], 
          [ 1, 0, 1, 0, 0, 0, 0, 0, 1, 0, 1, 0, 0, 1, 1, 0 ], [ 1, 0, 0, 0, 1, 0, 0, 1, 1, 1, 0, 1, 0, 0, 1, 0 ], 
          [ 1, 0, 0, 0, 1, 1, 0, 1, 0, 1, 0, 1, 0, 0, 1, 1 ], [ 1, 1, 0, 0, 1, 1, 0, 1, 0, 1, 0, 1, 1, 0, 1, 0 ], 
          [ 1, 1, 1, 0, 1, 1, 0, 1, 0, 0, 0, 1, 1, 0, 0, 0 ], [ 1, 0, 1, 0, 1, 1, 0, 1, 0, 0, 0, 1, 0, 0, 0, 1 ], 
          [ 1, 1, 0, 0, 1, 0, 0, 1, 1, 1, 0, 1, 1, 0, 1, 1 ], [ 1, 1, 1, 0, 1, 0, 0, 1, 1, 0, 0, 1, 1, 0, 0, 1 ], 
          [ 1, 0, 1, 0, 1, 0, 0, 1, 1, 0, 0, 1, 0, 0, 0, 0 ], [ 1, 0, 0, 0, 0, 1, 0, 1, 0, 1, 0, 0, 0, 0, 0, 1 ], 
          [ 1, 1, 0, 0, 0, 1, 0, 1, 0, 1, 0, 0, 1, 0, 0, 0 ], [ 1, 1, 1, 0, 0, 1, 0, 1, 0, 0, 0, 0, 1, 0, 1, 0 ], 
          [ 1, 0, 1, 0, 0, 1, 0, 1, 0, 0, 0, 0, 0, 0, 1, 1 ], [ 1, 1, 0, 0, 0, 0, 0, 1, 1, 1, 0, 0, 1, 0, 0, 1 ], 
          [ 1, 1, 1, 0, 0, 0, 0, 1, 1, 0, 0, 0, 1, 0, 1, 1 ], [ 1, 0, 1, 0, 0, 0, 0, 1, 1, 0, 0, 0, 0, 0, 1, 0 ], 
          [ 1, 0, 0, 0, 0, 0, 0, 0, 0, 0, 1, 1, 1, 0, 0, 0 ], [ 1, 0, 0, 0, 0, 0, 0, 1, 0, 0, 0, 1, 1, 1, 0, 0 ], 
          [ 1, 0, 0, 0, 1, 0, 0, 1, 0, 0, 0, 0, 1, 1, 1, 0 ], [ 1, 0, 0, 0, 1, 1, 0, 1, 1, 0, 0, 0, 1, 1, 1, 1 ], 
          [ 1, 1, 0, 0, 1, 1, 0, 1, 1, 0, 0, 0, 0, 1, 1, 0 ], [ 1, 1, 1, 0, 1, 1, 0, 1, 1, 1, 0, 0, 0, 1, 0, 0 ], 
          [ 1, 0, 1, 0, 1, 1, 0, 1, 1, 1, 0, 0, 1, 1, 0, 1 ], [ 1, 1, 0, 0, 1, 0, 0, 1, 0, 0, 0, 0, 0, 1, 1, 1 ], 
          [ 1, 1, 1, 0, 1, 0, 0, 1, 0, 1, 0, 0, 0, 1, 0, 1 ], [ 1, 0, 1, 0, 1, 0, 0, 1, 0, 1, 0, 0, 1, 1, 0, 0 ], 
          [ 1, 0, 0, 0, 0, 1, 0, 1, 1, 0, 0, 1, 1, 1, 0, 1 ], [ 1, 1, 0, 0, 0, 1, 0, 1, 1, 0, 0, 1, 0, 1, 0, 0 ], 
          [ 1, 1, 1, 0, 0, 1, 0, 1, 1, 1, 0, 1, 0, 1, 1, 0 ], [ 1, 0, 1, 0, 0, 1, 0, 1, 1, 1, 0, 1, 1, 1, 1, 1 ], 
          [ 1, 1, 0, 0, 0, 0, 0, 1, 0, 0, 0, 1, 0, 1, 0, 1 ], [ 1, 1, 1, 0, 0, 0, 0, 1, 0, 1, 0, 1, 0, 1, 1, 1 ], 
          [ 1, 0, 1, 0, 0, 0, 0, 1, 0, 1, 0, 1, 1, 1, 1, 0 ], [ 1, 0, 0, 0, 1, 0, 0, 0, 0, 0, 1, 0, 1, 0, 1, 0 ], 
          [ 1, 0, 0, 0, 1, 1, 0, 0, 1, 0, 1, 0, 1, 0, 1, 1 ], [ 1, 1, 0, 0, 1, 1, 0, 0, 1, 0, 1, 0, 0, 0, 1, 0 ], 
          [ 1, 1, 1, 0, 1, 1, 0, 0, 1, 1, 1, 0, 0, 0, 0, 0 ], [ 1, 0, 1, 0, 1, 1, 0, 0, 1, 1, 1, 0, 1, 0, 0, 1 ], 
          [ 1, 1, 0, 0, 1, 0, 0, 0, 0, 0, 1, 0, 0, 0, 1, 1 ], [ 1, 1, 1, 0, 1, 0, 0, 0, 0, 1, 1, 0, 0, 0, 0, 1 ], 
          [ 1, 0, 1, 0, 1, 0, 0, 0, 0, 1, 1, 0, 1, 0, 0, 0 ], [ 1, 0, 0, 0, 0, 1, 0, 0, 1, 0, 1, 1, 1, 0, 0, 1 ], 
          [ 1, 1, 0, 0, 0, 1, 0, 0, 1, 0, 1, 1, 0, 0, 0, 0 ], [ 1, 1, 1, 0, 0, 1, 0, 0, 1, 1, 1, 1, 0, 0, 1, 0 ], 
          [ 1, 0, 1, 0, 0, 1, 0, 0, 1, 1, 1, 1, 1, 0, 1, 1 ], [ 1, 1, 0, 0, 0, 0, 0, 0, 0, 0, 1, 1, 0, 0, 0, 1 ], 
          [ 1, 1, 1, 0, 0, 0, 0, 0, 0, 1, 1, 1, 0, 0, 1, 1 ], [ 1, 0, 1, 0, 0, 0, 0, 0, 0, 1, 1, 1, 1, 0, 1, 0 ], 
          [ 1, 0, 0, 0, 0, 0, 0, 1, 0, 0, 1, 0, 0, 1, 0, 0 ], [ 1, 0, 0, 0, 1, 0, 0, 1, 0, 0, 1, 1, 0, 1, 1, 0 ], 
          [ 1, 0, 0, 0, 1, 1, 0, 1, 1, 0, 1, 1, 0, 1, 1, 1 ], [ 1, 1, 0, 0, 1, 1, 0, 1, 1, 0, 1, 1, 1, 1, 1, 0 ], 
          [ 1, 1, 1, 0, 1, 1, 0, 1, 1, 1, 1, 1, 1, 1, 0, 0 ], [ 1, 0, 1, 0, 1, 1, 0, 1, 1, 1, 1, 1, 0, 1, 0, 1 ], 
          [ 1, 1, 0, 0, 1, 0, 0, 1, 0, 0, 1, 1, 1, 1, 1, 1 ], [ 1, 1, 1, 0, 1, 0, 0, 1, 0, 1, 1, 1, 1, 1, 0, 1 ], 
          [ 1, 0, 1, 0, 1, 0, 0, 1, 0, 1, 1, 1, 0, 1, 0, 0 ], [ 1, 0, 0, 0, 0, 1, 0, 1, 1, 0, 1, 0, 0, 1, 0, 1 ], 
          [ 1, 1, 0, 0, 0, 1, 0, 1, 1, 0, 1, 0, 1, 1, 0, 0 ], [ 1, 1, 1, 0, 0, 1, 0, 1, 1, 1, 1, 0, 1, 1, 1, 0 ], 
          [ 1, 0, 1, 0, 0, 1, 0, 1, 1, 1, 1, 0, 0, 1, 1, 1 ], [ 1, 1, 0, 0, 0, 0, 0, 1, 0, 0, 1, 0, 1, 1, 0, 1 ], 
          [ 1, 1, 1, 0, 0, 0, 0, 1, 0, 1, 1, 0, 1, 1, 1, 1 ], [ 1, 0, 1, 0, 0, 0, 0, 1, 0, 1, 1, 0, 0, 1, 1, 0 ], 
          [ 1, 0, 0, 0, 1, 0, 0, 0, 0, 0, 0, 1, 0, 0, 1, 0 ], [ 1, 0, 0, 0, 1, 1, 0, 0, 1, 0, 0, 1, 0, 0, 1, 1 ], 
          [ 1, 1, 0, 0, 1, 1, 0, 0, 1, 0, 0, 1, 1, 0, 1, 0 ], [ 1, 1, 1, 0, 1, 1, 0, 0, 1, 1, 0, 1, 1, 0, 0, 0 ], 
          [ 1, 0, 1, 0, 1, 1, 0, 0, 1, 1, 0, 1, 0, 0, 0, 1 ], [ 1, 1, 0, 0, 1, 0, 0, 0, 0, 0, 0, 1, 1, 0, 1, 1 ], 
          [ 1, 1, 1, 0, 1, 0, 0, 0, 0, 1, 0, 1, 1, 0, 0, 1 ], [ 1, 0, 1, 0, 1, 0, 0, 0, 0, 1, 0, 1, 0, 0, 0, 0 ], 
          [ 1, 0, 0, 0, 0, 1, 0, 0, 1, 0, 0, 0, 0, 0, 0, 1 ], [ 1, 1, 0, 0, 0, 1, 0, 0, 1, 0, 0, 0, 1, 0, 0, 0 ], 
          [ 1, 1, 1, 0, 0, 1, 0, 0, 1, 1, 0, 0, 1, 0, 1, 0 ], [ 1, 0, 1, 0, 0, 1, 0, 0, 1, 1, 0, 0, 0, 0, 1, 1 ], 
          [ 1, 1, 0, 0, 0, 0, 0, 0, 0, 0, 0, 0, 1, 0, 0, 1 ], [ 1, 1, 1, 0, 0, 0, 0, 0, 0, 1, 0, 0, 1, 0, 1, 1 ], 
          [ 1, 0, 1, 0, 0, 0, 0, 0, 0, 1, 0, 0, 0, 0, 1, 0 ] ] ) );
