return rec(
  EXT := [ [ 1, 0, 0, 0, 0, 0 ], [ 1, 1, 1, 1, 1, 1 ], [ 1, 0, 1, 1, 1, 1 ], [ 1, 0, 0, 1, 1, 1 ], [ 1, 0, 0, 0, 1, 1 ], 
      [ 1, 0, 0, 0, 0, 1 ], [ 1, 0, 0, 1, 0, 1 ], [ 1, 0, 1, 0, 1, 1 ], [ 1, 0, 1, 0, 0, 1 ], [ 1, 0, 1, 1, 0, 1 ], 
      [ 1, 1, 0, 1, 1, 1 ], [ 1, 1, 0, 0, 1, 1 ], [ 1, 1, 0, 0, 0, 1 ], [ 1, 1, 0, 1, 0, 1 ], [ 1, 1, 1, 0, 1, 1 ], 
      [ 1, 1, 1, 0, 0, 1 ], [ 1, 1, 1, 1, 0, 1 ], [ 1, 1, 0, 0, 0, 0 ], [ 1, 1, 1, 0, 0, 0 ], [ 1, 1, 1, 1, 0, 0 ], 
      [ 1, 1, 1, 1, 1, 0 ], [ 1, 1, 1, 0, 1, 0 ], [ 1, 1, 0, 1, 0, 0 ], [ 1, 1, 0, 1, 1, 0 ], [ 1, 1, 0, 0, 1, 0 ], 
      [ 1, 0, 1, 0, 0, 0 ], [ 1, 0, 1, 1, 0, 0 ], [ 1, 0, 1, 1, 1, 0 ], [ 1, 0, 1, 0, 1, 0 ], [ 1, 0, 0, 1, 0, 0 ], 
      [ 1, 0, 0, 1, 1, 0 ], [ 1, 0, 0, 0, 1, 0 ] ],
  GRP := Group( [ ( 6,32)( 7,31)( 9,29)(10,28)(13,25)(14,24)(16,22)(17,21), ( 5, 7)( 8,10)(12,14)(15,17)(20,22)(23,25)(27,29)
        (30,32), ( 3,11)( 8,12)( 9,13)(10,14)(18,26)(23,27)(24,28)(25,29), ( 4, 8)( 7, 9)(11,15)(14,16)(19,23)(22,24)(26,30)
        (29,31), ( 1, 2)( 3, 6)( 4, 5)( 7, 8)( 9,10)(11,32)(12,31)(13,28)(14,29)(15,30)(16,27)(17,26)(18,21)(19,20)(22,23)(24,25),
      ( 1, 3,13,31, 9,11)( 2,18,28,16,24,26)( 4, 6)( 8,12,32)(10,14,30)(15,25,29)(17,23,27)(19,21) ] ),
  LOrb := [ [ 2, 3, 4, 5, 6, 7, 8, 9, 10, 11, 12, 13, 14, 15, 16, 17 ] ],
  eRec := rec(
      CUT_info := rec(
          EXT := [ [ 1, 0, 0, 0, 0, 0 ], [ 1, 1, 1, 1, 1, 1 ], [ 1, 0, 1, 1, 1, 1 ], [ 1, 0, 0, 1, 1, 1 ], [ 1, 0, 0, 0, 1, 1 ], 
              [ 1, 0, 0, 0, 0, 1 ], [ 1, 0, 0, 1, 0, 1 ], [ 1, 0, 1, 0, 1, 1 ], [ 1, 0, 1, 0, 0, 1 ], [ 1, 0, 1, 1, 0, 1 ], 
              [ 1, 1, 0, 1, 1, 1 ], [ 1, 1, 0, 0, 1, 1 ], [ 1, 1, 0, 0, 0, 1 ], [ 1, 1, 0, 1, 0, 1 ], [ 1, 1, 1, 0, 1, 1 ], 
              [ 1, 1, 1, 0, 0, 1 ], [ 1, 1, 1, 1, 0, 1 ], [ 1, 1, 0, 0, 0, 0 ], [ 1, 1, 1, 0, 0, 0 ], [ 1, 1, 1, 1, 0, 0 ], 
              [ 1, 1, 1, 1, 1, 0 ], [ 1, 1, 1, 0, 1, 0 ], [ 1, 1, 0, 1, 0, 0 ], [ 1, 1, 0, 1, 1, 0 ], [ 1, 1, 0, 0, 1, 0 ], 
              [ 1, 0, 1, 0, 0, 0 ], [ 1, 0, 1, 1, 0, 0 ], [ 1, 0, 1, 1, 1, 0 ], [ 1, 0, 1, 0, 1, 0 ], [ 1, 0, 0, 1, 0, 0 ], 
              [ 1, 0, 0, 1, 1, 0 ], [ 1, 0, 0, 0, 1, 0 ] ],
          GRP := Group( [ ( 1, 2)( 3,18)( 4,19)( 5,20)( 6,21)( 7,22)( 8,23)( 9,24)(10,25)(11,26)(12,27)(13,28)(14,29)(15,30)
                (16,31)(17,32), ( 1,18)( 2, 3)( 4,11)( 5,12)( 6,13)( 7,14)( 8,15)( 9,16)(10,17)(19,26)(20,27)(21,28)(22,29)(23,30)
                (24,31)(25,32), ( 6,32)( 7,31)( 9,29)(10,28)(13,25)(14,24)(16,22)(17,21), ( 5, 7)( 8,10)(12,14)(15,17)(20,22)
                (23,25)(27,29)(30,32), ( 4, 8)( 7, 9)(11,15)(14,16)(19,23)(22,24)(26,30)(29,31), 
              ( 3,11)( 8,12)( 9,13)(10,14)(18,26)(23,27)(24,28)(25,29) ] ) ),
      GRA := rec(
          adjacencies := [ [ 2, 3, 4, 5, 6 ], [ 1 ], [ 1 ], [ 1 ], [ 1 ], [ 1 ] ],
          autGroup := Group( [ (5,6), (4,5), (3,4), (2,3) ] ),
          group := Group( [ () ] ),
          isGraph := true,
          isSimple := true,
          order := 6,
          representatives := [ 1, 2, 3, 4, 5, 6 ],
          schreierVector := [ -1, -2, -3, -4, -5, -6 ] ),
      GRPedge := Group( [ (4,5), (3,4), (2,3), (1,2) ] ),
      GRPvert := Group( [ (5,6), (4,5), (3,4), (2,3) ] ),
      ListEdges := [ [ 1, 2 ], [ 1, 3 ], [ 1, 4 ], [ 1, 5 ], [ 1, 6 ] ],
      ListSet := [ [  ], [ 1 ], [ 1, 2 ], [ 1, 2, 3 ], [ 1, 2, 3, 4 ], [ 1, 2, 3, 4, 5 ], [ 1, 2, 3, 5 ], [ 1, 2, 4 ], 
          [ 1, 2, 4, 5 ], [ 1, 2, 5 ], [ 1, 3 ], [ 1, 3, 4 ], [ 1, 3, 4, 5 ], [ 1, 3, 5 ], [ 1, 4 ], [ 1, 4, 5 ], 
          [ 1, 5 ], [ 2 ], [ 2, 3 ], [ 2, 3, 4 ], [ 2, 3, 4, 5 ], [ 2, 3, 5 ], [ 2, 4 ], [ 2, 4, 5 ], [ 2, 5 ], [ 3 ], [ 3, 4 ], 
          [ 3, 4, 5 ], [ 3, 5 ], [ 4 ], [ 4, 5 ], [ 5 ] ],
      ListVect := [ [ 1, 0, 0, 0, 0, 0 ], [ 1, 1, 1, 1, 1, 1 ], [ 1, 0, 1, 1, 1, 1 ], [ 1, 0, 0, 1, 1, 1 ], [ 1, 0, 0, 0, 1, 1 ], 
          [ 1, 0, 0, 0, 0, 1 ], [ 1, 0, 0, 1, 0, 1 ], [ 1, 0, 1, 0, 1, 1 ], [ 1, 0, 1, 0, 0, 1 ], [ 1, 0, 1, 1, 0, 1 ], 
          [ 1, 1, 0, 1, 1, 1 ], [ 1, 1, 0, 0, 1, 1 ], [ 1, 1, 0, 0, 0, 1 ], [ 1, 1, 0, 1, 0, 1 ], [ 1, 1, 1, 0, 1, 1 ], 
          [ 1, 1, 1, 0, 0, 1 ], [ 1, 1, 1, 1, 0, 1 ], [ 1, 1, 0, 0, 0, 0 ], [ 1, 1, 1, 0, 0, 0 ], [ 1, 1, 1, 1, 0, 0 ], 
          [ 1, 1, 1, 1, 1, 0 ], [ 1, 1, 1, 0, 1, 0 ], [ 1, 1, 0, 1, 0, 0 ], [ 1, 1, 0, 1, 1, 0 ], [ 1, 1, 0, 0, 1, 0 ], 
          [ 1, 0, 1, 0, 0, 0 ], [ 1, 0, 1, 1, 0, 0 ], [ 1, 0, 1, 1, 1, 0 ], [ 1, 0, 1, 0, 1, 0 ], [ 1, 0, 0, 1, 0, 0 ], 
          [ 1, 0, 0, 1, 1, 0 ], [ 1, 0, 0, 0, 1, 0 ] ],
      MET_info := rec(
          EXT := [ [ 0, 1, 0, 0, 0, 0 ], [ 1, -1, 0, 0, 0, 0 ], [ 0, 0, 1, 0, 0, 0 ], [ 1, 0, -1, 0, 0, 0 ], [ 0, 0, 0, 1, 0, 0 ],
              [ 1, 0, 0, -1, 0, 0 ], [ 0, 0, 0, 0, 1, 0 ], [ 1, 0, 0, 0, -1, 0 ], [ 0, 0, 0, 0, 0, 1 ], [ 1, 0, 0, 0, 0, -1 ] ],
          GRP := Group( [ ( 1, 2)( 3, 4)( 5, 6)( 7, 8)( 9,10), ( 1, 2), ( 7, 9)( 8,10), ( 5, 7)( 6, 8), ( 3, 5)( 4, 6), 
              ( 1, 3)( 2, 4) ] ) ) ) );
