return rec(
  EXT := [ [ 1, 0, 0, 0 ], [ 1, 1, 1, 1 ], [ 1, 0, 1, 1 ], [ 1, 0, 0, 1 ], [ 1, 1, 0, 1 ], [ 1, 1, 0, 0 ], [ 1, 1, 1, 0 ], 
      [ 1, 0, 1, 0 ] ],
  GRP := Group( [ (3,5)(6,8), (3,7)(4,6), (1,2)(3,8,7,6,5,4), (1,3,7)(2,6,4) ] ),
  LOrb := [ [ 2, 3, 4, 5 ] ],
  eRec := rec(
      CUT_info := rec(
          EXT := [ [ 1, 0, 0, 0 ], [ 1, 1, 1, 1 ], [ 1, 0, 1, 1 ], [ 1, 0, 0, 1 ], [ 1, 1, 0, 1 ], [ 1, 1, 0, 0 ], 
              [ 1, 1, 1, 0 ], [ 1, 0, 1, 0 ] ],
          GRP := Group( [ (1,2)(3,6)(4,7)(5,8), (1,6)(2,3)(4,5)(7,8), (4,8)(5,7), (3,5)(6,8) ] ) ),
      GRA := rec(
          adjacencies := [ [ 2, 3, 4 ], [ 1 ], [ 1 ], [ 1 ] ],
          autGroup := Group( [ (3,4), (2,3) ] ),
          group := Group( [ () ] ),
          isGraph := true,
          isSimple := true,
          order := 4,
          representatives := [ 1, 2, 3, 4 ],
          schreierVector := [ -1, -2, -3, -4 ] ),
      GRPedge := Group( [ (2,3), (1,2) ] ),
      GRPvert := Group( [ (3,4), (2,3) ] ),
      ListEdges := [ [ 1, 2 ], [ 1, 3 ], [ 1, 4 ] ],
      ListSet := [ [  ], [ 1 ], [ 1, 2 ], [ 1, 2, 3 ], [ 1, 3 ], [ 2 ], [ 2, 3 ], [ 3 ] ],
      ListVect := [ [ 1, 0, 0, 0 ], [ 1, 1, 1, 1 ], [ 1, 0, 1, 1 ], [ 1, 0, 0, 1 ], [ 1, 1, 0, 1 ], [ 1, 1, 0, 0 ], 
          [ 1, 1, 1, 0 ], [ 1, 0, 1, 0 ] ],
      MET_info := rec(
          EXT := [ [ 0, 1, 0, 0 ], [ 1, -1, 0, 0 ], [ 0, 0, 1, 0 ], [ 1, 0, -1, 0 ], [ 0, 0, 0, 1 ], [ 1, 0, 0, -1 ] ],
          GRP := Group( [ (1,2)(3,4)(5,6), (1,2), (3,5)(4,6), (1,3)(2,4) ] ) ) ) );
