return rec(
  EXT := [ [ 1, 0, 0, 0, 0, 0, 0, 0, 0, 0, 0, 0, 0, 0, 0, 0, 0 ], 
      [ 1, 1, 1, 1, 1, 0, 0, 0, 0, 0, 0, 0, 0, 0, 0, 0, 0 ], [ 1, 0, 1, 1, 1, 1, 1, 1, 0, 0, 0, 0, 0, 0, 0, 0, 0 ], 
      [ 1, 0, 1, 1, 1, 0, 1, 1, 1, 1, 1, 0, 0, 0, 0, 0, 0 ], [ 1, 0, 0, 1, 1, 0, 1, 1, 0, 1, 1, 1, 1, 0, 0, 0, 0 ], 
      [ 1, 0, 0, 0, 1, 0, 0, 1, 0, 1, 1, 1, 1, 1, 1, 0, 0 ], [ 1, 0, 0, 0, 1, 0, 0, 0, 0, 0, 1, 1, 1, 0, 1, 1, 0 ], 
      [ 1, 0, 0, 0, 1, 0, 0, 0, 0, 0, 0, 0, 1, 0, 1, 0, 1 ], [ 1, 0, 0, 0, 1, 0, 0, 1, 0, 1, 0, 0, 1, 1, 1, 1, 1 ], 
      [ 1, 0, 0, 1, 1, 0, 1, 0, 0, 0, 1, 1, 1, 1, 0, 1, 0 ], [ 1, 0, 0, 1, 1, 0, 1, 0, 0, 0, 0, 0, 1, 1, 0, 0, 1 ], 
      [ 1, 0, 0, 1, 1, 0, 1, 1, 0, 1, 0, 0, 1, 0, 0, 1, 1 ], [ 1, 0, 1, 0, 1, 0, 0, 1, 1, 1, 1, 0, 0, 1, 1, 0, 0 ], 
      [ 1, 0, 1, 0, 1, 0, 0, 0, 1, 0, 1, 0, 0, 0, 1, 1, 0 ], [ 1, 0, 1, 0, 1, 0, 0, 0, 1, 0, 0, 1, 0, 0, 1, 0, 1 ], 
      [ 1, 0, 1, 0, 1, 0, 0, 1, 1, 1, 0, 1, 0, 1, 1, 1, 1 ], [ 1, 0, 1, 1, 1, 0, 1, 0, 1, 0, 1, 0, 0, 1, 0, 1, 0 ], 
      [ 1, 0, 1, 1, 1, 0, 1, 0, 1, 0, 0, 1, 0, 1, 0, 0, 1 ], [ 1, 0, 1, 1, 1, 0, 1, 1, 1, 1, 0, 1, 0, 0, 0, 1, 1 ], 
      [ 1, 0, 0, 1, 1, 1, 1, 1, 1, 0, 0, 1, 1, 0, 0, 0, 0 ], [ 1, 0, 0, 0, 1, 1, 0, 1, 1, 0, 0, 1, 1, 1, 1, 0, 0 ], 
      [ 1, 0, 0, 0, 1, 1, 0, 0, 1, 1, 0, 1, 1, 0, 1, 1, 0 ], [ 1, 0, 0, 0, 1, 1, 0, 0, 1, 1, 1, 0, 1, 0, 1, 0, 1 ], 
      [ 1, 0, 0, 0, 1, 1, 0, 1, 1, 0, 1, 0, 1, 1, 1, 1, 1 ], [ 1, 0, 0, 1, 1, 1, 1, 0, 1, 1, 0, 1, 1, 1, 0, 1, 0 ], 
      [ 1, 0, 0, 1, 1, 1, 1, 0, 1, 1, 1, 0, 1, 1, 0, 0, 1 ], [ 1, 0, 0, 1, 1, 1, 1, 1, 1, 0, 1, 0, 1, 0, 0, 1, 1 ], 
      [ 1, 0, 1, 0, 1, 1, 0, 1, 0, 0, 0, 0, 0, 1, 1, 0, 0 ], [ 1, 0, 1, 0, 1, 1, 0, 0, 0, 1, 0, 0, 0, 0, 1, 1, 0 ], 
      [ 1, 0, 1, 0, 1, 1, 0, 0, 0, 1, 1, 1, 0, 0, 1, 0, 1 ], [ 1, 0, 1, 0, 1, 1, 0, 1, 0, 0, 1, 1, 0, 1, 1, 1, 1 ], 
      [ 1, 0, 1, 1, 1, 1, 1, 0, 0, 1, 0, 0, 0, 1, 0, 1, 0 ], [ 1, 0, 1, 1, 1, 1, 1, 0, 0, 1, 1, 1, 0, 1, 0, 0, 1 ], 
      [ 1, 0, 1, 1, 1, 1, 1, 1, 0, 0, 1, 1, 0, 0, 0, 1, 1 ], [ 1, 1, 1, 1, 1, 1, 0, 0, 1, 1, 1, 0, 0, 0, 0, 0, 0 ], 
      [ 1, 1, 0, 1, 1, 1, 0, 0, 0, 1, 1, 1, 1, 0, 0, 0, 0 ], [ 1, 1, 0, 0, 1, 1, 1, 0, 0, 1, 1, 1, 1, 1, 1, 0, 0 ], 
      [ 1, 1, 0, 0, 1, 1, 1, 1, 0, 0, 1, 1, 1, 0, 1, 1, 0 ], [ 1, 1, 0, 0, 1, 1, 1, 1, 0, 0, 0, 0, 1, 0, 1, 0, 1 ], 
      [ 1, 1, 0, 0, 1, 1, 1, 0, 0, 1, 0, 0, 1, 1, 1, 1, 1 ], [ 1, 1, 0, 1, 1, 1, 0, 1, 0, 0, 1, 1, 1, 1, 0, 1, 0 ], 
      [ 1, 1, 0, 1, 1, 1, 0, 1, 0, 0, 0, 0, 1, 1, 0, 0, 1 ], [ 1, 1, 0, 1, 1, 1, 0, 0, 0, 1, 0, 0, 1, 0, 0, 1, 1 ], 
      [ 1, 1, 1, 0, 1, 1, 1, 0, 1, 1, 1, 0, 0, 1, 1, 0, 0 ], [ 1, 1, 1, 0, 1, 1, 1, 1, 1, 0, 1, 0, 0, 0, 1, 1, 0 ], 
      [ 1, 1, 1, 0, 1, 1, 1, 1, 1, 0, 0, 1, 0, 0, 1, 0, 1 ], [ 1, 1, 1, 0, 1, 1, 1, 0, 1, 1, 0, 1, 0, 1, 1, 1, 1 ], 
      [ 1, 1, 1, 1, 1, 1, 0, 1, 1, 0, 1, 0, 0, 1, 0, 1, 0 ], [ 1, 1, 1, 1, 1, 1, 0, 1, 1, 0, 0, 1, 0, 1, 0, 0, 1 ], 
      [ 1, 1, 1, 1, 1, 1, 0, 0, 1, 1, 0, 1, 0, 0, 0, 1, 1 ], [ 1, 1, 0, 1, 1, 0, 0, 0, 1, 0, 0, 1, 1, 0, 0, 0, 0 ], 
      [ 1, 1, 0, 0, 1, 0, 1, 0, 1, 0, 0, 1, 1, 1, 1, 0, 0 ], [ 1, 1, 0, 0, 1, 0, 1, 1, 1, 1, 0, 1, 1, 0, 1, 1, 0 ], 
      [ 1, 1, 0, 0, 1, 0, 1, 1, 1, 1, 1, 0, 1, 0, 1, 0, 1 ], [ 1, 1, 0, 0, 1, 0, 1, 0, 1, 0, 1, 0, 1, 1, 1, 1, 1 ], 
      [ 1, 1, 0, 1, 1, 0, 0, 1, 1, 1, 0, 1, 1, 1, 0, 1, 0 ], [ 1, 1, 0, 1, 1, 0, 0, 1, 1, 1, 1, 0, 1, 1, 0, 0, 1 ], 
      [ 1, 1, 0, 1, 1, 0, 0, 0, 1, 0, 1, 0, 1, 0, 0, 1, 1 ], [ 1, 1, 1, 0, 1, 0, 1, 0, 0, 0, 0, 0, 0, 1, 1, 0, 0 ], 
      [ 1, 1, 1, 0, 1, 0, 1, 1, 0, 1, 0, 0, 0, 0, 1, 1, 0 ], [ 1, 1, 1, 0, 1, 0, 1, 1, 0, 1, 1, 1, 0, 0, 1, 0, 1 ], 
      [ 1, 1, 1, 0, 1, 0, 1, 0, 0, 0, 1, 1, 0, 1, 1, 1, 1 ], [ 1, 1, 1, 1, 1, 0, 0, 1, 0, 1, 0, 0, 0, 1, 0, 1, 0 ], 
      [ 1, 1, 1, 1, 1, 0, 0, 1, 0, 1, 1, 1, 0, 1, 0, 0, 1 ], [ 1, 1, 1, 1, 1, 0, 0, 0, 0, 0, 1, 1, 0, 0, 0, 1, 1 ], 
      [ 1, 1, 0, 0, 0, 1, 1, 1, 0, 0, 0, 0, 0, 0, 0, 0, 0 ], [ 1, 1, 0, 0, 0, 0, 1, 1, 1, 1, 1, 0, 0, 0, 0, 0, 0 ], 
      [ 1, 1, 1, 0, 0, 0, 1, 1, 0, 1, 1, 1, 1, 0, 0, 0, 0 ], [ 1, 1, 1, 1, 0, 0, 0, 1, 0, 1, 1, 1, 1, 1, 1, 0, 0 ], 
      [ 1, 1, 1, 1, 0, 0, 0, 0, 0, 0, 1, 1, 1, 0, 1, 1, 0 ], [ 1, 1, 1, 1, 0, 0, 0, 0, 0, 0, 0, 0, 1, 0, 1, 0, 1 ], 
      [ 1, 1, 1, 1, 0, 0, 0, 1, 0, 1, 0, 0, 1, 1, 1, 1, 1 ], [ 1, 1, 1, 0, 0, 0, 1, 0, 0, 0, 1, 1, 1, 1, 0, 1, 0 ], 
      [ 1, 1, 1, 0, 0, 0, 1, 0, 0, 0, 0, 0, 1, 1, 0, 0, 1 ], [ 1, 1, 1, 0, 0, 0, 1, 1, 0, 1, 0, 0, 1, 0, 0, 1, 1 ], 
      [ 1, 1, 0, 1, 0, 0, 0, 1, 1, 1, 1, 0, 0, 1, 1, 0, 0 ], [ 1, 1, 0, 1, 0, 0, 0, 0, 1, 0, 1, 0, 0, 0, 1, 1, 0 ], 
      [ 1, 1, 0, 1, 0, 0, 0, 0, 1, 0, 0, 1, 0, 0, 1, 0, 1 ], [ 1, 1, 0, 1, 0, 0, 0, 1, 1, 1, 0, 1, 0, 1, 1, 1, 1 ], 
      [ 1, 1, 0, 0, 0, 0, 1, 0, 1, 0, 1, 0, 0, 1, 0, 1, 0 ], [ 1, 1, 0, 0, 0, 0, 1, 0, 1, 0, 0, 1, 0, 1, 0, 0, 1 ], 
      [ 1, 1, 0, 0, 0, 0, 1, 1, 1, 1, 0, 1, 0, 0, 0, 1, 1 ], [ 1, 1, 1, 0, 0, 1, 1, 1, 1, 0, 0, 1, 1, 0, 0, 0, 0 ], 
      [ 1, 1, 1, 1, 0, 1, 0, 1, 1, 0, 0, 1, 1, 1, 1, 0, 0 ], [ 1, 1, 1, 1, 0, 1, 0, 0, 1, 1, 0, 1, 1, 0, 1, 1, 0 ], 
      [ 1, 1, 1, 1, 0, 1, 0, 0, 1, 1, 1, 0, 1, 0, 1, 0, 1 ], [ 1, 1, 1, 1, 0, 1, 0, 1, 1, 0, 1, 0, 1, 1, 1, 1, 1 ], 
      [ 1, 1, 1, 0, 0, 1, 1, 0, 1, 1, 0, 1, 1, 1, 0, 1, 0 ], [ 1, 1, 1, 0, 0, 1, 1, 0, 1, 1, 1, 0, 1, 1, 0, 0, 1 ], 
      [ 1, 1, 1, 0, 0, 1, 1, 1, 1, 0, 1, 0, 1, 0, 0, 1, 1 ], [ 1, 1, 0, 1, 0, 1, 0, 1, 0, 0, 0, 0, 0, 1, 1, 0, 0 ], 
      [ 1, 1, 0, 1, 0, 1, 0, 0, 0, 1, 0, 0, 0, 0, 1, 1, 0 ], [ 1, 1, 0, 1, 0, 1, 0, 0, 0, 1, 1, 1, 0, 0, 1, 0, 1 ], 
      [ 1, 1, 0, 1, 0, 1, 0, 1, 0, 0, 1, 1, 0, 1, 1, 1, 1 ], [ 1, 1, 0, 0, 0, 1, 1, 0, 0, 1, 0, 0, 0, 1, 0, 1, 0 ], 
      [ 1, 1, 0, 0, 0, 1, 1, 0, 0, 1, 1, 1, 0, 1, 0, 0, 1 ], [ 1, 1, 0, 0, 0, 1, 1, 1, 0, 0, 1, 1, 0, 0, 0, 1, 1 ], 
      [ 1, 0, 0, 0, 0, 1, 0, 0, 1, 1, 1, 0, 0, 0, 0, 0, 0 ], [ 1, 0, 1, 0, 0, 1, 0, 0, 0, 1, 1, 1, 1, 0, 0, 0, 0 ], 
      [ 1, 0, 1, 1, 0, 1, 1, 0, 0, 1, 1, 1, 1, 1, 1, 0, 0 ], [ 1, 0, 1, 1, 0, 1, 1, 1, 0, 0, 1, 1, 1, 0, 1, 1, 0 ], 
      [ 1, 0, 1, 1, 0, 1, 1, 1, 0, 0, 0, 0, 1, 0, 1, 0, 1 ], [ 1, 0, 1, 1, 0, 1, 1, 0, 0, 1, 0, 0, 1, 1, 1, 1, 1 ], 
      [ 1, 0, 1, 0, 0, 1, 0, 1, 0, 0, 1, 1, 1, 1, 0, 1, 0 ], [ 1, 0, 1, 0, 0, 1, 0, 1, 0, 0, 0, 0, 1, 1, 0, 0, 1 ], 
      [ 1, 0, 1, 0, 0, 1, 0, 0, 0, 1, 0, 0, 1, 0, 0, 1, 1 ], [ 1, 0, 0, 1, 0, 1, 1, 0, 1, 1, 1, 0, 0, 1, 1, 0, 0 ], 
      [ 1, 0, 0, 1, 0, 1, 1, 1, 1, 0, 1, 0, 0, 0, 1, 1, 0 ], [ 1, 0, 0, 1, 0, 1, 1, 1, 1, 0, 0, 1, 0, 0, 1, 0, 1 ], 
      [ 1, 0, 0, 1, 0, 1, 1, 0, 1, 1, 0, 1, 0, 1, 1, 1, 1 ], [ 1, 0, 0, 0, 0, 1, 0, 1, 1, 0, 1, 0, 0, 1, 0, 1, 0 ], 
      [ 1, 0, 0, 0, 0, 1, 0, 1, 1, 0, 0, 1, 0, 1, 0, 0, 1 ], [ 1, 0, 0, 0, 0, 1, 0, 0, 1, 1, 0, 1, 0, 0, 0, 1, 1 ], 
      [ 1, 0, 1, 0, 0, 0, 0, 0, 1, 0, 0, 1, 1, 0, 0, 0, 0 ], [ 1, 0, 1, 1, 0, 0, 1, 0, 1, 0, 0, 1, 1, 1, 1, 0, 0 ], 
      [ 1, 0, 1, 1, 0, 0, 1, 1, 1, 1, 0, 1, 1, 0, 1, 1, 0 ], [ 1, 0, 1, 1, 0, 0, 1, 1, 1, 1, 1, 0, 1, 0, 1, 0, 1 ], 
      [ 1, 0, 1, 1, 0, 0, 1, 0, 1, 0, 1, 0, 1, 1, 1, 1, 1 ], [ 1, 0, 1, 0, 0, 0, 0, 1, 1, 1, 0, 1, 1, 1, 0, 1, 0 ], 
      [ 1, 0, 1, 0, 0, 0, 0, 1, 1, 1, 1, 0, 1, 1, 0, 0, 1 ], [ 1, 0, 1, 0, 0, 0, 0, 0, 1, 0, 1, 0, 1, 0, 0, 1, 1 ], 
      [ 1, 0, 0, 1, 0, 0, 1, 0, 0, 0, 0, 0, 0, 1, 1, 0, 0 ], [ 1, 0, 0, 1, 0, 0, 1, 1, 0, 1, 0, 0, 0, 0, 1, 1, 0 ], 
      [ 1, 0, 0, 1, 0, 0, 1, 1, 0, 1, 1, 1, 0, 0, 1, 0, 1 ], [ 1, 0, 0, 1, 0, 0, 1, 0, 0, 0, 1, 1, 0, 1, 1, 1, 1 ], 
      [ 1, 0, 0, 0, 0, 0, 0, 1, 0, 1, 0, 0, 0, 1, 0, 1, 0 ], [ 1, 0, 0, 0, 0, 0, 0, 1, 0, 1, 1, 1, 0, 1, 0, 0, 1 ], 
      [ 1, 0, 0, 0, 0, 0, 0, 0, 0, 0, 1, 1, 0, 0, 0, 1, 1 ] ],
  GRP := Group( [ (  2,114, 98, 66)(  3, 51, 99, 67)(  4, 20, 36, 68)(  6,124, 12, 10)(  7,127,123, 11)
        (  8,128,126,122)(  9,125)( 13,109, 43, 73)( 14,112, 92, 74)( 15,113, 95, 59)( 16,110, 40, 62)
        ( 17, 21, 93, 75)( 18, 22, 96, 60)( 19, 25, 37, 61)( 23, 97, 63,115)( 24, 94, 72,118)( 26, 38, 64,116)
        ( 27, 41, 69,117)( 28, 78,106, 80)( 29, 81)( 30, 82, 32, 52)( 31, 79,103, 55)( 33, 53)( 34, 56,100, 54)
        ( 35, 83)( 39, 65,119,107)( 42, 70,120,108)( 44, 46, 50, 88)( 45, 49, 85, 89)( 48, 84, 86, 90)( 57,101)
        ( 58,104, 76,102)( 71,121,111, 91)( 77,105), (  2,128)(  3,127)(  4,124)(  6, 20)(  7, 51)(  8,114)(  9, 83)
        ( 10, 36)( 11, 99)( 12, 68)( 13,109)( 14, 78)( 16, 46)( 17, 93)( 18, 30)( 19, 61)( 22, 52)( 23,115)( 24, 84)
        ( 25, 37)( 26,100)( 27, 69)( 28,112)( 29, 81)( 31, 49)( 32, 96)( 34, 64)( 35,125)( 38, 56)( 39,119)( 40, 88)
        ( 42,104)( 43, 73)( 44,110)( 45, 79)( 48, 94)( 50, 62)( 54,116)( 55, 85)( 57,101)( 58, 70)( 59,113)( 60, 82)
        ( 63, 97)( 66,126)( 67,123)( 71,121)( 72, 90)( 74,106)( 76,108)( 80, 92)( 86,118)( 89,103)( 91,111)( 98,122)
        (102,120), (  3, 51)(  4, 36)(  6,124)(  7,123)(  8,122)(  9,125)( 10, 12)( 13, 93)( 14, 92)( 15, 91)
        ( 16, 94)( 17, 43)( 18, 42)( 19, 41)( 21,109)( 22,108)( 23,107)( 24,110)( 25, 27)( 28, 78)( 29, 77)( 30, 76)
        ( 31, 79)( 32, 58)( 33, 57)( 34, 56)( 37,117)( 38,116)( 39,115)( 40,118)( 44, 86)( 45, 85)( 46, 84)( 47, 87)
        ( 48, 50)( 52,102)( 53,101)( 54,100)( 55,103)( 59, 71)( 60, 70)( 61, 69)( 62, 72)( 63, 65)( 66,114)( 67, 99)
        ( 73, 75)( 80,106)( 81,105)( 82,104)( 88, 90)( 95,121)( 96,120)( 97,119)(111,113)(126,128), 
      (  1,  2, 51,114)(  3, 36, 83, 98)(  4,  5, 68, 67)(  6, 75, 76, 19)(  7, 74, 77, 18)(  8, 71, 78, 15)
        (  9, 72, 79, 16)( 10, 73, 80, 17)( 11, 70, 81, 14)( 12, 69, 82, 13)( 20, 99, 66, 35)( 21,106, 91, 50)
        ( 22,105, 92, 49)( 23,102, 93, 46)( 24,103, 94, 47)( 25,104, 95, 48)( 26,101, 96, 45)( 27,100, 97, 44)
        ( 28, 43, 84,113)( 29, 42, 85,112)( 30, 39, 86,109)( 31, 40, 87,110)( 32, 41, 88,111)( 33, 38, 89,108)
        ( 34, 37, 90,107)( 52,121,122, 65)( 53,120,123, 64)( 54,117,124, 61)( 55,118,125, 62)( 56,119,126, 63)
        ( 57,116,127, 60)( 58,115,128, 59) ] ),
  LOrb := 
   [ [ 1, 2, 3, 7, 8, 10, 11, 14, 15, 17, 18, 20, 21, 22, 23, 24, 25, 26, 27, 28, 29, 30, 31, 32, 33, 34, 35, 36, 
          37, 38, 39, 40, 41, 42, 43, 44, 45, 46, 47, 48, 49, 50, 51, 52, 55, 58, 59, 62, 65, 66, 70, 71, 73, 74, 
          77, 78, 80, 81, 83, 84, 85, 86, 87, 88, 89, 90, 91, 92, 93, 94, 95, 96, 97, 98, 99, 100, 101, 102, 103, 
          104, 105, 106, 107, 108, 109, 110, 111, 112, 113, 114, 115, 118, 121, 122, 125, 128 ], 
      [ 1, 2, 3, 4, 5, 8, 11, 12, 20, 23, 26, 27, 35, 36, 39, 42, 43, 51, 54, 57, 58, 66, 67, 71, 76, 77, 78, 86, 
          91, 92, 93, 98, 102, 107, 108, 109, 117, 122, 123, 124 ], 
      [ 1, 3, 5, 6, 7, 8, 9, 10, 11, 12, 20, 21, 22, 23, 24, 25, 26, 27, 28, 29, 30, 31, 32, 33, 34, 36, 37, 38, 39, 
          40, 41, 42, 43, 66, 91, 92, 93, 94, 95, 96, 97, 98, 99, 100, 101, 102, 103, 104, 105, 106, 107, 108, 109, 
          110, 111, 112, 113, 122, 123, 124, 125, 126, 127, 128 ] ],
  eRec := rec(
      GRA := rec(
          adjacencies := [ [ 2, 4, 5, 8 ], [ 1, 3, 5, 6 ], [ 2, 4, 6, 7 ], [ 1, 3, 7, 8 ], [ 1, 2, 6, 8 ], 
              [ 2, 3, 5, 7 ], [ 3, 4, 6, 8 ], [ 1, 4, 5, 7 ] ],
          group := Group( [ () ] ),
          isGraph := true,
          order := 8,
          representatives := [ 1, 2, 3, 4, 5, 6, 7, 8 ],
          schreierVector := [ -1, -2, -3, -4, -5, -6, -7, -8 ] ),
      ListEdges := [ [ 1, 2 ], [ 1, 4 ], [ 1, 5 ], [ 1, 8 ], [ 2, 3 ], [ 2, 5 ], [ 2, 6 ], [ 3, 4 ], [ 3, 6 ], 
          [ 3, 7 ], [ 4, 7 ], [ 4, 8 ], [ 5, 6 ], [ 5, 8 ], [ 6, 7 ], [ 7, 8 ] ],
      ListSet := [ [  ], [ 1 ], [ 1, 2 ], [ 1, 2, 3 ], [ 1, 2, 3, 4 ], [ 1, 2, 3, 4, 5 ], [ 1, 2, 3, 4, 5, 6 ], 
          [ 1, 2, 3, 4, 5, 6, 7 ], [ 1, 2, 3, 4, 5, 7 ], [ 1, 2, 3, 4, 6 ], [ 1, 2, 3, 4, 6, 7 ], [ 1, 2, 3, 4, 7 ], 
          [ 1, 2, 3, 5 ], [ 1, 2, 3, 5, 6 ], [ 1, 2, 3, 5, 6, 7 ], [ 1, 2, 3, 5, 7 ], [ 1, 2, 3, 6 ], 
          [ 1, 2, 3, 6, 7 ], [ 1, 2, 3, 7 ], [ 1, 2, 4 ], [ 1, 2, 4, 5 ], [ 1, 2, 4, 5, 6 ], [ 1, 2, 4, 5, 6, 7 ], 
          [ 1, 2, 4, 5, 7 ], [ 1, 2, 4, 6 ], [ 1, 2, 4, 6, 7 ], [ 1, 2, 4, 7 ], [ 1, 2, 5 ], [ 1, 2, 5, 6 ], 
          [ 1, 2, 5, 6, 7 ], [ 1, 2, 5, 7 ], [ 1, 2, 6 ], [ 1, 2, 6, 7 ], [ 1, 2, 7 ], [ 1, 3 ], [ 1, 3, 4 ], 
          [ 1, 3, 4, 5 ], [ 1, 3, 4, 5, 6 ], [ 1, 3, 4, 5, 6, 7 ], [ 1, 3, 4, 5, 7 ], [ 1, 3, 4, 6 ], 
          [ 1, 3, 4, 6, 7 ], [ 1, 3, 4, 7 ], [ 1, 3, 5 ], [ 1, 3, 5, 6 ], [ 1, 3, 5, 6, 7 ], [ 1, 3, 5, 7 ], 
          [ 1, 3, 6 ], [ 1, 3, 6, 7 ], [ 1, 3, 7 ], [ 1, 4 ], [ 1, 4, 5 ], [ 1, 4, 5, 6 ], [ 1, 4, 5, 6, 7 ], 
          [ 1, 4, 5, 7 ], [ 1, 4, 6 ], [ 1, 4, 6, 7 ], [ 1, 4, 7 ], [ 1, 5 ], [ 1, 5, 6 ], [ 1, 5, 6, 7 ], 
          [ 1, 5, 7 ], [ 1, 6 ], [ 1, 6, 7 ], [ 1, 7 ], [ 2 ], [ 2, 3 ], [ 2, 3, 4 ], [ 2, 3, 4, 5 ], 
          [ 2, 3, 4, 5, 6 ], [ 2, 3, 4, 5, 6, 7 ], [ 2, 3, 4, 5, 7 ], [ 2, 3, 4, 6 ], [ 2, 3, 4, 6, 7 ], 
          [ 2, 3, 4, 7 ], [ 2, 3, 5 ], [ 2, 3, 5, 6 ], [ 2, 3, 5, 6, 7 ], [ 2, 3, 5, 7 ], [ 2, 3, 6 ], 
          [ 2, 3, 6, 7 ], [ 2, 3, 7 ], [ 2, 4 ], [ 2, 4, 5 ], [ 2, 4, 5, 6 ], [ 2, 4, 5, 6, 7 ], [ 2, 4, 5, 7 ], 
          [ 2, 4, 6 ], [ 2, 4, 6, 7 ], [ 2, 4, 7 ], [ 2, 5 ], [ 2, 5, 6 ], [ 2, 5, 6, 7 ], [ 2, 5, 7 ], [ 2, 6 ], 
          [ 2, 6, 7 ], [ 2, 7 ], [ 3 ], [ 3, 4 ], [ 3, 4, 5 ], [ 3, 4, 5, 6 ], [ 3, 4, 5, 6, 7 ], [ 3, 4, 5, 7 ], 
          [ 3, 4, 6 ], [ 3, 4, 6, 7 ], [ 3, 4, 7 ], [ 3, 5 ], [ 3, 5, 6 ], [ 3, 5, 6, 7 ], [ 3, 5, 7 ], [ 3, 6 ], 
          [ 3, 6, 7 ], [ 3, 7 ], [ 4 ], [ 4, 5 ], [ 4, 5, 6 ], [ 4, 5, 6, 7 ], [ 4, 5, 7 ], [ 4, 6 ], [ 4, 6, 7 ], 
          [ 4, 7 ], [ 5 ], [ 5, 6 ], [ 5, 6, 7 ], [ 5, 7 ], [ 6 ], [ 6, 7 ], [ 7 ] ],
      ListVect := [ [ 1, 0, 0, 0, 0, 0, 0, 0, 0, 0, 0, 0, 0, 0, 0, 0, 0 ], 
          [ 1, 1, 1, 1, 1, 0, 0, 0, 0, 0, 0, 0, 0, 0, 0, 0, 0 ], [ 1, 0, 1, 1, 1, 1, 1, 1, 0, 0, 0, 0, 0, 0, 0, 0, 0 
             ], [ 1, 0, 1, 1, 1, 0, 1, 1, 1, 1, 1, 0, 0, 0, 0, 0, 0 ], 
          [ 1, 0, 0, 1, 1, 0, 1, 1, 0, 1, 1, 1, 1, 0, 0, 0, 0 ], [ 1, 0, 0, 0, 1, 0, 0, 1, 0, 1, 1, 1, 1, 1, 1, 0, 0 
             ], [ 1, 0, 0, 0, 1, 0, 0, 0, 0, 0, 1, 1, 1, 0, 1, 1, 0 ], 
          [ 1, 0, 0, 0, 1, 0, 0, 0, 0, 0, 0, 0, 1, 0, 1, 0, 1 ], [ 1, 0, 0, 0, 1, 0, 0, 1, 0, 1, 0, 0, 1, 1, 1, 1, 1 
             ], [ 1, 0, 0, 1, 1, 0, 1, 0, 0, 0, 1, 1, 1, 1, 0, 1, 0 ], 
          [ 1, 0, 0, 1, 1, 0, 1, 0, 0, 0, 0, 0, 1, 1, 0, 0, 1 ], [ 1, 0, 0, 1, 1, 0, 1, 1, 0, 1, 0, 0, 1, 0, 0, 1, 1 
             ], [ 1, 0, 1, 0, 1, 0, 0, 1, 1, 1, 1, 0, 0, 1, 1, 0, 0 ], 
          [ 1, 0, 1, 0, 1, 0, 0, 0, 1, 0, 1, 0, 0, 0, 1, 1, 0 ], [ 1, 0, 1, 0, 1, 0, 0, 0, 1, 0, 0, 1, 0, 0, 1, 0, 1 
             ], [ 1, 0, 1, 0, 1, 0, 0, 1, 1, 1, 0, 1, 0, 1, 1, 1, 1 ], 
          [ 1, 0, 1, 1, 1, 0, 1, 0, 1, 0, 1, 0, 0, 1, 0, 1, 0 ], [ 1, 0, 1, 1, 1, 0, 1, 0, 1, 0, 0, 1, 0, 1, 0, 0, 1 
             ], [ 1, 0, 1, 1, 1, 0, 1, 1, 1, 1, 0, 1, 0, 0, 0, 1, 1 ], 
          [ 1, 0, 0, 1, 1, 1, 1, 1, 1, 0, 0, 1, 1, 0, 0, 0, 0 ], [ 1, 0, 0, 0, 1, 1, 0, 1, 1, 0, 0, 1, 1, 1, 1, 0, 0 
             ], [ 1, 0, 0, 0, 1, 1, 0, 0, 1, 1, 0, 1, 1, 0, 1, 1, 0 ], 
          [ 1, 0, 0, 0, 1, 1, 0, 0, 1, 1, 1, 0, 1, 0, 1, 0, 1 ], [ 1, 0, 0, 0, 1, 1, 0, 1, 1, 0, 1, 0, 1, 1, 1, 1, 1 
             ], [ 1, 0, 0, 1, 1, 1, 1, 0, 1, 1, 0, 1, 1, 1, 0, 1, 0 ], 
          [ 1, 0, 0, 1, 1, 1, 1, 0, 1, 1, 1, 0, 1, 1, 0, 0, 1 ], [ 1, 0, 0, 1, 1, 1, 1, 1, 1, 0, 1, 0, 1, 0, 0, 1, 1 
             ], [ 1, 0, 1, 0, 1, 1, 0, 1, 0, 0, 0, 0, 0, 1, 1, 0, 0 ], 
          [ 1, 0, 1, 0, 1, 1, 0, 0, 0, 1, 0, 0, 0, 0, 1, 1, 0 ], [ 1, 0, 1, 0, 1, 1, 0, 0, 0, 1, 1, 1, 0, 0, 1, 0, 1 
             ], [ 1, 0, 1, 0, 1, 1, 0, 1, 0, 0, 1, 1, 0, 1, 1, 1, 1 ], 
          [ 1, 0, 1, 1, 1, 1, 1, 0, 0, 1, 0, 0, 0, 1, 0, 1, 0 ], [ 1, 0, 1, 1, 1, 1, 1, 0, 0, 1, 1, 1, 0, 1, 0, 0, 1 
             ], [ 1, 0, 1, 1, 1, 1, 1, 1, 0, 0, 1, 1, 0, 0, 0, 1, 1 ], 
          [ 1, 1, 1, 1, 1, 1, 0, 0, 1, 1, 1, 0, 0, 0, 0, 0, 0 ], [ 1, 1, 0, 1, 1, 1, 0, 0, 0, 1, 1, 1, 1, 0, 0, 0, 0 
             ], [ 1, 1, 0, 0, 1, 1, 1, 0, 0, 1, 1, 1, 1, 1, 1, 0, 0 ], 
          [ 1, 1, 0, 0, 1, 1, 1, 1, 0, 0, 1, 1, 1, 0, 1, 1, 0 ], [ 1, 1, 0, 0, 1, 1, 1, 1, 0, 0, 0, 0, 1, 0, 1, 0, 1 
             ], [ 1, 1, 0, 0, 1, 1, 1, 0, 0, 1, 0, 0, 1, 1, 1, 1, 1 ], 
          [ 1, 1, 0, 1, 1, 1, 0, 1, 0, 0, 1, 1, 1, 1, 0, 1, 0 ], [ 1, 1, 0, 1, 1, 1, 0, 1, 0, 0, 0, 0, 1, 1, 0, 0, 1 
             ], [ 1, 1, 0, 1, 1, 1, 0, 0, 0, 1, 0, 0, 1, 0, 0, 1, 1 ], 
          [ 1, 1, 1, 0, 1, 1, 1, 0, 1, 1, 1, 0, 0, 1, 1, 0, 0 ], [ 1, 1, 1, 0, 1, 1, 1, 1, 1, 0, 1, 0, 0, 0, 1, 1, 0 
             ], [ 1, 1, 1, 0, 1, 1, 1, 1, 1, 0, 0, 1, 0, 0, 1, 0, 1 ], 
          [ 1, 1, 1, 0, 1, 1, 1, 0, 1, 1, 0, 1, 0, 1, 1, 1, 1 ], [ 1, 1, 1, 1, 1, 1, 0, 1, 1, 0, 1, 0, 0, 1, 0, 1, 0 
             ], [ 1, 1, 1, 1, 1, 1, 0, 1, 1, 0, 0, 1, 0, 1, 0, 0, 1 ], 
          [ 1, 1, 1, 1, 1, 1, 0, 0, 1, 1, 0, 1, 0, 0, 0, 1, 1 ], [ 1, 1, 0, 1, 1, 0, 0, 0, 1, 0, 0, 1, 1, 0, 0, 0, 0 
             ], [ 1, 1, 0, 0, 1, 0, 1, 0, 1, 0, 0, 1, 1, 1, 1, 0, 0 ], 
          [ 1, 1, 0, 0, 1, 0, 1, 1, 1, 1, 0, 1, 1, 0, 1, 1, 0 ], [ 1, 1, 0, 0, 1, 0, 1, 1, 1, 1, 1, 0, 1, 0, 1, 0, 1 
             ], [ 1, 1, 0, 0, 1, 0, 1, 0, 1, 0, 1, 0, 1, 1, 1, 1, 1 ], 
          [ 1, 1, 0, 1, 1, 0, 0, 1, 1, 1, 0, 1, 1, 1, 0, 1, 0 ], [ 1, 1, 0, 1, 1, 0, 0, 1, 1, 1, 1, 0, 1, 1, 0, 0, 1 
             ], [ 1, 1, 0, 1, 1, 0, 0, 0, 1, 0, 1, 0, 1, 0, 0, 1, 1 ], 
          [ 1, 1, 1, 0, 1, 0, 1, 0, 0, 0, 0, 0, 0, 1, 1, 0, 0 ], [ 1, 1, 1, 0, 1, 0, 1, 1, 0, 1, 0, 0, 0, 0, 1, 1, 0 
             ], [ 1, 1, 1, 0, 1, 0, 1, 1, 0, 1, 1, 1, 0, 0, 1, 0, 1 ], 
          [ 1, 1, 1, 0, 1, 0, 1, 0, 0, 0, 1, 1, 0, 1, 1, 1, 1 ], [ 1, 1, 1, 1, 1, 0, 0, 1, 0, 1, 0, 0, 0, 1, 0, 1, 0 
             ], [ 1, 1, 1, 1, 1, 0, 0, 1, 0, 1, 1, 1, 0, 1, 0, 0, 1 ], 
          [ 1, 1, 1, 1, 1, 0, 0, 0, 0, 0, 1, 1, 0, 0, 0, 1, 1 ], [ 1, 1, 0, 0, 0, 1, 1, 1, 0, 0, 0, 0, 0, 0, 0, 0, 0 
             ], [ 1, 1, 0, 0, 0, 0, 1, 1, 1, 1, 1, 0, 0, 0, 0, 0, 0 ], 
          [ 1, 1, 1, 0, 0, 0, 1, 1, 0, 1, 1, 1, 1, 0, 0, 0, 0 ], [ 1, 1, 1, 1, 0, 0, 0, 1, 0, 1, 1, 1, 1, 1, 1, 0, 0 
             ], [ 1, 1, 1, 1, 0, 0, 0, 0, 0, 0, 1, 1, 1, 0, 1, 1, 0 ], 
          [ 1, 1, 1, 1, 0, 0, 0, 0, 0, 0, 0, 0, 1, 0, 1, 0, 1 ], [ 1, 1, 1, 1, 0, 0, 0, 1, 0, 1, 0, 0, 1, 1, 1, 1, 1 
             ], [ 1, 1, 1, 0, 0, 0, 1, 0, 0, 0, 1, 1, 1, 1, 0, 1, 0 ], 
          [ 1, 1, 1, 0, 0, 0, 1, 0, 0, 0, 0, 0, 1, 1, 0, 0, 1 ], [ 1, 1, 1, 0, 0, 0, 1, 1, 0, 1, 0, 0, 1, 0, 0, 1, 1 
             ], [ 1, 1, 0, 1, 0, 0, 0, 1, 1, 1, 1, 0, 0, 1, 1, 0, 0 ], 
          [ 1, 1, 0, 1, 0, 0, 0, 0, 1, 0, 1, 0, 0, 0, 1, 1, 0 ], [ 1, 1, 0, 1, 0, 0, 0, 0, 1, 0, 0, 1, 0, 0, 1, 0, 1 
             ], [ 1, 1, 0, 1, 0, 0, 0, 1, 1, 1, 0, 1, 0, 1, 1, 1, 1 ], 
          [ 1, 1, 0, 0, 0, 0, 1, 0, 1, 0, 1, 0, 0, 1, 0, 1, 0 ], [ 1, 1, 0, 0, 0, 0, 1, 0, 1, 0, 0, 1, 0, 1, 0, 0, 1 
             ], [ 1, 1, 0, 0, 0, 0, 1, 1, 1, 1, 0, 1, 0, 0, 0, 1, 1 ], 
          [ 1, 1, 1, 0, 0, 1, 1, 1, 1, 0, 0, 1, 1, 0, 0, 0, 0 ], [ 1, 1, 1, 1, 0, 1, 0, 1, 1, 0, 0, 1, 1, 1, 1, 0, 0 
             ], [ 1, 1, 1, 1, 0, 1, 0, 0, 1, 1, 0, 1, 1, 0, 1, 1, 0 ], 
          [ 1, 1, 1, 1, 0, 1, 0, 0, 1, 1, 1, 0, 1, 0, 1, 0, 1 ], [ 1, 1, 1, 1, 0, 1, 0, 1, 1, 0, 1, 0, 1, 1, 1, 1, 1 
             ], [ 1, 1, 1, 0, 0, 1, 1, 0, 1, 1, 0, 1, 1, 1, 0, 1, 0 ], 
          [ 1, 1, 1, 0, 0, 1, 1, 0, 1, 1, 1, 0, 1, 1, 0, 0, 1 ], [ 1, 1, 1, 0, 0, 1, 1, 1, 1, 0, 1, 0, 1, 0, 0, 1, 1 
             ], [ 1, 1, 0, 1, 0, 1, 0, 1, 0, 0, 0, 0, 0, 1, 1, 0, 0 ], 
          [ 1, 1, 0, 1, 0, 1, 0, 0, 0, 1, 0, 0, 0, 0, 1, 1, 0 ], [ 1, 1, 0, 1, 0, 1, 0, 0, 0, 1, 1, 1, 0, 0, 1, 0, 1 
             ], [ 1, 1, 0, 1, 0, 1, 0, 1, 0, 0, 1, 1, 0, 1, 1, 1, 1 ], 
          [ 1, 1, 0, 0, 0, 1, 1, 0, 0, 1, 0, 0, 0, 1, 0, 1, 0 ], [ 1, 1, 0, 0, 0, 1, 1, 0, 0, 1, 1, 1, 0, 1, 0, 0, 1 
             ], [ 1, 1, 0, 0, 0, 1, 1, 1, 0, 0, 1, 1, 0, 0, 0, 1, 1 ], 
          [ 1, 0, 0, 0, 0, 1, 0, 0, 1, 1, 1, 0, 0, 0, 0, 0, 0 ], [ 1, 0, 1, 0, 0, 1, 0, 0, 0, 1, 1, 1, 1, 0, 0, 0, 0 
             ], [ 1, 0, 1, 1, 0, 1, 1, 0, 0, 1, 1, 1, 1, 1, 1, 0, 0 ], 
          [ 1, 0, 1, 1, 0, 1, 1, 1, 0, 0, 1, 1, 1, 0, 1, 1, 0 ], [ 1, 0, 1, 1, 0, 1, 1, 1, 0, 0, 0, 0, 1, 0, 1, 0, 1 
             ], [ 1, 0, 1, 1, 0, 1, 1, 0, 0, 1, 0, 0, 1, 1, 1, 1, 1 ], 
          [ 1, 0, 1, 0, 0, 1, 0, 1, 0, 0, 1, 1, 1, 1, 0, 1, 0 ], [ 1, 0, 1, 0, 0, 1, 0, 1, 0, 0, 0, 0, 1, 1, 0, 0, 1 
             ], [ 1, 0, 1, 0, 0, 1, 0, 0, 0, 1, 0, 0, 1, 0, 0, 1, 1 ], 
          [ 1, 0, 0, 1, 0, 1, 1, 0, 1, 1, 1, 0, 0, 1, 1, 0, 0 ], [ 1, 0, 0, 1, 0, 1, 1, 1, 1, 0, 1, 0, 0, 0, 1, 1, 0 
             ], [ 1, 0, 0, 1, 0, 1, 1, 1, 1, 0, 0, 1, 0, 0, 1, 0, 1 ], 
          [ 1, 0, 0, 1, 0, 1, 1, 0, 1, 1, 0, 1, 0, 1, 1, 1, 1 ], [ 1, 0, 0, 0, 0, 1, 0, 1, 1, 0, 1, 0, 0, 1, 0, 1, 0 
             ], [ 1, 0, 0, 0, 0, 1, 0, 1, 1, 0, 0, 1, 0, 1, 0, 0, 1 ], 
          [ 1, 0, 0, 0, 0, 1, 0, 0, 1, 1, 0, 1, 0, 0, 0, 1, 1 ], [ 1, 0, 1, 0, 0, 0, 0, 0, 1, 0, 0, 1, 1, 0, 0, 0, 0 
             ], [ 1, 0, 1, 1, 0, 0, 1, 0, 1, 0, 0, 1, 1, 1, 1, 0, 0 ], 
          [ 1, 0, 1, 1, 0, 0, 1, 1, 1, 1, 0, 1, 1, 0, 1, 1, 0 ], [ 1, 0, 1, 1, 0, 0, 1, 1, 1, 1, 1, 0, 1, 0, 1, 0, 1 
             ], [ 1, 0, 1, 1, 0, 0, 1, 0, 1, 0, 1, 0, 1, 1, 1, 1, 1 ], 
          [ 1, 0, 1, 0, 0, 0, 0, 1, 1, 1, 0, 1, 1, 1, 0, 1, 0 ], [ 1, 0, 1, 0, 0, 0, 0, 1, 1, 1, 1, 0, 1, 1, 0, 0, 1 
             ], [ 1, 0, 1, 0, 0, 0, 0, 0, 1, 0, 1, 0, 1, 0, 0, 1, 1 ], 
          [ 1, 0, 0, 1, 0, 0, 1, 0, 0, 0, 0, 0, 0, 1, 1, 0, 0 ], [ 1, 0, 0, 1, 0, 0, 1, 1, 0, 1, 0, 0, 0, 0, 1, 1, 0 
             ], [ 1, 0, 0, 1, 0, 0, 1, 1, 0, 1, 1, 1, 0, 0, 1, 0, 1 ], 
          [ 1, 0, 0, 1, 0, 0, 1, 0, 0, 0, 1, 1, 0, 1, 1, 1, 1 ], [ 1, 0, 0, 0, 0, 0, 0, 1, 0, 1, 0, 0, 0, 1, 0, 1, 0 
             ], [ 1, 0, 0, 0, 0, 0, 0, 1, 0, 1, 1, 1, 0, 1, 0, 0, 1 ], 
          [ 1, 0, 0, 0, 0, 0, 0, 0, 0, 0, 1, 1, 0, 0, 0, 1, 1 ] ] ) );
