return rec(
  EXT := [ [ 1, 0, 0, 0, 0, 0, 0, 0, 0, 0, 0, 0, 0, 0, 0, 0, 0, 0, 0, 0, 0, 0, 0, 0, 0, 0 ], 
      [ 1, 1, 1, 1, 1, 1, 0, 0, 0, 0, 0, 0, 0, 0, 0, 0, 0, 0, 0, 0, 0, 0, 0, 0, 0, 0 ], 
      [ 1, 1, 1, 1, 1, 1, 1, 1, 1, 1, 1, 0, 0, 0, 0, 0, 0, 0, 0, 0, 0, 0, 0, 0, 0, 0 ], 
      [ 1, 1, 1, 1, 1, 1, 1, 1, 1, 1, 1, 1, 1, 1, 1, 1, 0, 0, 0, 0, 0, 0, 0, 0, 0, 0 ], 
      [ 1, 0, 1, 1, 1, 1, 0, 1, 1, 1, 1, 0, 1, 1, 1, 1, 1, 1, 1, 1, 0, 0, 0, 0, 0, 0 ], 
      [ 1, 0, 0, 1, 1, 1, 0, 0, 1, 1, 1, 0, 0, 1, 1, 1, 0, 1, 1, 1, 1, 1, 1, 0, 0, 0 ], 
      [ 1, 0, 0, 0, 1, 1, 0, 0, 0, 1, 1, 0, 0, 0, 1, 1, 0, 0, 1, 1, 0, 1, 1, 1, 1, 0 ], 
      [ 1, 0, 0, 0, 0, 1, 0, 0, 0, 0, 1, 0, 0, 0, 0, 1, 0, 0, 0, 1, 0, 0, 1, 0, 1, 1 ], 
      [ 1, 0, 0, 1, 0, 1, 0, 0, 1, 0, 1, 0, 0, 1, 0, 1, 0, 1, 0, 1, 1, 0, 1, 1, 0, 1 ], 
      [ 1, 0, 1, 0, 1, 1, 0, 1, 0, 1, 1, 0, 1, 0, 1, 1, 1, 0, 1, 1, 1, 0, 0, 1, 1, 0 ], 
      [ 1, 0, 1, 0, 0, 1, 0, 1, 0, 0, 1, 0, 1, 0, 0, 1, 1, 0, 0, 1, 1, 1, 0, 0, 1, 1 ], 
      [ 1, 0, 1, 1, 0, 1, 0, 1, 1, 0, 1, 0, 1, 1, 0, 1, 1, 1, 0, 1, 0, 1, 0, 1, 0, 1 ], 
      [ 1, 1, 0, 1, 1, 1, 1, 0, 1, 1, 1, 1, 0, 1, 1, 1, 1, 0, 0, 0, 1, 1, 1, 0, 0, 0 ], 
      [ 1, 1, 0, 0, 1, 1, 1, 0, 0, 1, 1, 1, 0, 0, 1, 1, 1, 1, 0, 0, 0, 1, 1, 1, 1, 0 ], 
      [ 1, 1, 0, 0, 0, 1, 1, 0, 0, 0, 1, 1, 0, 0, 0, 1, 1, 1, 1, 0, 0, 0, 1, 0, 1, 1 ], 
      [ 1, 1, 0, 1, 0, 1, 1, 0, 1, 0, 1, 1, 0, 1, 0, 1, 1, 0, 1, 0, 1, 0, 1, 1, 0, 1 ], 
      [ 1, 1, 1, 0, 1, 1, 1, 1, 0, 1, 1, 1, 1, 0, 1, 1, 0, 1, 0, 0, 1, 0, 0, 1, 1, 0 ], 
      [ 1, 1, 1, 0, 0, 1, 1, 1, 0, 0, 1, 1, 1, 0, 0, 1, 0, 1, 1, 0, 1, 1, 0, 0, 1, 1 ], 
      [ 1, 1, 1, 1, 0, 1, 1, 1, 1, 0, 1, 1, 1, 1, 0, 1, 0, 0, 1, 0, 0, 1, 0, 1, 0, 1 ], 
      [ 1, 0, 1, 1, 1, 1, 0, 1, 1, 1, 1, 1, 0, 0, 0, 0, 1, 1, 1, 1, 0, 0, 0, 0, 0, 0 ], 
      [ 1, 0, 0, 1, 1, 1, 0, 0, 1, 1, 1, 1, 1, 0, 0, 0, 0, 1, 1, 1, 1, 1, 1, 0, 0, 0 ], 
      [ 1, 0, 0, 0, 1, 1, 0, 0, 0, 1, 1, 1, 1, 1, 0, 0, 0, 0, 1, 1, 0, 1, 1, 1, 1, 0 ], 
      [ 1, 0, 0, 0, 0, 1, 0, 0, 0, 0, 1, 1, 1, 1, 1, 0, 0, 0, 0, 1, 0, 0, 1, 0, 1, 1 ], 
      [ 1, 0, 0, 1, 0, 1, 0, 0, 1, 0, 1, 1, 1, 0, 1, 0, 0, 1, 0, 1, 1, 0, 1, 1, 0, 1 ], 
      [ 1, 0, 1, 0, 1, 1, 0, 1, 0, 1, 1, 1, 0, 1, 0, 0, 1, 0, 1, 1, 1, 0, 0, 1, 1, 0 ], 
      [ 1, 0, 1, 0, 0, 1, 0, 1, 0, 0, 1, 1, 0, 1, 1, 0, 1, 0, 0, 1, 1, 1, 0, 0, 1, 1 ], 
      [ 1, 0, 1, 1, 0, 1, 0, 1, 1, 0, 1, 1, 0, 0, 1, 0, 1, 1, 0, 1, 0, 1, 0, 1, 0, 1 ], 
      [ 1, 1, 0, 1, 1, 1, 1, 0, 1, 1, 1, 0, 1, 0, 0, 0, 1, 0, 0, 0, 1, 1, 1, 0, 0, 0 ], 
      [ 1, 1, 0, 0, 1, 1, 1, 0, 0, 1, 1, 0, 1, 1, 0, 0, 1, 1, 0, 0, 0, 1, 1, 1, 1, 0 ], 
      [ 1, 1, 0, 0, 0, 1, 1, 0, 0, 0, 1, 0, 1, 1, 1, 0, 1, 1, 1, 0, 0, 0, 1, 0, 1, 1 ], 
      [ 1, 1, 0, 1, 0, 1, 1, 0, 1, 0, 1, 0, 1, 0, 1, 0, 1, 0, 1, 0, 1, 0, 1, 1, 0, 1 ], 
      [ 1, 1, 1, 0, 1, 1, 1, 1, 0, 1, 1, 0, 0, 1, 0, 0, 0, 1, 0, 0, 1, 0, 0, 1, 1, 0 ], 
      [ 1, 1, 1, 0, 0, 1, 1, 1, 0, 0, 1, 0, 0, 1, 1, 0, 0, 1, 1, 0, 1, 1, 0, 0, 1, 1 ], 
      [ 1, 1, 1, 1, 0, 1, 1, 1, 1, 0, 1, 0, 0, 0, 1, 0, 0, 0, 1, 0, 0, 1, 0, 1, 0, 1 ], 
      [ 1, 1, 1, 1, 1, 1, 0, 0, 0, 0, 0, 1, 1, 1, 1, 1, 0, 0, 0, 0, 0, 0, 0, 0, 0, 0 ], 
      [ 1, 0, 1, 1, 1, 1, 1, 0, 0, 0, 0, 0, 1, 1, 1, 1, 1, 1, 1, 1, 0, 0, 0, 0, 0, 0 ], 
      [ 1, 0, 0, 1, 1, 1, 1, 1, 0, 0, 0, 0, 0, 1, 1, 1, 0, 1, 1, 1, 1, 1, 1, 0, 0, 0 ], 
      [ 1, 0, 0, 0, 1, 1, 1, 1, 1, 0, 0, 0, 0, 0, 1, 1, 0, 0, 1, 1, 0, 1, 1, 1, 1, 0 ], 
      [ 1, 0, 0, 0, 0, 1, 1, 1, 1, 1, 0, 0, 0, 0, 0, 1, 0, 0, 0, 1, 0, 0, 1, 0, 1, 1 ], 
      [ 1, 0, 0, 1, 0, 1, 1, 1, 0, 1, 0, 0, 0, 1, 0, 1, 0, 1, 0, 1, 1, 0, 1, 1, 0, 1 ], 
      [ 1, 0, 1, 0, 1, 1, 1, 0, 1, 0, 0, 0, 1, 0, 1, 1, 1, 0, 1, 1, 1, 0, 0, 1, 1, 0 ], 
      [ 1, 0, 1, 0, 0, 1, 1, 0, 1, 1, 0, 0, 1, 0, 0, 1, 1, 0, 0, 1, 1, 1, 0, 0, 1, 1 ], 
      [ 1, 0, 1, 1, 0, 1, 1, 0, 0, 1, 0, 0, 1, 1, 0, 1, 1, 1, 0, 1, 0, 1, 0, 1, 0, 1 ], 
      [ 1, 1, 0, 1, 1, 1, 0, 1, 0, 0, 0, 1, 0, 1, 1, 1, 1, 0, 0, 0, 1, 1, 1, 0, 0, 0 ], 
      [ 1, 1, 0, 0, 1, 1, 0, 1, 1, 0, 0, 1, 0, 0, 1, 1, 1, 1, 0, 0, 0, 1, 1, 1, 1, 0 ], 
      [ 1, 1, 0, 0, 0, 1, 0, 1, 1, 1, 0, 1, 0, 0, 0, 1, 1, 1, 1, 0, 0, 0, 1, 0, 1, 1 ], 
      [ 1, 1, 0, 1, 0, 1, 0, 1, 0, 1, 0, 1, 0, 1, 0, 1, 1, 0, 1, 0, 1, 0, 1, 1, 0, 1 ], 
      [ 1, 1, 1, 0, 1, 1, 0, 0, 1, 0, 0, 1, 1, 0, 1, 1, 0, 1, 0, 0, 1, 0, 0, 1, 1, 0 ], 
      [ 1, 1, 1, 0, 0, 1, 0, 0, 1, 1, 0, 1, 1, 0, 0, 1, 0, 1, 1, 0, 1, 1, 0, 0, 1, 1 ], 
      [ 1, 1, 1, 1, 0, 1, 0, 0, 0, 1, 0, 1, 1, 1, 0, 1, 0, 0, 1, 0, 0, 1, 0, 1, 0, 1 ], 
      [ 1, 0, 1, 1, 1, 1, 1, 0, 0, 0, 0, 1, 0, 0, 0, 0, 1, 1, 1, 1, 0, 0, 0, 0, 0, 0 ], 
      [ 1, 0, 0, 1, 1, 1, 1, 1, 0, 0, 0, 1, 1, 0, 0, 0, 0, 1, 1, 1, 1, 1, 1, 0, 0, 0 ], 
      [ 1, 0, 0, 0, 1, 1, 1, 1, 1, 0, 0, 1, 1, 1, 0, 0, 0, 0, 1, 1, 0, 1, 1, 1, 1, 0 ], 
      [ 1, 0, 0, 0, 0, 1, 1, 1, 1, 1, 0, 1, 1, 1, 1, 0, 0, 0, 0, 1, 0, 0, 1, 0, 1, 1 ], 
      [ 1, 0, 0, 1, 0, 1, 1, 1, 0, 1, 0, 1, 1, 0, 1, 0, 0, 1, 0, 1, 1, 0, 1, 1, 0, 1 ], 
      [ 1, 0, 1, 0, 1, 1, 1, 0, 1, 0, 0, 1, 0, 1, 0, 0, 1, 0, 1, 1, 1, 0, 0, 1, 1, 0 ], 
      [ 1, 0, 1, 0, 0, 1, 1, 0, 1, 1, 0, 1, 0, 1, 1, 0, 1, 0, 0, 1, 1, 1, 0, 0, 1, 1 ], 
      [ 1, 0, 1, 1, 0, 1, 1, 0, 0, 1, 0, 1, 0, 0, 1, 0, 1, 1, 0, 1, 0, 1, 0, 1, 0, 1 ], 
      [ 1, 1, 0, 1, 1, 1, 0, 1, 0, 0, 0, 0, 1, 0, 0, 0, 1, 0, 0, 0, 1, 1, 1, 0, 0, 0 ], 
      [ 1, 1, 0, 0, 1, 1, 0, 1, 1, 0, 0, 0, 1, 1, 0, 0, 1, 1, 0, 0, 0, 1, 1, 1, 1, 0 ], 
      [ 1, 1, 0, 0, 0, 1, 0, 1, 1, 1, 0, 0, 1, 1, 1, 0, 1, 1, 1, 0, 0, 0, 1, 0, 1, 1 ], 
      [ 1, 1, 0, 1, 0, 1, 0, 1, 0, 1, 0, 0, 1, 0, 1, 0, 1, 0, 1, 0, 1, 0, 1, 1, 0, 1 ], 
      [ 1, 1, 1, 0, 1, 1, 0, 0, 1, 0, 0, 0, 0, 1, 0, 0, 0, 1, 0, 0, 1, 0, 0, 1, 1, 0 ], 
      [ 1, 1, 1, 0, 0, 1, 0, 0, 1, 1, 0, 0, 0, 1, 1, 0, 0, 1, 1, 0, 1, 1, 0, 0, 1, 1 ], 
      [ 1, 1, 1, 1, 0, 1, 0, 0, 0, 1, 0, 0, 0, 0, 1, 0, 0, 0, 1, 0, 0, 1, 0, 1, 0, 1 ], 
      [ 1, 0, 0, 0, 0, 0, 1, 1, 1, 1, 1, 0, 0, 0, 0, 0, 0, 0, 0, 0, 0, 0, 0, 0, 0, 0 ], 
      [ 1, 0, 0, 0, 0, 0, 1, 1, 1, 1, 1, 1, 1, 1, 1, 1, 0, 0, 0, 0, 0, 0, 0, 0, 0, 0 ], 
      [ 1, 1, 0, 0, 0, 0, 0, 1, 1, 1, 1, 0, 1, 1, 1, 1, 1, 1, 1, 1, 0, 0, 0, 0, 0, 0 ], 
      [ 1, 1, 1, 0, 0, 0, 0, 0, 1, 1, 1, 0, 0, 1, 1, 1, 0, 1, 1, 1, 1, 1, 1, 0, 0, 0 ], 
      [ 1, 1, 1, 1, 0, 0, 0, 0, 0, 1, 1, 0, 0, 0, 1, 1, 0, 0, 1, 1, 0, 1, 1, 1, 1, 0 ], 
      [ 1, 1, 1, 1, 1, 0, 0, 0, 0, 0, 1, 0, 0, 0, 0, 1, 0, 0, 0, 1, 0, 0, 1, 0, 1, 1 ], 
      [ 1, 1, 1, 0, 1, 0, 0, 0, 1, 0, 1, 0, 0, 1, 0, 1, 0, 1, 0, 1, 1, 0, 1, 1, 0, 1 ], 
      [ 1, 1, 0, 1, 0, 0, 0, 1, 0, 1, 1, 0, 1, 0, 1, 1, 1, 0, 1, 1, 1, 0, 0, 1, 1, 0 ], 
      [ 1, 1, 0, 1, 1, 0, 0, 1, 0, 0, 1, 0, 1, 0, 0, 1, 1, 0, 0, 1, 1, 1, 0, 0, 1, 1 ], 
      [ 1, 1, 0, 0, 1, 0, 0, 1, 1, 0, 1, 0, 1, 1, 0, 1, 1, 1, 0, 1, 0, 1, 0, 1, 0, 1 ], 
      [ 1, 0, 1, 0, 0, 0, 1, 0, 1, 1, 1, 1, 0, 1, 1, 1, 1, 0, 0, 0, 1, 1, 1, 0, 0, 0 ], 
      [ 1, 0, 1, 1, 0, 0, 1, 0, 0, 1, 1, 1, 0, 0, 1, 1, 1, 1, 0, 0, 0, 1, 1, 1, 1, 0 ], 
      [ 1, 0, 1, 1, 1, 0, 1, 0, 0, 0, 1, 1, 0, 0, 0, 1, 1, 1, 1, 0, 0, 0, 1, 0, 1, 1 ], 
      [ 1, 0, 1, 0, 1, 0, 1, 0, 1, 0, 1, 1, 0, 1, 0, 1, 1, 0, 1, 0, 1, 0, 1, 1, 0, 1 ], 
      [ 1, 0, 0, 1, 0, 0, 1, 1, 0, 1, 1, 1, 1, 0, 1, 1, 0, 1, 0, 0, 1, 0, 0, 1, 1, 0 ], 
      [ 1, 0, 0, 1, 1, 0, 1, 1, 0, 0, 1, 1, 1, 0, 0, 1, 0, 1, 1, 0, 1, 1, 0, 0, 1, 1 ], 
      [ 1, 0, 0, 0, 1, 0, 1, 1, 1, 0, 1, 1, 1, 1, 0, 1, 0, 0, 1, 0, 0, 1, 0, 1, 0, 1 ], 
      [ 1, 1, 0, 0, 0, 0, 0, 1, 1, 1, 1, 1, 0, 0, 0, 0, 1, 1, 1, 1, 0, 0, 0, 0, 0, 0 ], 
      [ 1, 1, 1, 0, 0, 0, 0, 0, 1, 1, 1, 1, 1, 0, 0, 0, 0, 1, 1, 1, 1, 1, 1, 0, 0, 0 ], 
      [ 1, 1, 1, 1, 0, 0, 0, 0, 0, 1, 1, 1, 1, 1, 0, 0, 0, 0, 1, 1, 0, 1, 1, 1, 1, 0 ], 
      [ 1, 1, 1, 1, 1, 0, 0, 0, 0, 0, 1, 1, 1, 1, 1, 0, 0, 0, 0, 1, 0, 0, 1, 0, 1, 1 ], 
      [ 1, 1, 1, 0, 1, 0, 0, 0, 1, 0, 1, 1, 1, 0, 1, 0, 0, 1, 0, 1, 1, 0, 1, 1, 0, 1 ], 
      [ 1, 1, 0, 1, 0, 0, 0, 1, 0, 1, 1, 1, 0, 1, 0, 0, 1, 0, 1, 1, 1, 0, 0, 1, 1, 0 ], 
      [ 1, 1, 0, 1, 1, 0, 0, 1, 0, 0, 1, 1, 0, 1, 1, 0, 1, 0, 0, 1, 1, 1, 0, 0, 1, 1 ], 
      [ 1, 1, 0, 0, 1, 0, 0, 1, 1, 0, 1, 1, 0, 0, 1, 0, 1, 1, 0, 1, 0, 1, 0, 1, 0, 1 ], 
      [ 1, 0, 1, 0, 0, 0, 1, 0, 1, 1, 1, 0, 1, 0, 0, 0, 1, 0, 0, 0, 1, 1, 1, 0, 0, 0 ], 
      [ 1, 0, 1, 1, 0, 0, 1, 0, 0, 1, 1, 0, 1, 1, 0, 0, 1, 1, 0, 0, 0, 1, 1, 1, 1, 0 ], 
      [ 1, 0, 1, 1, 1, 0, 1, 0, 0, 0, 1, 0, 1, 1, 1, 0, 1, 1, 1, 0, 0, 0, 1, 0, 1, 1 ], 
      [ 1, 0, 1, 0, 1, 0, 1, 0, 1, 0, 1, 0, 1, 0, 1, 0, 1, 0, 1, 0, 1, 0, 1, 1, 0, 1 ], 
      [ 1, 0, 0, 1, 0, 0, 1, 1, 0, 1, 1, 0, 0, 1, 0, 0, 0, 1, 0, 0, 1, 0, 0, 1, 1, 0 ], 
      [ 1, 0, 0, 1, 1, 0, 1, 1, 0, 0, 1, 0, 0, 1, 1, 0, 0, 1, 1, 0, 1, 1, 0, 0, 1, 1 ], 
      [ 1, 0, 0, 0, 1, 0, 1, 1, 1, 0, 1, 0, 0, 0, 1, 0, 0, 0, 1, 0, 0, 1, 0, 1, 0, 1 ], 
      [ 1, 0, 0, 0, 0, 0, 0, 0, 0, 0, 0, 1, 1, 1, 1, 1, 0, 0, 0, 0, 0, 0, 0, 0, 0, 0 ], 
      [ 1, 1, 0, 0, 0, 0, 1, 0, 0, 0, 0, 0, 1, 1, 1, 1, 1, 1, 1, 1, 0, 0, 0, 0, 0, 0 ], 
      [ 1, 1, 1, 0, 0, 0, 1, 1, 0, 0, 0, 0, 0, 1, 1, 1, 0, 1, 1, 1, 1, 1, 1, 0, 0, 0 ], 
      [ 1, 1, 1, 1, 0, 0, 1, 1, 1, 0, 0, 0, 0, 0, 1, 1, 0, 0, 1, 1, 0, 1, 1, 1, 1, 0 ], 
      [ 1, 1, 1, 1, 1, 0, 1, 1, 1, 1, 0, 0, 0, 0, 0, 1, 0, 0, 0, 1, 0, 0, 1, 0, 1, 1 ], 
      [ 1, 1, 1, 0, 1, 0, 1, 1, 0, 1, 0, 0, 0, 1, 0, 1, 0, 1, 0, 1, 1, 0, 1, 1, 0, 1 ], 
      [ 1, 1, 0, 1, 0, 0, 1, 0, 1, 0, 0, 0, 1, 0, 1, 1, 1, 0, 1, 1, 1, 0, 0, 1, 1, 0 ], 
      [ 1, 1, 0, 1, 1, 0, 1, 0, 1, 1, 0, 0, 1, 0, 0, 1, 1, 0, 0, 1, 1, 1, 0, 0, 1, 1 ], 
      [ 1, 1, 0, 0, 1, 0, 1, 0, 0, 1, 0, 0, 1, 1, 0, 1, 1, 1, 0, 1, 0, 1, 0, 1, 0, 1 ], 
      [ 1, 0, 1, 0, 0, 0, 0, 1, 0, 0, 0, 1, 0, 1, 1, 1, 1, 0, 0, 0, 1, 1, 1, 0, 0, 0 ], 
      [ 1, 0, 1, 1, 0, 0, 0, 1, 1, 0, 0, 1, 0, 0, 1, 1, 1, 1, 0, 0, 0, 1, 1, 1, 1, 0 ], 
      [ 1, 0, 1, 1, 1, 0, 0, 1, 1, 1, 0, 1, 0, 0, 0, 1, 1, 1, 1, 0, 0, 0, 1, 0, 1, 1 ], 
      [ 1, 0, 1, 0, 1, 0, 0, 1, 0, 1, 0, 1, 0, 1, 0, 1, 1, 0, 1, 0, 1, 0, 1, 1, 0, 1 ], 
      [ 1, 0, 0, 1, 0, 0, 0, 0, 1, 0, 0, 1, 1, 0, 1, 1, 0, 1, 0, 0, 1, 0, 0, 1, 1, 0 ], 
      [ 1, 0, 0, 1, 1, 0, 0, 0, 1, 1, 0, 1, 1, 0, 0, 1, 0, 1, 1, 0, 1, 1, 0, 0, 1, 1 ], 
      [ 1, 0, 0, 0, 1, 0, 0, 0, 0, 1, 0, 1, 1, 1, 0, 1, 0, 0, 1, 0, 0, 1, 0, 1, 0, 1 ], 
      [ 1, 1, 0, 0, 0, 0, 1, 0, 0, 0, 0, 1, 0, 0, 0, 0, 1, 1, 1, 1, 0, 0, 0, 0, 0, 0 ], 
      [ 1, 1, 1, 0, 0, 0, 1, 1, 0, 0, 0, 1, 1, 0, 0, 0, 0, 1, 1, 1, 1, 1, 1, 0, 0, 0 ], 
      [ 1, 1, 1, 1, 0, 0, 1, 1, 1, 0, 0, 1, 1, 1, 0, 0, 0, 0, 1, 1, 0, 1, 1, 1, 1, 0 ], 
      [ 1, 1, 1, 1, 1, 0, 1, 1, 1, 1, 0, 1, 1, 1, 1, 0, 0, 0, 0, 1, 0, 0, 1, 0, 1, 1 ], 
      [ 1, 1, 1, 0, 1, 0, 1, 1, 0, 1, 0, 1, 1, 0, 1, 0, 0, 1, 0, 1, 1, 0, 1, 1, 0, 1 ], 
      [ 1, 1, 0, 1, 0, 0, 1, 0, 1, 0, 0, 1, 0, 1, 0, 0, 1, 0, 1, 1, 1, 0, 0, 1, 1, 0 ], 
      [ 1, 1, 0, 1, 1, 0, 1, 0, 1, 1, 0, 1, 0, 1, 1, 0, 1, 0, 0, 1, 1, 1, 0, 0, 1, 1 ], 
      [ 1, 1, 0, 0, 1, 0, 1, 0, 0, 1, 0, 1, 0, 0, 1, 0, 1, 1, 0, 1, 0, 1, 0, 1, 0, 1 ], 
      [ 1, 0, 1, 0, 0, 0, 0, 1, 0, 0, 0, 0, 1, 0, 0, 0, 1, 0, 0, 0, 1, 1, 1, 0, 0, 0 ], 
      [ 1, 0, 1, 1, 0, 0, 0, 1, 1, 0, 0, 0, 1, 1, 0, 0, 1, 1, 0, 0, 0, 1, 1, 1, 1, 0 ], 
      [ 1, 0, 1, 1, 1, 0, 0, 1, 1, 1, 0, 0, 1, 1, 1, 0, 1, 1, 1, 0, 0, 0, 1, 0, 1, 1 ], 
      [ 1, 0, 1, 0, 1, 0, 0, 1, 0, 1, 0, 0, 1, 0, 1, 0, 1, 0, 1, 0, 1, 0, 1, 1, 0, 1 ], 
      [ 1, 0, 0, 1, 0, 0, 0, 0, 1, 0, 0, 0, 0, 1, 0, 0, 0, 1, 0, 0, 1, 0, 0, 1, 1, 0 ], 
      [ 1, 0, 0, 1, 1, 0, 0, 0, 1, 1, 0, 0, 0, 1, 1, 0, 0, 1, 1, 0, 1, 1, 0, 0, 1, 1 ], 
      [ 1, 0, 0, 0, 1, 0, 0, 0, 0, 1, 0, 0, 0, 0, 1, 0, 0, 0, 1, 0, 0, 1, 0, 1, 0, 1 ] ],
  GRP := Group( [ (  7,  9)( 10, 12)( 14, 16)( 17, 19)( 22, 24)( 25, 27)( 29, 31)( 32, 34)( 38, 40)( 41, 43)( 45, 47)
        ( 48, 50)( 53, 55)( 56, 58)( 60, 62)( 63, 65)( 70, 72)( 73, 75)( 77, 79)( 80, 82)( 85, 87)( 88, 90)( 92, 94)
        ( 95, 97)(101,103)(104,106)(108,110)(111,113)(116,118)(119,121)(123,125)(126,128), 
      (  6, 10)(  9, 11)( 13, 17)( 16, 18)( 21, 25)( 24, 26)( 28, 32)( 31, 33)( 37, 41)( 40, 42)( 44, 48)( 47, 49)
        ( 52, 56)( 55, 57)( 59, 63)( 62, 64)( 69, 73)( 72, 74)( 76, 80)( 79, 81)( 84, 88)( 87, 89)( 91, 95)( 94, 96)
        (100,104)(103,105)(107,111)(110,112)(115,119)(118,120)(122,126)(125,127), 
      (  2, 66)(  6, 10, 12,124)(  7, 11,123,127)(  8,122,126,128)(  9,125)( 13, 17, 19,117)( 14, 18,116,120)
        ( 15,115,119,121)( 16,118)( 21, 25, 27,109)( 22, 26,108,112)( 23,107,111,113)( 24,110)( 28, 32, 34,102)
        ( 29, 33,101,105)( 30,100,104,106)( 31,103)( 35, 67)( 36, 68)( 37, 73, 43, 61)( 38, 74, 92, 64)
        ( 39, 59, 95, 65)( 40, 62)( 41, 75, 93, 69)( 42, 60, 96, 70)( 44, 80, 50, 54)( 45, 81, 85, 57)
        ( 46, 52, 88, 58)( 47, 55)( 48, 82, 86, 76)( 49, 53, 89, 77)( 51, 83)( 56, 90, 78, 84)( 63, 97, 71, 91)
        ( 72, 94)( 79, 87), (  5, 13)( 10, 14)( 11, 15)( 12, 16)( 20, 28)( 25, 29)( 26, 30)( 27, 31)( 36, 44)
        ( 41, 45)( 42, 46)( 43, 47)( 51, 59)( 56, 60)( 57, 61)( 58, 62)( 68, 76)( 73, 77)( 74, 78)( 75, 79)( 83, 91)
        ( 88, 92)( 89, 93)( 90, 94)( 99,107)(104,108)(105,109)(106,110)(114,122)(119,123)(120,124)(121,125), 
      (  3, 35)( 20, 36)( 21, 37)( 22, 38)( 23, 39)( 24, 40)( 25, 41)( 26, 42)( 27, 43)( 28, 44)( 29, 45)( 30, 46)
        ( 31, 47)( 32, 48)( 33, 49)( 34, 50)( 66, 98)( 83, 99)( 84,100)( 85,101)( 86,102)( 87,103)( 88,104)( 89,105)
        ( 90,106)( 91,107)( 92,108)( 93,109)( 94,110)( 95,111)( 96,112)( 97,113), (  1,  2, 35, 98)(  3,  4, 67, 66)
        (  5, 68, 83, 20)(  6, 73, 90,109)(  7, 74, 45,112)(  8, 59, 48,113)(  9, 62, 87,110)( 10, 75, 46, 21)
        ( 11, 60, 49, 22)( 12, 61, 84, 25)( 13, 80, 97,102)( 14, 81, 38,105)( 15, 52, 41,106)( 16, 55, 94,103)
        ( 17, 82, 39, 28)( 18, 53, 42, 29)( 19, 54, 91, 32)( 23,122, 63, 50)( 24,125, 72, 47)( 26,123, 64, 85)
        ( 27,124, 69, 88)( 30,115, 56, 43)( 31,118, 79, 40)( 33,116, 57, 92)( 34,117, 76, 95)( 36, 99,114, 51)
        ( 37,104,121, 78)( 44,111,128, 71)( 58, 93,100,119)( 65, 86,107,126)( 70, 89,108,127)( 77, 96,101,120), 
      (  1,  5)(  2, 36, 98, 68, 66, 20)(  3, 51, 35, 99, 67, 83)(  4,114)(  6,126, 12,  8)(  7,127,123, 11)
        ( 10,128,124,122)( 13,119, 19, 15)( 14,120,116, 18)( 17,121,117,115)( 21, 63, 43, 23, 69, 95, 27, 71, 37,111,
         75, 39)( 22, 64, 92, 26, 70, 96,108, 74, 38,112, 60, 42)( 24, 72, 40)( 25, 65, 93,107, 73, 97,109, 59, 41,
         113, 61, 91)( 28, 56, 50, 30, 76, 88, 34, 78, 44,104, 82, 46)( 29, 57, 85, 33, 77, 89,101, 81, 45,105, 53,
          49)( 31, 79, 47)( 32, 58, 86,100, 80, 90,102, 52, 48,106, 54, 84)( 55, 87,103)( 62, 94,110) ] ),
  LOrb := 
   [ [ 6, 7, 9, 10, 11, 12, 13, 14, 16, 17, 18, 19, 21, 22, 24, 25, 26, 27, 28, 29, 31, 32, 33, 34, 38, 39, 40, 42, 
          45, 46, 47, 49, 53, 54, 55, 57, 60, 61, 62, 64, 69, 70, 72, 73, 74, 75, 76, 77, 79, 80, 81, 82, 84, 85, 
          87, 88, 89, 90, 91, 92, 94, 95, 96, 97, 101, 102, 103, 105, 108, 109, 110, 112, 116, 117, 118, 120, 123, 
          124, 125, 127 ], [ 3, 4, 5, 6, 7, 10, 11, 12, 13, 14, 17, 18, 19, 20, 21, 22, 25, 26, 27, 28, 29, 32, 33, 
          34, 37, 38, 39, 40, 42, 43, 44, 45, 46, 47, 49, 50, 52, 53, 54, 55, 57, 58, 59, 60, 61, 62, 64, 65, 66, 
          67, 68, 69, 70, 73, 74, 75, 76, 77, 80, 81, 82, 83, 84, 85, 88, 89, 90, 91, 92, 95, 96, 97, 100, 101, 102, 
          103, 105, 106, 107, 108, 109, 110, 112, 113, 115, 116, 117, 118, 120, 121, 122, 123, 124, 125, 127, 128 ], 
      [ 7, 8, 9, 10, 11, 12, 14, 15, 16, 17, 18, 19, 22, 23, 24, 25, 26, 27, 29, 30, 31, 32, 33, 34, 38, 39, 40, 41, 
          42, 43, 45, 46, 47, 48, 49, 50, 53, 54, 55, 56, 57, 58, 60, 61, 62, 63, 64, 65, 70, 71, 72, 73, 74, 75, 
          77, 78, 79, 80, 81, 82, 85, 86, 87, 88, 89, 90, 92, 93, 94, 95, 96, 97, 101, 102, 103, 104, 105, 106, 108, 
          109, 110, 111, 112, 113, 116, 117, 118, 119, 120, 121, 123, 124, 125, 126, 127, 128 ], 
      [ 1, 2, 3, 4, 8, 10, 11, 12, 14, 15, 16, 17, 19, 23, 25, 26, 27, 29, 30, 31, 32, 34, 35, 39, 41, 42, 43, 45, 
          46, 47, 48, 50, 54, 56, 57, 58, 60, 61, 62, 63, 65, 66, 67, 71, 73, 74, 75, 77, 78, 79, 80, 82, 86, 88, 
          89, 90, 92, 93, 94, 95, 97, 98, 102, 104, 105, 106, 108, 109, 110, 111, 113, 117, 119, 120, 121, 123, 124, 
          125, 126, 128 ], [ 6, 7, 9, 10, 11, 12, 14, 15, 16, 18, 22, 23, 24, 26, 30, 37, 38, 40, 41, 42, 43, 45, 
          46, 47, 49, 53, 54, 55, 57, 61, 69, 70, 72, 73, 74, 75, 77, 78, 79, 81, 85, 86, 87, 89, 93, 100, 101, 103, 
          104, 105, 106, 108, 109, 110, 112, 116, 117, 118, 120, 124 ], 
      [ 6, 7, 10, 14, 22, 23, 37, 38, 41, 45, 53, 54, 68, 69, 72, 73, 74, 75, 76, 77, 78, 79, 80, 81, 86, 87, 89, 
          93, 99, 100, 103, 104, 105, 106, 107, 108, 109, 110, 111, 112, 117, 118, 120, 124 ], 
      [ 6, 7, 10, 12, 14, 16, 18, 19, 22, 37, 38, 41, 43, 45, 47, 49, 50, 53, 70, 72, 74, 75, 78, 79, 81, 85, 86, 
          87, 89, 93, 101, 103, 105, 106, 109, 110, 112, 116, 117, 118, 120, 124 ], 
      [ 6, 7, 9, 10, 14, 22, 23, 24, 37, 38, 40, 41, 45, 53, 54, 55, 72, 73, 74, 75, 77, 78, 79, 80, 81, 86, 87, 89, 
          93, 103, 104, 105, 106, 108, 109, 110, 111, 112, 117, 118, 120, 124 ], 
      [ 5, 6, 7, 9, 10, 12, 13, 14, 16, 22, 23, 24, 36, 37, 38, 40, 41, 43, 44, 45, 47, 53, 54, 55, 73, 74, 75, 77, 
          78, 79, 80, 81, 82, 86, 89, 93, 104, 105, 106, 108, 109, 110, 111, 112, 113, 117, 120, 124 ], 
      [ 5, 6, 10, 12, 13, 14, 16, 17, 18, 19, 36, 37, 41, 43, 44, 45, 47, 48, 49, 50, 69, 70, 72, 73, 74, 75, 77, 
          78, 79, 81, 85, 86, 87, 89, 93, 100, 101, 103, 104, 105, 106, 108, 109, 110, 112, 116, 117, 118, 120, 124 ]
        , [ 5, 6, 10, 13, 14, 17, 19, 37, 38, 41, 43, 45, 47, 49, 50, 53, 101, 103, 105, 106, 109, 110, 112, 116, 
          117, 118, 120, 124 ], [ 5, 6, 7, 10, 12, 13, 14, 16, 19, 22, 41, 45, 48, 49, 50, 70, 72, 75, 79, 85, 86, 
          87, 105, 109, 112, 117, 120, 124 ], [ 5, 6, 10, 12, 19, 37, 38, 41, 43, 45, 47, 49, 50, 53, 75, 101, 103, 
          105, 106, 109, 110, 112, 116, 117, 118, 120, 124 ], 
      [ 6, 10, 12, 14, 16, 17, 18, 19, 38, 41, 45, 49, 53, 72, 75, 79, 81, 87, 101, 103, 105, 109, 112, 116, 117, 
          118, 120, 124 ], [ 6, 12, 16, 19, 37, 38, 41, 44, 45, 47, 49, 50, 53, 72, 74, 75, 79, 86, 87, 89, 101, 
          105, 109, 110, 112, 116, 117, 120, 124 ], 
      [ 3, 4, 5, 6, 10, 12, 13, 17, 19, 20, 21, 25, 27, 28, 32, 34, 37, 38, 40, 41, 42, 43, 44, 45, 47, 48, 49, 50, 
          52, 53, 55, 56, 57, 58, 59, 60, 62, 63, 64, 65, 101, 102, 103, 105, 108, 109, 110, 112, 116, 117, 118, 
          120, 123, 124, 125, 127 ], [ 5, 6, 10, 13, 14, 17, 19, 29, 37, 38, 41, 43, 45, 47, 49, 50, 53, 60, 61, 62, 
          64, 101, 103, 105, 106, 116, 117, 118, 120, 124 ], 
      [ 5, 6, 10, 13, 14, 17, 19, 20, 21, 25, 28, 29, 32, 34, 37, 38, 41, 43, 45, 47, 49, 50, 52, 53, 56, 58, 60, 
          62, 64, 65, 101, 102, 103, 105, 109, 116, 117, 118, 120, 124 ], 
      [ 4, 5, 13, 17, 19, 37, 38, 41, 43, 45, 47, 49, 50, 53, 101, 103, 105, 106, 109, 110, 112, 116, 117, 118, 120, 
          124 ], [ 4, 5, 13, 17, 19, 36, 37, 41, 43, 44, 45, 47, 48, 49, 50, 52, 53, 56, 60, 103, 105, 106, 109, 
          110, 112, 116, 117, 118, 120, 124 ], [ 4, 5, 13, 17, 19, 36, 37, 41, 43, 44, 45, 47, 48, 49, 50, 100, 101, 
          103, 104, 105, 106, 108, 109, 110, 112, 116, 117, 118, 120, 124 ], 
      [ 4, 5, 13, 17, 19, 37, 38, 40, 41, 42, 43, 45, 46, 47, 49, 53, 54, 55, 57, 61, 67, 68, 76, 80, 82, 100, 101, 
          103, 104, 105, 106, 108, 109, 110, 112, 116, 117, 118, 120, 124 ], 
      [ 5, 6, 7, 10, 12, 13, 14, 16, 19, 22, 41, 45, 48, 49, 50, 57, 61, 64, 69, 70, 72, 75, 79, 85, 86, 87, 117, 
          120, 124 ], [ 5, 6, 7, 10, 12, 13, 14, 16, 19, 22, 29, 31, 41, 45, 48, 49, 50, 60, 61, 64, 70, 72, 75, 85, 
          86, 87, 105, 117, 120, 124 ], [ 5, 6, 7, 10, 12, 13, 14, 16, 19, 20, 21, 22, 25, 27, 28, 29, 31, 34, 41, 
          45, 48, 49, 50, 56, 60, 63, 64, 65, 70, 71, 72, 85, 86, 87, 102, 105, 109, 117, 120, 124 ], 
      [ 4, 5, 7, 10, 12, 13, 14, 16, 19, 22, 48, 49, 50, 70, 72, 75, 79, 85, 86, 87, 105, 109, 112, 117, 120, 124 ], 
      [ 4, 5, 10, 12, 13, 14, 16, 17, 19, 22, 25, 29, 48, 49, 50, 72, 75, 79, 85, 86, 87, 105, 109, 112, 117, 120, 
          124 ], [ 4, 5, 10, 12, 13, 14, 16, 17, 19, 20, 21, 22, 25, 28, 29, 48, 49, 50, 71, 72, 74, 75, 78, 79, 85, 
          86, 87, 105, 109, 112 ], [ 4, 5, 10, 12, 13, 14, 16, 17, 19, 22, 25, 29, 41, 42, 43, 48, 49, 50, 56, 57, 
          72, 75, 79, 85, 86, 87, 105, 106, 117, 120 ], 
      [ 4, 5, 12, 13, 14, 16, 17, 19, 20, 21, 22, 25, 29, 43, 48, 49, 50, 56, 72, 75, 78, 79, 85, 86, 87, 105, 106, 
          109, 112, 117, 120 ], [ 6, 12, 16, 19, 36, 37, 38, 41, 44, 45, 49, 50, 53, 72, 75, 79, 86, 87, 101, 105, 
          109, 112, 116, 117, 120, 124 ], [ 6, 12, 16, 19, 35, 36, 38, 41, 44, 45, 49, 50, 53, 72, 75, 79, 86, 87, 
          101, 105, 109, 112, 116, 117, 120, 124 ], 
      [ 5, 6, 7, 10, 12, 13, 14, 16, 19, 22, 23, 26, 30, 41, 45, 48, 49, 50, 57, 61, 64, 69, 72, 75, 79, 86, 87 ], 
      [ 5, 6, 7, 10, 12, 13, 14, 16, 19, 22, 23, 41, 45, 48, 49, 50, 54, 57, 61, 69, 72, 75, 79, 86, 87, 117 ], 
      [ 5, 6, 10, 12, 13, 14, 16, 19, 41, 45, 48, 49, 50, 64, 69, 70, 72, 75, 79, 85, 86, 87, 89, 93, 120, 124 ], 
      [ 4, 5, 7, 10, 12, 13, 14, 16, 19, 22, 23, 41, 42, 45, 46, 48, 49, 50, 54, 57, 61, 68, 69, 70, 72, 75, 76, 79, 
          85, 86, 87, 117 ], [ 5, 6, 7, 10, 13, 14, 16, 19, 22, 25, 41, 45, 48, 49, 50, 56, 57, 64, 69, 70, 72, 79, 
          85, 86, 87, 117, 120 ], [ 5, 6, 7, 10, 12, 13, 14, 16, 19, 22, 25, 26, 27, 41, 45, 48, 49, 50, 56, 57, 64, 
          69, 70, 72, 75, 79, 85, 86, 87, 89, 90, 120 ], 
      [ 5, 6, 7, 10, 11, 12, 13, 14, 15, 16, 18, 19, 22, 23, 26, 30, 35, 36, 41, 44, 45, 48, 49, 50, 69, 72, 75, 79, 
          86, 87 ], [ 5, 6, 7, 10, 11, 12, 13, 16, 19, 22, 23, 26, 30, 31, 41, 42, 49, 50, 57, 61, 64, 69, 72, 75, 
          79, 86, 87, 94 ], [ 5, 6, 10, 12, 13, 14, 16, 17, 19, 22, 23, 26, 30, 48, 49, 50, 57, 61, 64, 69, 72, 75, 
          79, 86, 87 ], [ 4, 5, 6, 7, 10, 13, 14, 16, 17, 19, 22, 25, 41, 48, 49, 50, 56, 57, 64, 69, 70, 72, 79, 
          85, 86, 87, 117, 120 ], [ 6, 7, 10, 13, 14, 16, 17, 18, 19, 22, 25, 26, 33, 37, 38, 41, 44, 45, 47, 48, 
          49, 50, 53, 56, 57, 64, 69, 70, 72, 79, 85, 86, 87, 89, 100, 101, 103, 110, 116, 117, 118, 120 ], 
      [ 5, 6, 7, 10, 11, 12, 13, 16, 19, 22, 23, 26, 30, 31, 41, 42, 49, 50, 57, 61, 64, 68, 69, 70, 73, 74, 75, 76, 
          79, 82, 85, 86, 89, 93, 94, 104, 105, 112, 113, 120, 124, 127 ], 
      [ 5, 6, 10, 13, 14, 17, 19, 29, 37, 38, 41, 43, 45, 47, 49, 50, 60, 61, 62, 64, 101, 102, 103, 105, 117, 124 ],
      [ 5, 6, 10, 13, 14, 17, 19, 29, 34, 37, 38, 41, 43, 45, 50, 60, 62, 64, 65, 101, 103, 105, 106, 117, 118, 120, 
          124 ], [ 5, 6, 10, 12, 13, 14, 16, 17, 18, 19, 29, 37, 41, 43, 45, 47, 49, 53, 60, 61, 75, 103, 105, 106, 
          116, 117, 118, 120, 124 ], [ 4, 5, 6, 10, 13, 17, 19, 28, 29, 32, 34, 37, 38, 41, 43, 50, 53, 60, 62, 64, 
          65, 101, 103, 105, 106, 116, 117, 118, 120, 124, 125, 127 ], 
      [ 5, 6, 10, 13, 14, 17, 19, 29, 37, 38, 41, 43, 45, 49, 50, 53, 60, 61, 64, 69, 100, 101, 103, 106, 116, 117, 
          118, 124 ], [ 4, 5, 6, 10, 13, 17, 19, 28, 29, 37, 38, 41, 42, 43, 49, 50, 53, 60, 61, 62, 64, 69, 100, 
          101, 103, 105, 106, 116, 117, 118, 124, 125 ], 
      [ 5, 6, 10, 13, 14, 17, 19, 29, 37, 38, 41, 43, 45, 47, 49, 50, 53, 60, 61, 62, 64, 69, 100, 101, 103, 106, 
          110, 116, 118, 124, 125 ], [ 5, 6, 10, 12, 13, 14, 16, 17, 19, 29, 31, 37, 38, 40, 41, 43, 45, 47, 53, 55, 
          60, 61, 62, 73, 75, 101, 103, 104, 105, 106, 116, 117, 118, 120, 124 ], 
      [ 4, 5, 13, 17, 19, 36, 37, 41, 43, 44, 45, 47, 48, 49, 50, 52, 53, 56, 60, 102, 103, 105, 109, 116, 117 ], 
      [ 4, 5, 13, 17, 19, 36, 37, 41, 43, 44, 45, 47, 48, 49, 50, 52, 53, 56, 60, 100, 103, 106, 110, 115, 116, 118 ]
        , [ 4, 5, 13, 17, 19, 20, 36, 43, 44, 45, 47, 48, 49, 50, 51, 52, 56, 60, 103, 105, 106, 109, 116, 117, 118, 
          120 ], [ 5, 6, 7, 10, 12, 13, 14, 16, 19, 29, 30, 31, 41, 45, 48, 49, 50, 60, 61, 64, 70, 71, 72, 74, 75, 
          86, 93, 105, 124 ], [ 5, 6, 7, 10, 12, 13, 14, 16, 19, 29, 31, 41, 45, 48, 49, 50, 60, 61, 64, 70, 71, 72, 
          86, 102, 105, 117, 124 ], [ 5, 6, 10, 12, 13, 14, 16, 19, 22, 29, 30, 31, 41, 45, 48, 49, 50, 60, 61, 64, 
          75, 85, 86, 87, 89, 93, 120, 124 ], [ 5, 6, 7, 10, 12, 13, 14, 16, 19, 22, 29, 31, 41, 45, 48, 50, 60, 61, 
          70, 73, 75, 85, 86, 104, 105, 117, 120, 124 ], 
      [ 5, 6, 7, 10, 12, 13, 14, 16, 19, 22, 29, 30, 31, 41, 45, 48, 49, 50, 60, 61, 64, 70, 73, 74, 75, 85, 86, 89, 
          93, 104, 105, 112, 120, 124, 127 ], [ 4, 5, 7, 10, 12, 13, 14, 16, 19, 22, 29, 31, 41, 45, 48, 50, 60, 61, 
          70, 73, 75, 85, 86, 104, 105, 117, 120, 124 ], 
      [ 5, 6, 12, 13, 14, 16, 19, 29, 30, 31, 36, 41, 45, 48, 49, 50, 60, 64, 70, 71, 72, 74, 75, 86, 93, 105 ], 
      [ 5, 6, 7, 12, 13, 16, 19, 30, 31, 35, 41, 45, 48, 49, 50, 60, 61, 64, 70, 71, 74, 75, 86, 93, 104, 105, 112, 
          124, 127 ], [ 5, 7, 10, 12, 13, 14, 16, 19, 29, 30, 31, 41, 45, 48, 49, 50, 60, 61, 64, 70, 71, 72, 75, 
          79, 86, 93, 94, 124 ], [ 5, 6, 7, 12, 13, 14, 16, 19, 29, 30, 31, 45, 48, 49, 50, 60, 61, 64, 70, 71, 74, 
          75, 86, 93, 105, 112, 124, 127 ], [ 6, 7, 9, 12, 13, 14, 16, 19, 29, 30, 31, 45, 48, 49, 50, 60, 61, 64, 
          70, 71, 72, 74, 75, 86, 93, 105, 112, 124, 127 ], 
      [ 7, 10, 11, 12, 13, 14, 16, 19, 29, 30, 31, 41, 42, 45, 48, 49, 50, 60, 61, 64, 70, 71, 72, 74, 75, 79, 86, 
          93, 94, 105, 124 ], [ 4, 5, 6, 7, 12, 13, 14, 19, 28, 29, 30, 31, 34, 35, 45, 48, 49, 50, 60, 61, 64, 65, 
          70, 71, 74, 75, 86, 93, 105, 112, 124, 127 ], 
      [ 5, 6, 7, 8, 12, 13, 16, 19, 23, 30, 31, 35, 41, 45, 48, 49, 60, 61, 64, 71, 74, 75, 86, 104, 105, 112, 127 ],
      [ 5, 6, 7, 12, 13, 16, 19, 31, 35, 41, 45, 48, 49, 50, 60, 64, 70, 71, 74, 75, 79, 86, 93, 94, 112, 124, 127 ],
      [ 5, 6, 7, 9, 12, 16, 19, 30, 31, 35, 36, 38, 41, 45, 48, 50, 60, 61, 71, 74, 75, 86, 93, 104, 105, 112, 124, 
          127 ], [ 5, 6, 12, 16, 19, 30, 31, 35, 36, 41, 45, 48, 49, 50, 60, 61, 64, 71, 74, 75, 86, 93, 104, 105, 
          112, 124, 127 ], [ 5, 6, 9, 12, 16, 19, 30, 31, 35, 36, 41, 48, 49, 50, 60, 61, 63, 64, 71, 72, 74, 75, 
          86, 93, 104, 105, 112, 124, 127 ], [ 5, 6, 7, 9, 12, 16, 19, 22, 29, 30, 31, 35, 36, 41, 48, 50, 60, 63, 
          71, 74, 75, 86, 93, 104, 105, 112, 127 ], 
      [ 5, 6, 7, 9, 12, 14, 16, 19, 29, 30, 31, 35, 36, 45, 48, 50, 60, 71, 74, 75, 86, 93, 104, 105, 112, 127 ], 
      [ 5, 6, 9, 12, 16, 19, 21, 22, 28, 29, 30, 31, 35, 36, 41, 48, 49, 50, 60, 63, 71, 72, 74, 75, 85, 86, 93, 
          104, 105, 112 ], [ 4, 5, 12, 13, 16, 17, 19, 20, 21, 25, 28, 29, 32, 48, 49, 50, 63, 71, 72, 74, 78, 85, 
          86, 105, 109, 112 ], [ 4, 5, 12, 13, 16, 19, 20, 21, 28, 35, 48, 49, 50, 71, 72, 74, 75, 78, 79, 84, 85, 
          86, 87, 105, 109, 112 ], [ 5, 6, 7, 10, 11, 12, 14, 15, 18, 22, 23, 26, 30, 36, 41, 45, 48, 49, 69, 72, 
          75, 78, 79, 86, 87, 93 ], [ 4, 5, 12, 13, 16, 17, 18, 19, 21, 22, 25, 29, 43, 49, 56, 72, 75, 78, 79, 81, 
          85, 86, 105, 106, 112, 117, 120 ], [ 4, 5, 12, 13, 16, 17, 21, 22, 25, 29, 43, 47, 48, 49, 50, 72, 75, 79, 
          85, 86, 87, 105, 106, 109, 110, 112, 117 ], 
      [ 5, 6, 10, 12, 13, 14, 16, 17, 18, 19, 20, 21, 25, 27, 28, 29, 31, 32, 33, 34, 36, 37, 41, 43, 44, 45, 47, 
          48, 49, 50, 51, 52, 56, 58, 59, 60, 62, 63, 64, 65, 70, 71, 72, 74, 78, 85, 86, 87, 89, 93, 101, 102, 103, 
          105, 109, 116, 117, 118, 120, 124 ] ],
  eRec := rec(
      GRA := rec(
          adjacencies := [ [ 4, 5, 6, 7, 8 ], [ 4, 5, 6, 7, 8 ], [ 4, 5, 6, 7, 8 ], [ 1, 2, 3, 5, 6, 7, 8 ], 
              [ 1, 2, 3, 4, 6, 7, 8 ], [ 1, 2, 3, 4, 5, 7, 8 ], [ 1, 2, 3, 4, 5, 6, 8 ], [ 1, 2, 3, 4, 5, 6, 7 ] ],
          autGroup := Group( [ (7,8), (6,7), (5,6), (4,5), (2,3), (1,2) ] ),
          group := Group( [ () ] ),
          isGraph := true,
          isSimple := true,
          order := 8,
          representatives := [ 1, 2, 3, 4, 5, 6, 7, 8 ],
          schreierVector := [ -1, -2, -3, -4, -5, -6, -7, -8 ] ),
      GRPcanonic := Group( [ (  8,128)(  9,127)( 11,125)( 12,124)( 15,121)( 16,120)( 18,118)( 19,117)( 23,113)
            ( 24,112)( 26,110)( 27,109)( 30,106)( 31,105)( 33,103)( 34,102)( 39, 97)( 40, 96)( 42, 94)( 43, 93)
            ( 46, 90)( 47, 89)( 49, 87)( 50, 86)( 54, 82)( 55, 81)( 57, 79)( 58, 78)( 61, 75)( 62, 74)( 64, 72)
            ( 65, 71), (  7,  9)( 10, 12)( 14, 16)( 17, 19)( 22, 24)( 25, 27)( 29, 31)( 32, 34)( 38, 40)( 41, 43)
            ( 45, 47)( 48, 50)( 53, 55)( 56, 58)( 60, 62)( 63, 65)( 70, 72)( 73, 75)( 77, 79)( 80, 82)( 85, 87)
            ( 88, 90)( 92, 94)( 95, 97)(101,103)(104,106)(108,110)(111,113)(116,118)(119,121)(123,125)(126,128), 
          (  6, 10)(  9, 11)( 13, 17)( 16, 18)( 21, 25)( 24, 26)( 28, 32)( 31, 33)( 37, 41)( 40, 42)( 44, 48)
            ( 47, 49)( 52, 56)( 55, 57)( 59, 63)( 62, 64)( 69, 73)( 72, 74)( 76, 80)( 79, 81)( 84, 88)( 87, 89)
            ( 91, 95)( 94, 96)(100,104)(103,105)(107,111)(110,112)(115,119)(118,120)(122,126)(125,127), 
          (  5, 13)( 10, 14)( 11, 15)( 12, 16)( 20, 28)( 25, 29)( 26, 30)( 27, 31)( 36, 44)( 41, 45)( 42, 46)
            ( 43, 47)( 51, 59)( 56, 60)( 57, 61)( 58, 62)( 68, 76)( 73, 77)( 74, 78)( 75, 79)( 83, 91)( 88, 92)
            ( 89, 93)( 90, 94)( 99,107)(104,108)(105,109)(106,110)(114,122)(119,123)(120,124)(121,125), 
          (  3, 35)( 20, 36)( 21, 37)( 22, 38)( 23, 39)( 24, 40)( 25, 41)( 26, 42)( 27, 43)( 28, 44)( 29, 45)
            ( 30, 46)( 31, 47)( 32, 48)( 33, 49)( 34, 50)( 66, 98)( 83, 99)( 84,100)( 85,101)( 86,102)( 87,103)
            ( 88,104)( 89,105)( 90,106)( 91,107)( 92,108)( 93,109)( 94,110)( 95,111)( 96,112)( 97,113), 
          (  2, 66)( 35, 67)( 36, 68)( 37, 69)( 38, 70)( 39, 71)( 40, 72)( 41, 73)( 42, 74)( 43, 75)( 44, 76)
            ( 45, 77)( 46, 78)( 47, 79)( 48, 80)( 49, 81)( 50, 82)( 51, 83)( 52, 84)( 53, 85)( 54, 86)( 55, 87)
            ( 56, 88)( 57, 89)( 58, 90)( 59, 91)( 60, 92)( 61, 93)( 62, 94)( 63, 95)( 64, 96)( 65, 97), 
          (  1,  2)(  3, 66)(  4, 67)(  5, 68)(  6, 69)(  7, 70)(  8, 71)(  9, 72)( 10, 73)( 11, 74)( 12, 75)
            ( 13, 76)( 14, 77)( 15, 78)( 16, 79)( 17, 80)( 18, 81)( 19, 82)( 20, 83)( 21, 84)( 22, 85)( 23, 86)
            ( 24, 87)( 25, 88)( 26, 89)( 27, 90)( 28, 91)( 29, 92)( 30, 93)( 31, 94)( 32, 95)( 33, 96)( 34, 97)
            ( 35, 98)( 36, 99)( 37,100)( 38,101)( 39,102)( 40,103)( 41,104)( 42,105)( 43,106)( 44,107)( 45,108)
            ( 46,109)( 47,110)( 48,111)( 49,112)( 50,113)( 51,114)( 52,115)( 53,116)( 54,117)( 55,118)( 56,119)
            ( 57,120)( 58,121)( 59,122)( 60,123)( 61,124)( 62,125)( 63,126)( 64,127)( 65,128), 
          (  1, 66)(  2,  3)(  4, 35)(  5, 36)(  6, 37)(  7, 38)(  8, 39)(  9, 40)( 10, 41)( 11, 42)( 12, 43)
            ( 13, 44)( 14, 45)( 15, 46)( 16, 47)( 17, 48)( 18, 49)( 19, 50)( 20, 51)( 21, 52)( 22, 53)( 23, 54)
            ( 24, 55)( 25, 56)( 26, 57)( 27, 58)( 28, 59)( 29, 60)( 30, 61)( 31, 62)( 32, 63)( 33, 64)( 34, 65)
            ( 67, 98)( 68, 99)( 69,100)( 70,101)( 71,102)( 72,103)( 73,104)( 74,105)( 75,106)( 76,107)( 77,108)
            ( 78,109)( 79,110)( 80,111)( 81,112)( 82,113)( 83,114)( 84,115)( 85,116)( 86,117)( 87,118)( 88,119)
            ( 89,120)( 90,121)( 91,122)( 92,123)( 93,124)( 94,125)( 95,126)( 96,127)( 97,128), 
          (  1, 98)(  2, 35)(  3,  4)(  5, 20)(  6, 21)(  7, 22)(  8, 23)(  9, 24)( 10, 25)( 11, 26)( 12, 27)
            ( 13, 28)( 14, 29)( 15, 30)( 16, 31)( 17, 32)( 18, 33)( 19, 34)( 36, 51)( 37, 52)( 38, 53)( 39, 54)
            ( 40, 55)( 41, 56)( 42, 57)( 43, 58)( 44, 59)( 45, 60)( 46, 61)( 47, 62)( 48, 63)( 49, 64)( 50, 65)
            ( 66, 67)( 68, 83)( 69, 84)( 70, 85)( 71, 86)( 72, 87)( 73, 88)( 74, 89)( 75, 90)( 76, 91)( 77, 92)
            ( 78, 93)( 79, 94)( 80, 95)( 81, 96)( 82, 97)( 99,114)(100,115)(101,116)(102,117)(103,118)(104,119)
            (105,120)(106,121)(107,122)(108,123)(109,124)(110,125)(111,126)(112,127)(113,128), 
          (  1,114)(  2, 51)(  3, 20)(  4,  5)(  6, 13)(  7, 14)(  8, 15)(  9, 16)( 10, 17)( 11, 18)( 12, 19)
            ( 21, 28)( 22, 29)( 23, 30)( 24, 31)( 25, 32)( 26, 33)( 27, 34)( 35, 36)( 37, 44)( 38, 45)( 39, 46)
            ( 40, 47)( 41, 48)( 42, 49)( 43, 50)( 52, 59)( 53, 60)( 54, 61)( 55, 62)( 56, 63)( 57, 64)( 58, 65)
            ( 66, 83)( 67, 68)( 69, 76)( 70, 77)( 71, 78)( 72, 79)( 73, 80)( 74, 81)( 75, 82)( 84, 91)( 85, 92)
            ( 86, 93)( 87, 94)( 88, 95)( 89, 96)( 90, 97)( 98, 99)(100,107)(101,108)(102,109)(103,110)(104,111)
            (105,112)(106,113)(115,122)(116,123)(117,124)(118,125)(119,126)(120,127)(121,128), 
          (  1,122)(  2, 59)(  3, 28)(  4, 13)(  5,  6)(  7, 10)(  8, 11)(  9, 12)( 14, 17)( 15, 18)( 16, 19)
            ( 20, 21)( 22, 25)( 23, 26)( 24, 27)( 29, 32)( 30, 33)( 31, 34)( 35, 44)( 36, 37)( 38, 41)( 39, 42)
            ( 40, 43)( 45, 48)( 46, 49)( 47, 50)( 51, 52)( 53, 56)( 54, 57)( 55, 58)( 60, 63)( 61, 64)( 62, 65)
            ( 66, 91)( 67, 76)( 68, 69)( 70, 73)( 71, 74)( 72, 75)( 77, 80)( 78, 81)( 79, 82)( 83, 84)( 85, 88)
            ( 86, 89)( 87, 90)( 92, 95)( 93, 96)( 94, 97)( 98,107)( 99,100)(101,104)(102,105)(103,106)(108,111)
            (109,112)(110,113)(114,115)(116,119)(117,120)(118,121)(123,126)(124,127)(125,128), 
          (  1,126)(  2, 63)(  3, 32)(  4, 17)(  5, 10)(  6,  7)(  8,  9)( 11, 12)( 13, 14)( 15, 16)( 18, 19)
            ( 20, 25)( 21, 22)( 23, 24)( 26, 27)( 28, 29)( 30, 31)( 33, 34)( 35, 48)( 36, 41)( 37, 38)( 39, 40)
            ( 42, 43)( 44, 45)( 46, 47)( 49, 50)( 51, 56)( 52, 53)( 54, 55)( 57, 58)( 59, 60)( 61, 62)( 64, 65)
            ( 66, 95)( 67, 80)( 68, 73)( 69, 70)( 71, 72)( 74, 75)( 76, 77)( 78, 79)( 81, 82)( 83, 88)( 84, 85)
            ( 86, 87)( 89, 90)( 91, 92)( 93, 94)( 96, 97)( 98,111)( 99,104)(100,101)(102,103)(105,106)(107,108)
            (109,110)(112,113)(114,119)(115,116)(117,118)(120,121)(122,123)(124,125)(127,128), 
          (  1,128)(  2, 65)(  3, 34)(  4, 19)(  5, 12)(  6,  9)(  7,  8)( 10, 11)( 13, 16)( 14, 15)( 17, 18)
            ( 20, 27)( 21, 24)( 22, 23)( 25, 26)( 28, 31)( 29, 30)( 32, 33)( 35, 50)( 36, 43)( 37, 40)( 38, 39)
            ( 41, 42)( 44, 47)( 45, 46)( 48, 49)( 51, 58)( 52, 55)( 53, 54)( 56, 57)( 59, 62)( 60, 61)( 63, 64)
            ( 66, 97)( 67, 82)( 68, 75)( 69, 72)( 70, 71)( 73, 74)( 76, 79)( 77, 78)( 80, 81)( 83, 90)( 84, 87)
            ( 85, 86)( 88, 89)( 91, 94)( 92, 93)( 95, 96)( 98,113)( 99,106)(100,103)(101,102)(104,105)(107,110)
            (108,109)(111,112)(114,121)(115,118)(116,117)(119,120)(122,125)(123,124)(126,127), 
          (  1,  8)(  2, 71)(  3,102)(  4,117)(  5,124)(  6,127)(  7,128)(  9,126)( 10,125)( 11,122)( 12,123)
            ( 13,120)( 14,121)( 15,114)( 16,119)( 17,118)( 18,115)( 19,116)( 20,109)( 21,112)( 22,113)( 23, 98)
            ( 24,111)( 25,110)( 26,107)( 27,108)( 28,105)( 29,106)( 30, 99)( 31,104)( 32,103)( 33,100)( 34,101)
            ( 35, 86)( 36, 93)( 37, 96)( 38, 97)( 39, 66)( 40, 95)( 41, 94)( 42, 91)( 43, 92)( 44, 89)( 45, 90)
            ( 46, 83)( 47, 88)( 48, 87)( 49, 84)( 50, 85)( 51, 78)( 52, 81)( 53, 82)( 54, 67)( 55, 80)( 56, 79)
            ( 57, 76)( 58, 77)( 59, 74)( 60, 75)( 61, 68)( 62, 73)( 63, 72)( 64, 69)( 65, 70) ] ),
      ListEdges := [ [ 1, 4 ], [ 1, 5 ], [ 1, 6 ], [ 1, 7 ], [ 1, 8 ], [ 2, 4 ], [ 2, 5 ], [ 2, 6 ], [ 2, 7 ], 
          [ 2, 8 ], [ 3, 4 ], [ 3, 5 ], [ 3, 6 ], [ 3, 7 ], [ 3, 8 ], [ 4, 5 ], [ 4, 6 ], [ 4, 7 ], [ 4, 8 ], 
          [ 5, 6 ], [ 5, 7 ], [ 5, 8 ], [ 6, 7 ], [ 6, 8 ], [ 7, 8 ] ],
      ListSet := [ [  ], [ 1 ], [ 1, 2 ], [ 1, 2, 3 ], [ 1, 2, 3, 4 ], [ 1, 2, 3, 4, 5 ], [ 1, 2, 3, 4, 5, 6 ], 
          [ 1, 2, 3, 4, 5, 6, 7 ], [ 1, 2, 3, 4, 5, 7 ], [ 1, 2, 3, 4, 6 ], [ 1, 2, 3, 4, 6, 7 ], [ 1, 2, 3, 4, 7 ], 
          [ 1, 2, 3, 5 ], [ 1, 2, 3, 5, 6 ], [ 1, 2, 3, 5, 6, 7 ], [ 1, 2, 3, 5, 7 ], [ 1, 2, 3, 6 ], 
          [ 1, 2, 3, 6, 7 ], [ 1, 2, 3, 7 ], [ 1, 2, 4 ], [ 1, 2, 4, 5 ], [ 1, 2, 4, 5, 6 ], [ 1, 2, 4, 5, 6, 7 ], 
          [ 1, 2, 4, 5, 7 ], [ 1, 2, 4, 6 ], [ 1, 2, 4, 6, 7 ], [ 1, 2, 4, 7 ], [ 1, 2, 5 ], [ 1, 2, 5, 6 ], 
          [ 1, 2, 5, 6, 7 ], [ 1, 2, 5, 7 ], [ 1, 2, 6 ], [ 1, 2, 6, 7 ], [ 1, 2, 7 ], [ 1, 3 ], [ 1, 3, 4 ], 
          [ 1, 3, 4, 5 ], [ 1, 3, 4, 5, 6 ], [ 1, 3, 4, 5, 6, 7 ], [ 1, 3, 4, 5, 7 ], [ 1, 3, 4, 6 ], 
          [ 1, 3, 4, 6, 7 ], [ 1, 3, 4, 7 ], [ 1, 3, 5 ], [ 1, 3, 5, 6 ], [ 1, 3, 5, 6, 7 ], [ 1, 3, 5, 7 ], 
          [ 1, 3, 6 ], [ 1, 3, 6, 7 ], [ 1, 3, 7 ], [ 1, 4 ], [ 1, 4, 5 ], [ 1, 4, 5, 6 ], [ 1, 4, 5, 6, 7 ], 
          [ 1, 4, 5, 7 ], [ 1, 4, 6 ], [ 1, 4, 6, 7 ], [ 1, 4, 7 ], [ 1, 5 ], [ 1, 5, 6 ], [ 1, 5, 6, 7 ], 
          [ 1, 5, 7 ], [ 1, 6 ], [ 1, 6, 7 ], [ 1, 7 ], [ 2 ], [ 2, 3 ], [ 2, 3, 4 ], [ 2, 3, 4, 5 ], 
          [ 2, 3, 4, 5, 6 ], [ 2, 3, 4, 5, 6, 7 ], [ 2, 3, 4, 5, 7 ], [ 2, 3, 4, 6 ], [ 2, 3, 4, 6, 7 ], 
          [ 2, 3, 4, 7 ], [ 2, 3, 5 ], [ 2, 3, 5, 6 ], [ 2, 3, 5, 6, 7 ], [ 2, 3, 5, 7 ], [ 2, 3, 6 ], 
          [ 2, 3, 6, 7 ], [ 2, 3, 7 ], [ 2, 4 ], [ 2, 4, 5 ], [ 2, 4, 5, 6 ], [ 2, 4, 5, 6, 7 ], [ 2, 4, 5, 7 ], 
          [ 2, 4, 6 ], [ 2, 4, 6, 7 ], [ 2, 4, 7 ], [ 2, 5 ], [ 2, 5, 6 ], [ 2, 5, 6, 7 ], [ 2, 5, 7 ], [ 2, 6 ], 
          [ 2, 6, 7 ], [ 2, 7 ], [ 3 ], [ 3, 4 ], [ 3, 4, 5 ], [ 3, 4, 5, 6 ], [ 3, 4, 5, 6, 7 ], [ 3, 4, 5, 7 ], 
          [ 3, 4, 6 ], [ 3, 4, 6, 7 ], [ 3, 4, 7 ], [ 3, 5 ], [ 3, 5, 6 ], [ 3, 5, 6, 7 ], [ 3, 5, 7 ], [ 3, 6 ], 
          [ 3, 6, 7 ], [ 3, 7 ], [ 4 ], [ 4, 5 ], [ 4, 5, 6 ], [ 4, 5, 6, 7 ], [ 4, 5, 7 ], [ 4, 6 ], [ 4, 6, 7 ], 
          [ 4, 7 ], [ 5 ], [ 5, 6 ], [ 5, 6, 7 ], [ 5, 7 ], [ 6 ], [ 6, 7 ], [ 7 ] ],
      ListVect := [ [ 1, 0, 0, 0, 0, 0, 0, 0, 0, 0, 0, 0, 0, 0, 0, 0, 0, 0, 0, 0, 0, 0, 0, 0, 0, 0 ], 
          [ 1, 1, 1, 1, 1, 1, 0, 0, 0, 0, 0, 0, 0, 0, 0, 0, 0, 0, 0, 0, 0, 0, 0, 0, 0, 0 ], 
          [ 1, 1, 1, 1, 1, 1, 1, 1, 1, 1, 1, 0, 0, 0, 0, 0, 0, 0, 0, 0, 0, 0, 0, 0, 0, 0 ], 
          [ 1, 1, 1, 1, 1, 1, 1, 1, 1, 1, 1, 1, 1, 1, 1, 1, 0, 0, 0, 0, 0, 0, 0, 0, 0, 0 ], 
          [ 1, 0, 1, 1, 1, 1, 0, 1, 1, 1, 1, 0, 1, 1, 1, 1, 1, 1, 1, 1, 0, 0, 0, 0, 0, 0 ], 
          [ 1, 0, 0, 1, 1, 1, 0, 0, 1, 1, 1, 0, 0, 1, 1, 1, 0, 1, 1, 1, 1, 1, 1, 0, 0, 0 ], 
          [ 1, 0, 0, 0, 1, 1, 0, 0, 0, 1, 1, 0, 0, 0, 1, 1, 0, 0, 1, 1, 0, 1, 1, 1, 1, 0 ], 
          [ 1, 0, 0, 0, 0, 1, 0, 0, 0, 0, 1, 0, 0, 0, 0, 1, 0, 0, 0, 1, 0, 0, 1, 0, 1, 1 ], 
          [ 1, 0, 0, 1, 0, 1, 0, 0, 1, 0, 1, 0, 0, 1, 0, 1, 0, 1, 0, 1, 1, 0, 1, 1, 0, 1 ], 
          [ 1, 0, 1, 0, 1, 1, 0, 1, 0, 1, 1, 0, 1, 0, 1, 1, 1, 0, 1, 1, 1, 0, 0, 1, 1, 0 ], 
          [ 1, 0, 1, 0, 0, 1, 0, 1, 0, 0, 1, 0, 1, 0, 0, 1, 1, 0, 0, 1, 1, 1, 0, 0, 1, 1 ], 
          [ 1, 0, 1, 1, 0, 1, 0, 1, 1, 0, 1, 0, 1, 1, 0, 1, 1, 1, 0, 1, 0, 1, 0, 1, 0, 1 ], 
          [ 1, 1, 0, 1, 1, 1, 1, 0, 1, 1, 1, 1, 0, 1, 1, 1, 1, 0, 0, 0, 1, 1, 1, 0, 0, 0 ], 
          [ 1, 1, 0, 0, 1, 1, 1, 0, 0, 1, 1, 1, 0, 0, 1, 1, 1, 1, 0, 0, 0, 1, 1, 1, 1, 0 ], 
          [ 1, 1, 0, 0, 0, 1, 1, 0, 0, 0, 1, 1, 0, 0, 0, 1, 1, 1, 1, 0, 0, 0, 1, 0, 1, 1 ], 
          [ 1, 1, 0, 1, 0, 1, 1, 0, 1, 0, 1, 1, 0, 1, 0, 1, 1, 0, 1, 0, 1, 0, 1, 1, 0, 1 ], 
          [ 1, 1, 1, 0, 1, 1, 1, 1, 0, 1, 1, 1, 1, 0, 1, 1, 0, 1, 0, 0, 1, 0, 0, 1, 1, 0 ], 
          [ 1, 1, 1, 0, 0, 1, 1, 1, 0, 0, 1, 1, 1, 0, 0, 1, 0, 1, 1, 0, 1, 1, 0, 0, 1, 1 ], 
          [ 1, 1, 1, 1, 0, 1, 1, 1, 1, 0, 1, 1, 1, 1, 0, 1, 0, 0, 1, 0, 0, 1, 0, 1, 0, 1 ], 
          [ 1, 0, 1, 1, 1, 1, 0, 1, 1, 1, 1, 1, 0, 0, 0, 0, 1, 1, 1, 1, 0, 0, 0, 0, 0, 0 ], 
          [ 1, 0, 0, 1, 1, 1, 0, 0, 1, 1, 1, 1, 1, 0, 0, 0, 0, 1, 1, 1, 1, 1, 1, 0, 0, 0 ], 
          [ 1, 0, 0, 0, 1, 1, 0, 0, 0, 1, 1, 1, 1, 1, 0, 0, 0, 0, 1, 1, 0, 1, 1, 1, 1, 0 ], 
          [ 1, 0, 0, 0, 0, 1, 0, 0, 0, 0, 1, 1, 1, 1, 1, 0, 0, 0, 0, 1, 0, 0, 1, 0, 1, 1 ], 
          [ 1, 0, 0, 1, 0, 1, 0, 0, 1, 0, 1, 1, 1, 0, 1, 0, 0, 1, 0, 1, 1, 0, 1, 1, 0, 1 ], 
          [ 1, 0, 1, 0, 1, 1, 0, 1, 0, 1, 1, 1, 0, 1, 0, 0, 1, 0, 1, 1, 1, 0, 0, 1, 1, 0 ], 
          [ 1, 0, 1, 0, 0, 1, 0, 1, 0, 0, 1, 1, 0, 1, 1, 0, 1, 0, 0, 1, 1, 1, 0, 0, 1, 1 ], 
          [ 1, 0, 1, 1, 0, 1, 0, 1, 1, 0, 1, 1, 0, 0, 1, 0, 1, 1, 0, 1, 0, 1, 0, 1, 0, 1 ], 
          [ 1, 1, 0, 1, 1, 1, 1, 0, 1, 1, 1, 0, 1, 0, 0, 0, 1, 0, 0, 0, 1, 1, 1, 0, 0, 0 ], 
          [ 1, 1, 0, 0, 1, 1, 1, 0, 0, 1, 1, 0, 1, 1, 0, 0, 1, 1, 0, 0, 0, 1, 1, 1, 1, 0 ], 
          [ 1, 1, 0, 0, 0, 1, 1, 0, 0, 0, 1, 0, 1, 1, 1, 0, 1, 1, 1, 0, 0, 0, 1, 0, 1, 1 ], 
          [ 1, 1, 0, 1, 0, 1, 1, 0, 1, 0, 1, 0, 1, 0, 1, 0, 1, 0, 1, 0, 1, 0, 1, 1, 0, 1 ], 
          [ 1, 1, 1, 0, 1, 1, 1, 1, 0, 1, 1, 0, 0, 1, 0, 0, 0, 1, 0, 0, 1, 0, 0, 1, 1, 0 ], 
          [ 1, 1, 1, 0, 0, 1, 1, 1, 0, 0, 1, 0, 0, 1, 1, 0, 0, 1, 1, 0, 1, 1, 0, 0, 1, 1 ], 
          [ 1, 1, 1, 1, 0, 1, 1, 1, 1, 0, 1, 0, 0, 0, 1, 0, 0, 0, 1, 0, 0, 1, 0, 1, 0, 1 ], 
          [ 1, 1, 1, 1, 1, 1, 0, 0, 0, 0, 0, 1, 1, 1, 1, 1, 0, 0, 0, 0, 0, 0, 0, 0, 0, 0 ], 
          [ 1, 0, 1, 1, 1, 1, 1, 0, 0, 0, 0, 0, 1, 1, 1, 1, 1, 1, 1, 1, 0, 0, 0, 0, 0, 0 ], 
          [ 1, 0, 0, 1, 1, 1, 1, 1, 0, 0, 0, 0, 0, 1, 1, 1, 0, 1, 1, 1, 1, 1, 1, 0, 0, 0 ], 
          [ 1, 0, 0, 0, 1, 1, 1, 1, 1, 0, 0, 0, 0, 0, 1, 1, 0, 0, 1, 1, 0, 1, 1, 1, 1, 0 ], 
          [ 1, 0, 0, 0, 0, 1, 1, 1, 1, 1, 0, 0, 0, 0, 0, 1, 0, 0, 0, 1, 0, 0, 1, 0, 1, 1 ], 
          [ 1, 0, 0, 1, 0, 1, 1, 1, 0, 1, 0, 0, 0, 1, 0, 1, 0, 1, 0, 1, 1, 0, 1, 1, 0, 1 ], 
          [ 1, 0, 1, 0, 1, 1, 1, 0, 1, 0, 0, 0, 1, 0, 1, 1, 1, 0, 1, 1, 1, 0, 0, 1, 1, 0 ], 
          [ 1, 0, 1, 0, 0, 1, 1, 0, 1, 1, 0, 0, 1, 0, 0, 1, 1, 0, 0, 1, 1, 1, 0, 0, 1, 1 ], 
          [ 1, 0, 1, 1, 0, 1, 1, 0, 0, 1, 0, 0, 1, 1, 0, 1, 1, 1, 0, 1, 0, 1, 0, 1, 0, 1 ], 
          [ 1, 1, 0, 1, 1, 1, 0, 1, 0, 0, 0, 1, 0, 1, 1, 1, 1, 0, 0, 0, 1, 1, 1, 0, 0, 0 ], 
          [ 1, 1, 0, 0, 1, 1, 0, 1, 1, 0, 0, 1, 0, 0, 1, 1, 1, 1, 0, 0, 0, 1, 1, 1, 1, 0 ], 
          [ 1, 1, 0, 0, 0, 1, 0, 1, 1, 1, 0, 1, 0, 0, 0, 1, 1, 1, 1, 0, 0, 0, 1, 0, 1, 1 ], 
          [ 1, 1, 0, 1, 0, 1, 0, 1, 0, 1, 0, 1, 0, 1, 0, 1, 1, 0, 1, 0, 1, 0, 1, 1, 0, 1 ], 
          [ 1, 1, 1, 0, 1, 1, 0, 0, 1, 0, 0, 1, 1, 0, 1, 1, 0, 1, 0, 0, 1, 0, 0, 1, 1, 0 ], 
          [ 1, 1, 1, 0, 0, 1, 0, 0, 1, 1, 0, 1, 1, 0, 0, 1, 0, 1, 1, 0, 1, 1, 0, 0, 1, 1 ], 
          [ 1, 1, 1, 1, 0, 1, 0, 0, 0, 1, 0, 1, 1, 1, 0, 1, 0, 0, 1, 0, 0, 1, 0, 1, 0, 1 ], 
          [ 1, 0, 1, 1, 1, 1, 1, 0, 0, 0, 0, 1, 0, 0, 0, 0, 1, 1, 1, 1, 0, 0, 0, 0, 0, 0 ], 
          [ 1, 0, 0, 1, 1, 1, 1, 1, 0, 0, 0, 1, 1, 0, 0, 0, 0, 1, 1, 1, 1, 1, 1, 0, 0, 0 ], 
          [ 1, 0, 0, 0, 1, 1, 1, 1, 1, 0, 0, 1, 1, 1, 0, 0, 0, 0, 1, 1, 0, 1, 1, 1, 1, 0 ], 
          [ 1, 0, 0, 0, 0, 1, 1, 1, 1, 1, 0, 1, 1, 1, 1, 0, 0, 0, 0, 1, 0, 0, 1, 0, 1, 1 ], 
          [ 1, 0, 0, 1, 0, 1, 1, 1, 0, 1, 0, 1, 1, 0, 1, 0, 0, 1, 0, 1, 1, 0, 1, 1, 0, 1 ], 
          [ 1, 0, 1, 0, 1, 1, 1, 0, 1, 0, 0, 1, 0, 1, 0, 0, 1, 0, 1, 1, 1, 0, 0, 1, 1, 0 ], 
          [ 1, 0, 1, 0, 0, 1, 1, 0, 1, 1, 0, 1, 0, 1, 1, 0, 1, 0, 0, 1, 1, 1, 0, 0, 1, 1 ], 
          [ 1, 0, 1, 1, 0, 1, 1, 0, 0, 1, 0, 1, 0, 0, 1, 0, 1, 1, 0, 1, 0, 1, 0, 1, 0, 1 ], 
          [ 1, 1, 0, 1, 1, 1, 0, 1, 0, 0, 0, 0, 1, 0, 0, 0, 1, 0, 0, 0, 1, 1, 1, 0, 0, 0 ], 
          [ 1, 1, 0, 0, 1, 1, 0, 1, 1, 0, 0, 0, 1, 1, 0, 0, 1, 1, 0, 0, 0, 1, 1, 1, 1, 0 ], 
          [ 1, 1, 0, 0, 0, 1, 0, 1, 1, 1, 0, 0, 1, 1, 1, 0, 1, 1, 1, 0, 0, 0, 1, 0, 1, 1 ], 
          [ 1, 1, 0, 1, 0, 1, 0, 1, 0, 1, 0, 0, 1, 0, 1, 0, 1, 0, 1, 0, 1, 0, 1, 1, 0, 1 ], 
          [ 1, 1, 1, 0, 1, 1, 0, 0, 1, 0, 0, 0, 0, 1, 0, 0, 0, 1, 0, 0, 1, 0, 0, 1, 1, 0 ], 
          [ 1, 1, 1, 0, 0, 1, 0, 0, 1, 1, 0, 0, 0, 1, 1, 0, 0, 1, 1, 0, 1, 1, 0, 0, 1, 1 ], 
          [ 1, 1, 1, 1, 0, 1, 0, 0, 0, 1, 0, 0, 0, 0, 1, 0, 0, 0, 1, 0, 0, 1, 0, 1, 0, 1 ], 
          [ 1, 0, 0, 0, 0, 0, 1, 1, 1, 1, 1, 0, 0, 0, 0, 0, 0, 0, 0, 0, 0, 0, 0, 0, 0, 0 ], 
          [ 1, 0, 0, 0, 0, 0, 1, 1, 1, 1, 1, 1, 1, 1, 1, 1, 0, 0, 0, 0, 0, 0, 0, 0, 0, 0 ], 
          [ 1, 1, 0, 0, 0, 0, 0, 1, 1, 1, 1, 0, 1, 1, 1, 1, 1, 1, 1, 1, 0, 0, 0, 0, 0, 0 ], 
          [ 1, 1, 1, 0, 0, 0, 0, 0, 1, 1, 1, 0, 0, 1, 1, 1, 0, 1, 1, 1, 1, 1, 1, 0, 0, 0 ], 
          [ 1, 1, 1, 1, 0, 0, 0, 0, 0, 1, 1, 0, 0, 0, 1, 1, 0, 0, 1, 1, 0, 1, 1, 1, 1, 0 ], 
          [ 1, 1, 1, 1, 1, 0, 0, 0, 0, 0, 1, 0, 0, 0, 0, 1, 0, 0, 0, 1, 0, 0, 1, 0, 1, 1 ], 
          [ 1, 1, 1, 0, 1, 0, 0, 0, 1, 0, 1, 0, 0, 1, 0, 1, 0, 1, 0, 1, 1, 0, 1, 1, 0, 1 ], 
          [ 1, 1, 0, 1, 0, 0, 0, 1, 0, 1, 1, 0, 1, 0, 1, 1, 1, 0, 1, 1, 1, 0, 0, 1, 1, 0 ], 
          [ 1, 1, 0, 1, 1, 0, 0, 1, 0, 0, 1, 0, 1, 0, 0, 1, 1, 0, 0, 1, 1, 1, 0, 0, 1, 1 ], 
          [ 1, 1, 0, 0, 1, 0, 0, 1, 1, 0, 1, 0, 1, 1, 0, 1, 1, 1, 0, 1, 0, 1, 0, 1, 0, 1 ], 
          [ 1, 0, 1, 0, 0, 0, 1, 0, 1, 1, 1, 1, 0, 1, 1, 1, 1, 0, 0, 0, 1, 1, 1, 0, 0, 0 ], 
          [ 1, 0, 1, 1, 0, 0, 1, 0, 0, 1, 1, 1, 0, 0, 1, 1, 1, 1, 0, 0, 0, 1, 1, 1, 1, 0 ], 
          [ 1, 0, 1, 1, 1, 0, 1, 0, 0, 0, 1, 1, 0, 0, 0, 1, 1, 1, 1, 0, 0, 0, 1, 0, 1, 1 ], 
          [ 1, 0, 1, 0, 1, 0, 1, 0, 1, 0, 1, 1, 0, 1, 0, 1, 1, 0, 1, 0, 1, 0, 1, 1, 0, 1 ], 
          [ 1, 0, 0, 1, 0, 0, 1, 1, 0, 1, 1, 1, 1, 0, 1, 1, 0, 1, 0, 0, 1, 0, 0, 1, 1, 0 ], 
          [ 1, 0, 0, 1, 1, 0, 1, 1, 0, 0, 1, 1, 1, 0, 0, 1, 0, 1, 1, 0, 1, 1, 0, 0, 1, 1 ], 
          [ 1, 0, 0, 0, 1, 0, 1, 1, 1, 0, 1, 1, 1, 1, 0, 1, 0, 0, 1, 0, 0, 1, 0, 1, 0, 1 ], 
          [ 1, 1, 0, 0, 0, 0, 0, 1, 1, 1, 1, 1, 0, 0, 0, 0, 1, 1, 1, 1, 0, 0, 0, 0, 0, 0 ], 
          [ 1, 1, 1, 0, 0, 0, 0, 0, 1, 1, 1, 1, 1, 0, 0, 0, 0, 1, 1, 1, 1, 1, 1, 0, 0, 0 ], 
          [ 1, 1, 1, 1, 0, 0, 0, 0, 0, 1, 1, 1, 1, 1, 0, 0, 0, 0, 1, 1, 0, 1, 1, 1, 1, 0 ], 
          [ 1, 1, 1, 1, 1, 0, 0, 0, 0, 0, 1, 1, 1, 1, 1, 0, 0, 0, 0, 1, 0, 0, 1, 0, 1, 1 ], 
          [ 1, 1, 1, 0, 1, 0, 0, 0, 1, 0, 1, 1, 1, 0, 1, 0, 0, 1, 0, 1, 1, 0, 1, 1, 0, 1 ], 
          [ 1, 1, 0, 1, 0, 0, 0, 1, 0, 1, 1, 1, 0, 1, 0, 0, 1, 0, 1, 1, 1, 0, 0, 1, 1, 0 ], 
          [ 1, 1, 0, 1, 1, 0, 0, 1, 0, 0, 1, 1, 0, 1, 1, 0, 1, 0, 0, 1, 1, 1, 0, 0, 1, 1 ], 
          [ 1, 1, 0, 0, 1, 0, 0, 1, 1, 0, 1, 1, 0, 0, 1, 0, 1, 1, 0, 1, 0, 1, 0, 1, 0, 1 ], 
          [ 1, 0, 1, 0, 0, 0, 1, 0, 1, 1, 1, 0, 1, 0, 0, 0, 1, 0, 0, 0, 1, 1, 1, 0, 0, 0 ], 
          [ 1, 0, 1, 1, 0, 0, 1, 0, 0, 1, 1, 0, 1, 1, 0, 0, 1, 1, 0, 0, 0, 1, 1, 1, 1, 0 ], 
          [ 1, 0, 1, 1, 1, 0, 1, 0, 0, 0, 1, 0, 1, 1, 1, 0, 1, 1, 1, 0, 0, 0, 1, 0, 1, 1 ], 
          [ 1, 0, 1, 0, 1, 0, 1, 0, 1, 0, 1, 0, 1, 0, 1, 0, 1, 0, 1, 0, 1, 0, 1, 1, 0, 1 ], 
          [ 1, 0, 0, 1, 0, 0, 1, 1, 0, 1, 1, 0, 0, 1, 0, 0, 0, 1, 0, 0, 1, 0, 0, 1, 1, 0 ], 
          [ 1, 0, 0, 1, 1, 0, 1, 1, 0, 0, 1, 0, 0, 1, 1, 0, 0, 1, 1, 0, 1, 1, 0, 0, 1, 1 ], 
          [ 1, 0, 0, 0, 1, 0, 1, 1, 1, 0, 1, 0, 0, 0, 1, 0, 0, 0, 1, 0, 0, 1, 0, 1, 0, 1 ], 
          [ 1, 0, 0, 0, 0, 0, 0, 0, 0, 0, 0, 1, 1, 1, 1, 1, 0, 0, 0, 0, 0, 0, 0, 0, 0, 0 ], 
          [ 1, 1, 0, 0, 0, 0, 1, 0, 0, 0, 0, 0, 1, 1, 1, 1, 1, 1, 1, 1, 0, 0, 0, 0, 0, 0 ], 
          [ 1, 1, 1, 0, 0, 0, 1, 1, 0, 0, 0, 0, 0, 1, 1, 1, 0, 1, 1, 1, 1, 1, 1, 0, 0, 0 ], 
          [ 1, 1, 1, 1, 0, 0, 1, 1, 1, 0, 0, 0, 0, 0, 1, 1, 0, 0, 1, 1, 0, 1, 1, 1, 1, 0 ], 
          [ 1, 1, 1, 1, 1, 0, 1, 1, 1, 1, 0, 0, 0, 0, 0, 1, 0, 0, 0, 1, 0, 0, 1, 0, 1, 1 ], 
          [ 1, 1, 1, 0, 1, 0, 1, 1, 0, 1, 0, 0, 0, 1, 0, 1, 0, 1, 0, 1, 1, 0, 1, 1, 0, 1 ], 
          [ 1, 1, 0, 1, 0, 0, 1, 0, 1, 0, 0, 0, 1, 0, 1, 1, 1, 0, 1, 1, 1, 0, 0, 1, 1, 0 ], 
          [ 1, 1, 0, 1, 1, 0, 1, 0, 1, 1, 0, 0, 1, 0, 0, 1, 1, 0, 0, 1, 1, 1, 0, 0, 1, 1 ], 
          [ 1, 1, 0, 0, 1, 0, 1, 0, 0, 1, 0, 0, 1, 1, 0, 1, 1, 1, 0, 1, 0, 1, 0, 1, 0, 1 ], 
          [ 1, 0, 1, 0, 0, 0, 0, 1, 0, 0, 0, 1, 0, 1, 1, 1, 1, 0, 0, 0, 1, 1, 1, 0, 0, 0 ], 
          [ 1, 0, 1, 1, 0, 0, 0, 1, 1, 0, 0, 1, 0, 0, 1, 1, 1, 1, 0, 0, 0, 1, 1, 1, 1, 0 ], 
          [ 1, 0, 1, 1, 1, 0, 0, 1, 1, 1, 0, 1, 0, 0, 0, 1, 1, 1, 1, 0, 0, 0, 1, 0, 1, 1 ], 
          [ 1, 0, 1, 0, 1, 0, 0, 1, 0, 1, 0, 1, 0, 1, 0, 1, 1, 0, 1, 0, 1, 0, 1, 1, 0, 1 ], 
          [ 1, 0, 0, 1, 0, 0, 0, 0, 1, 0, 0, 1, 1, 0, 1, 1, 0, 1, 0, 0, 1, 0, 0, 1, 1, 0 ], 
          [ 1, 0, 0, 1, 1, 0, 0, 0, 1, 1, 0, 1, 1, 0, 0, 1, 0, 1, 1, 0, 1, 1, 0, 0, 1, 1 ], 
          [ 1, 0, 0, 0, 1, 0, 0, 0, 0, 1, 0, 1, 1, 1, 0, 1, 0, 0, 1, 0, 0, 1, 0, 1, 0, 1 ], 
          [ 1, 1, 0, 0, 0, 0, 1, 0, 0, 0, 0, 1, 0, 0, 0, 0, 1, 1, 1, 1, 0, 0, 0, 0, 0, 0 ], 
          [ 1, 1, 1, 0, 0, 0, 1, 1, 0, 0, 0, 1, 1, 0, 0, 0, 0, 1, 1, 1, 1, 1, 1, 0, 0, 0 ], 
          [ 1, 1, 1, 1, 0, 0, 1, 1, 1, 0, 0, 1, 1, 1, 0, 0, 0, 0, 1, 1, 0, 1, 1, 1, 1, 0 ], 
          [ 1, 1, 1, 1, 1, 0, 1, 1, 1, 1, 0, 1, 1, 1, 1, 0, 0, 0, 0, 1, 0, 0, 1, 0, 1, 1 ], 
          [ 1, 1, 1, 0, 1, 0, 1, 1, 0, 1, 0, 1, 1, 0, 1, 0, 0, 1, 0, 1, 1, 0, 1, 1, 0, 1 ], 
          [ 1, 1, 0, 1, 0, 0, 1, 0, 1, 0, 0, 1, 0, 1, 0, 0, 1, 0, 1, 1, 1, 0, 0, 1, 1, 0 ], 
          [ 1, 1, 0, 1, 1, 0, 1, 0, 1, 1, 0, 1, 0, 1, 1, 0, 1, 0, 0, 1, 1, 1, 0, 0, 1, 1 ], 
          [ 1, 1, 0, 0, 1, 0, 1, 0, 0, 1, 0, 1, 0, 0, 1, 0, 1, 1, 0, 1, 0, 1, 0, 1, 0, 1 ], 
          [ 1, 0, 1, 0, 0, 0, 0, 1, 0, 0, 0, 0, 1, 0, 0, 0, 1, 0, 0, 0, 1, 1, 1, 0, 0, 0 ], 
          [ 1, 0, 1, 1, 0, 0, 0, 1, 1, 0, 0, 0, 1, 1, 0, 0, 1, 1, 0, 0, 0, 1, 1, 1, 1, 0 ], 
          [ 1, 0, 1, 1, 1, 0, 0, 1, 1, 1, 0, 0, 1, 1, 1, 0, 1, 1, 1, 0, 0, 0, 1, 0, 1, 1 ], 
          [ 1, 0, 1, 0, 1, 0, 0, 1, 0, 1, 0, 0, 1, 0, 1, 0, 1, 0, 1, 0, 1, 0, 1, 1, 0, 1 ], 
          [ 1, 0, 0, 1, 0, 0, 0, 0, 1, 0, 0, 0, 0, 1, 0, 0, 0, 1, 0, 0, 1, 0, 0, 1, 1, 0 ], 
          [ 1, 0, 0, 1, 1, 0, 0, 0, 1, 1, 0, 0, 0, 1, 1, 0, 0, 1, 1, 0, 1, 1, 0, 0, 1, 1 ], 
          [ 1, 0, 0, 0, 1, 0, 0, 0, 0, 1, 0, 0, 0, 0, 1, 0, 0, 0, 1, 0, 0, 1, 0, 1, 0, 1 ] ] ) );
