return rec(
  EXT := [ [ 1, 0, 0, 0, 0, 0, 0 ], [ 1, 1, 1, 1, 0, 0, 0 ], [ 1, 1, 1, 1, 1, 1, 1 ], [ 1, 0, 1, 1, 0, 1, 1 ], 
      [ 1, 0, 0, 1, 0, 0, 1 ], [ 1, 1, 0, 1, 1, 0, 1 ], [ 1, 0, 1, 1, 1, 0, 0 ], [ 1, 0, 0, 1, 1, 1, 0 ], 
      [ 1, 1, 0, 1, 0, 1, 0 ], [ 1, 0, 0, 0, 1, 1, 1 ], [ 1, 1, 0, 0, 0, 1, 1 ], [ 1, 1, 1, 0, 0, 0, 1 ], [ 1, 0, 1, 0, 1, 0, 1 ],
      [ 1, 1, 0, 0, 1, 0, 0 ], [ 1, 1, 1, 0, 1, 1, 0 ], [ 1, 0, 1, 0, 0, 1, 0 ] ],
  GRP := Group( [ ( 8,13)( 9,12), ( 7, 9)(11,13), ( 2, 7)( 8, 9)(10,11)(12,13), ( 4, 6)(14,16), ( 4,15)( 5,14), 
      ( 1, 2)( 3,10)( 4,13)( 5, 7)( 6, 8)( 9,14)(11,15)(12,16) ] ),
  LOrb := [ [ 2, 3, 4, 5, 6, 7, 8, 9 ] ],
  eRec := rec(
      CUT_info := rec(
          EXT := [ [ 1, 0, 0, 0, 0, 0, 0 ], [ 1, 1, 1, 1, 0, 0, 0 ], [ 1, 1, 1, 1, 1, 1, 1 ], [ 1, 0, 1, 1, 0, 1, 1 ], 
              [ 1, 0, 0, 1, 0, 0, 1 ], [ 1, 1, 0, 1, 1, 0, 1 ], [ 1, 0, 1, 1, 1, 0, 0 ], [ 1, 0, 0, 1, 1, 1, 0 ], 
              [ 1, 1, 0, 1, 0, 1, 0 ], [ 1, 0, 0, 0, 1, 1, 1 ], [ 1, 1, 0, 0, 0, 1, 1 ], [ 1, 1, 1, 0, 0, 0, 1 ], 
              [ 1, 0, 1, 0, 1, 0, 1 ], [ 1, 1, 0, 0, 1, 0, 0 ], [ 1, 1, 1, 0, 1, 1, 0 ], [ 1, 0, 1, 0, 0, 1, 0 ] ],
          GRP := Group( [ ( 1, 2)( 3,10)( 4,11)( 5,12)( 6,13)( 7,14)( 8,15)( 9,16), ( 1,14)( 2, 7)( 3, 4)( 5, 6)( 8, 9)(10,11)
                (12,13)(15,16), ( 2,10)( 7,11)( 8,12)( 9,13), ( 5,16)( 6,15)( 8,13)( 9,12), ( 4, 6)( 7, 9)(11,13)(14,16) ] ) ),
      GRA := rec(
          adjacencies := [ [ 3, 4, 5 ], [ 3, 4, 5 ], [ 1, 2 ], [ 1, 2 ], [ 1, 2 ] ],
          autGroup := Group( [ (1,2), (4,5), (3,4) ] ),
          group := Group( [ () ] ),
          isGraph := true,
          isSimple := true,
          order := 5,
          representatives := [ 1, 2, 3, 4, 5 ],
          schreierVector := [ -1, -2, -3, -4, -5 ] ),
      GRPedge := Group( [ (1,4)(2,5)(3,6), (2,3)(5,6), (1,2)(4,5) ] ),
      GRPvert := Group( [ (1,2), (4,5), (3,4) ] ),
      ListEdges := [ [ 1, 3 ], [ 1, 4 ], [ 1, 5 ], [ 2, 3 ], [ 2, 4 ], [ 2, 5 ] ],
      ListSet := [ [  ], [ 1 ], [ 1, 2 ], [ 1, 2, 3 ], [ 1, 2, 3, 4 ], [ 1, 2, 4 ], [ 1, 3 ], [ 1, 3, 4 ], [ 1, 4 ], [ 2 ], 
          [ 2, 3 ], [ 2, 3, 4 ], [ 2, 4 ], [ 3 ], [ 3, 4 ], [ 4 ] ],
      ListVect := [ [ 1, 0, 0, 0, 0, 0, 0 ], [ 1, 1, 1, 1, 0, 0, 0 ], [ 1, 1, 1, 1, 1, 1, 1 ], [ 1, 0, 1, 1, 0, 1, 1 ], 
          [ 1, 0, 0, 1, 0, 0, 1 ], [ 1, 1, 0, 1, 1, 0, 1 ], [ 1, 0, 1, 1, 1, 0, 0 ], [ 1, 0, 0, 1, 1, 1, 0 ], 
          [ 1, 1, 0, 1, 0, 1, 0 ], [ 1, 0, 0, 0, 1, 1, 1 ], [ 1, 1, 0, 0, 0, 1, 1 ], [ 1, 1, 1, 0, 0, 0, 1 ], 
          [ 1, 0, 1, 0, 1, 0, 1 ], [ 1, 1, 0, 0, 1, 0, 0 ], [ 1, 1, 1, 0, 1, 1, 0 ], [ 1, 0, 1, 0, 0, 1, 0 ] ],
      MET_info := rec(
          EXT := [ [ 0, -1, 1, 0, 1, 1, 0 ], [ 0, 1, -1, 0, 1, 1, 0 ], [ 0, 1, 1, 0, -1, 1, 0 ], [ 0, -1, 0, 1, 1, 0, 1 ], 
              [ 2, -1, -1, 0, -1, 1, 0 ], [ 0, 1, 1, 0, 1, -1, 0 ], [ 0, 1, 0, -1, 1, 0, 1 ], [ 0, 1, 0, 1, -1, 0, 1 ], 
              [ 0, 0, -1, 1, 0, 1, 1 ], [ 2, -1, 1, 0, -1, -1, 0 ], [ 2, -1, 0, -1, -1, 0, 1 ], [ 2, -1, -1, 0, 1, -1, 0 ], 
              [ 0, 1, 0, 1, 1, 0, -1 ], [ 0, 0, 1, -1, 0, 1, 1 ], [ 0, 0, 1, 1, 0, -1, 1 ], [ 2, 1, -1, 0, -1, -1, 0 ], 
              [ 2, -1, 0, 1, -1, 0, -1 ], [ 2, 0, -1, -1, 0, -1, 1 ], [ 2, -1, 0, -1, 1, 0, -1 ], [ 0, 0, 1, 1, 0, 1, -1 ], 
              [ 2, 1, 0, -1, -1, 0, -1 ], [ 2, 0, -1, 1, 0, -1, -1 ], [ 2, 0, -1, -1, 0, 1, -1 ], [ 2, 0, 1, -1, 0, -1, -1 ], 
              [ 0, 1, 0, 0, 0, 0, 0 ], [ 1, -1, 0, 0, 0, 0, 0 ], [ 0, 0, 0, 0, 1, 0, 0 ], [ 0, 0, 1, 0, 0, 0, 0 ], 
              [ 1, 0, 0, 0, -1, 0, 0 ], [ 1, 0, -1, 0, 0, 0, 0 ], [ 0, 0, 0, 0, 0, 1, 0 ], [ 0, 0, 0, 1, 0, 0, 0 ], 
              [ 1, 0, 0, 0, 0, -1, 0 ], [ 1, 0, 0, -1, 0, 0, 0 ], [ 0, 0, 0, 0, 0, 0, 1 ], [ 1, 0, 0, 0, 0, 0, -1 ] ],
          GRP := Group( [ ( 1, 2)( 3, 5)( 4, 7)( 6,12)( 8,11)( 9,14)(10,16)(13,19)(15,18)(17,21)(20,23)(22,24)(25,26)(28,30)
                (32,34), ( 1, 3)( 2, 5)( 4, 8)( 6,10)( 7,11)(12,16)(13,17)(19,21)(25,26)(27,29), 
              ( 1, 3)( 2, 6)( 4, 8)( 5,10)( 7,13)( 9,15)(11,17)(12,16)(14,20)(18,22)(19,21)(23,24)(25,27)(26,29)(28,31)(30,33)
                (32,35)(34,36), ( 1, 4)( 2, 7)( 3, 8)( 5,11)( 6,13)( 9,14)(10,17)(12,19)(15,20)(16,21)(18,23)(22,24)(28,32)(30,34)
                (31,35)(33,36), ( 1, 2)( 3, 6)( 4, 9)( 5,12)( 7,14)( 8,15)(10,16)(11,18)(13,20)(17,22)(19,23)(21,24)(25,28)(26,30)
                (27,31)(29,33) ] ) ) ) );
