return rec(
  EXT := [ [ 1, 0, 0, 0, 0, 0, 0, 0, 0 ], [ 1, 1, 1, 1, 1, 0, 0, 0, 0 ], [ 1, 1, 1, 1, 1, 1, 1, 1, 1 ], 
      [ 1, 0, 1, 1, 1, 0, 1, 1, 1 ], [ 1, 0, 0, 1, 1, 0, 0, 1, 1 ], [ 1, 0, 0, 0, 1, 0, 0, 0, 1 ], 
      [ 1, 0, 1, 0, 1, 0, 1, 0, 1 ], [ 1, 1, 0, 1, 1, 1, 0, 1, 1 ], [ 1, 1, 0, 0, 1, 1, 0, 0, 1 ], [ 1, 1, 1, 0, 1, 1, 1, 0, 1 ], 
      [ 1, 0, 1, 1, 1, 1, 0, 0, 0 ], [ 1, 0, 0, 1, 1, 1, 1, 0, 0 ], [ 1, 0, 0, 0, 1, 1, 1, 1, 0 ], [ 1, 0, 1, 0, 1, 1, 0, 1, 0 ], 
      [ 1, 1, 0, 1, 1, 0, 1, 0, 0 ], [ 1, 1, 0, 0, 1, 0, 1, 1, 0 ], [ 1, 1, 1, 0, 1, 0, 0, 1, 0 ], [ 1, 0, 0, 0, 0, 1, 1, 1, 1 ], 
      [ 1, 1, 0, 0, 0, 0, 1, 1, 1 ], [ 1, 1, 1, 0, 0, 0, 0, 1, 1 ], [ 1, 1, 1, 1, 0, 0, 0, 0, 1 ], [ 1, 1, 0, 1, 0, 0, 1, 0, 1 ], 
      [ 1, 0, 1, 0, 0, 1, 0, 1, 1 ], [ 1, 0, 1, 1, 0, 1, 0, 0, 1 ], [ 1, 0, 0, 1, 0, 1, 1, 0, 1 ], [ 1, 1, 0, 0, 0, 1, 0, 0, 0 ], 
      [ 1, 1, 1, 0, 0, 1, 1, 0, 0 ], [ 1, 1, 1, 1, 0, 1, 1, 1, 0 ], [ 1, 1, 0, 1, 0, 1, 0, 1, 0 ], [ 1, 0, 1, 0, 0, 0, 1, 0, 0 ], 
      [ 1, 0, 1, 1, 0, 0, 1, 1, 0 ], [ 1, 0, 0, 1, 0, 0, 0, 1, 0 ] ],
  GRP := Group( [ (11,15)(14,16)(19,23)(22,24), (11,15)(13,25)(14,22)(16,24)(17,21)(19,23), (12,14)(15,17)(20,22)(23,25), 
      ( 2,11,12,13,16,17)(14,15)(18,19,20,21,24,25)(22,23), ( 4, 8)( 7, 9)(26,30)(29,31), ( 4, 8)( 6,32)( 7,29)( 9,31)(10,28)
        (26,30), ( 5, 7)( 8,10)(27,29)(30,32), ( 1, 2)( 3,18)( 4,13)( 5,12)( 6,11)( 7,14)( 8,25)( 9,24)(10,23)(15,32)(16,31)
        (17,30)(19,28)(20,27)(21,26)(22,29) ] ),
  LOrb := [ [ 2, 3, 4, 5, 6, 7, 8, 9, 10, 11, 12, 13, 14, 15, 16, 17 ] ],
  eRec := rec(
      CUT_info := rec(
          EXT := [ [ 1, 0, 0, 0, 0, 0, 0, 0, 0 ], [ 1, 1, 1, 1, 1, 0, 0, 0, 0 ], [ 1, 1, 1, 1, 1, 1, 1, 1, 1 ], 
              [ 1, 0, 1, 1, 1, 0, 1, 1, 1 ], [ 1, 0, 0, 1, 1, 0, 0, 1, 1 ], [ 1, 0, 0, 0, 1, 0, 0, 0, 1 ], 
              [ 1, 0, 1, 0, 1, 0, 1, 0, 1 ], [ 1, 1, 0, 1, 1, 1, 0, 1, 1 ], [ 1, 1, 0, 0, 1, 1, 0, 0, 1 ], 
              [ 1, 1, 1, 0, 1, 1, 1, 0, 1 ], [ 1, 0, 1, 1, 1, 1, 0, 0, 0 ], [ 1, 0, 0, 1, 1, 1, 1, 0, 0 ], 
              [ 1, 0, 0, 0, 1, 1, 1, 1, 0 ], [ 1, 0, 1, 0, 1, 1, 0, 1, 0 ], [ 1, 1, 0, 1, 1, 0, 1, 0, 0 ], 
              [ 1, 1, 0, 0, 1, 0, 1, 1, 0 ], [ 1, 1, 1, 0, 1, 0, 0, 1, 0 ], [ 1, 0, 0, 0, 0, 1, 1, 1, 1 ], 
              [ 1, 1, 0, 0, 0, 0, 1, 1, 1 ], [ 1, 1, 1, 0, 0, 0, 0, 1, 1 ], [ 1, 1, 1, 1, 0, 0, 0, 0, 1 ], 
              [ 1, 1, 0, 1, 0, 0, 1, 0, 1 ], [ 1, 0, 1, 0, 0, 1, 0, 1, 1 ], [ 1, 0, 1, 1, 0, 1, 0, 0, 1 ], 
              [ 1, 0, 0, 1, 0, 1, 1, 0, 1 ], [ 1, 1, 0, 0, 0, 1, 0, 0, 0 ], [ 1, 1, 1, 0, 0, 1, 1, 0, 0 ], 
              [ 1, 1, 1, 1, 0, 1, 1, 1, 0 ], [ 1, 1, 0, 1, 0, 1, 0, 1, 0 ], [ 1, 0, 1, 0, 0, 0, 1, 0, 0 ], 
              [ 1, 0, 1, 1, 0, 0, 1, 1, 0 ], [ 1, 0, 0, 1, 0, 0, 0, 1, 0 ] ],
          GRP := Group( [ ( 1, 2)( 3,18)( 4,19)( 5,20)( 6,21)( 7,22)( 8,23)( 9,24)(10,25)(11,26)(12,27)(13,28)(14,29)(15,30)
                (16,31)(17,32), ( 1,26)( 2,11)( 3, 4)( 5, 8)( 6, 9)( 7,10)(12,15)(13,16)(14,17)(18,19)(20,23)(21,24)(22,25)(27,30)
                (28,31)(29,32), ( 2,18)(11,19)(12,20)(13,21)(14,22)(15,23)(16,24)(17,25), ( 6,32)( 7,31)( 9,29)(10,28)(13,25)
                (14,24)(16,22)(17,21), ( 5, 7)( 8,10)(12,14)(15,17)(20,22)(23,25)(27,29)(30,32), 
              ( 4, 8)( 7, 9)(11,15)(14,16)(19,23)(22,24)(26,30)(29,31) ] ) ),
      GRA := rec(
          adjacencies := [ [ 3, 4, 5, 6 ], [ 3, 4, 5, 6 ], [ 1, 2 ], [ 1, 2 ], [ 1, 2 ], [ 1, 2 ] ],
          autGroup := Group( [ (1,2), (5,6), (4,5), (3,4) ] ),
          group := Group( [ () ] ),
          isGraph := true,
          isSimple := true,
          order := 6,
          representatives := [ 1, 2, 3, 4, 5, 6 ],
          schreierVector := [ -1, -2, -3, -4, -5, -6 ] ),
      GRPedge := Group( [ (1,5)(2,6)(3,7)(4,8), (3,4)(7,8), (2,3)(6,7), (1,2)(5,6) ] ),
      GRPvert := Group( [ (1,2), (5,6), (4,5), (3,4) ] ),
      ListEdges := [ [ 1, 3 ], [ 1, 4 ], [ 1, 5 ], [ 1, 6 ], [ 2, 3 ], [ 2, 4 ], [ 2, 5 ], [ 2, 6 ] ],
      ListSet := [ [  ], [ 1 ], [ 1, 2 ], [ 1, 2, 3 ], [ 1, 2, 3, 4 ], [ 1, 2, 3, 4, 5 ], [ 1, 2, 3, 5 ], [ 1, 2, 4 ], 
          [ 1, 2, 4, 5 ], [ 1, 2, 5 ], [ 1, 3 ], [ 1, 3, 4 ], [ 1, 3, 4, 5 ], [ 1, 3, 5 ], [ 1, 4 ], [ 1, 4, 5 ], 
          [ 1, 5 ], [ 2 ], [ 2, 3 ], [ 2, 3, 4 ], [ 2, 3, 4, 5 ], [ 2, 3, 5 ], [ 2, 4 ], [ 2, 4, 5 ], [ 2, 5 ], [ 3 ], [ 3, 4 ], 
          [ 3, 4, 5 ], [ 3, 5 ], [ 4 ], [ 4, 5 ], [ 5 ] ],
      ListVect := [ [ 1, 0, 0, 0, 0, 0, 0, 0, 0 ], [ 1, 1, 1, 1, 1, 0, 0, 0, 0 ], [ 1, 1, 1, 1, 1, 1, 1, 1, 1 ], 
          [ 1, 0, 1, 1, 1, 0, 1, 1, 1 ], [ 1, 0, 0, 1, 1, 0, 0, 1, 1 ], [ 1, 0, 0, 0, 1, 0, 0, 0, 1 ], 
          [ 1, 0, 1, 0, 1, 0, 1, 0, 1 ], [ 1, 1, 0, 1, 1, 1, 0, 1, 1 ], [ 1, 1, 0, 0, 1, 1, 0, 0, 1 ], 
          [ 1, 1, 1, 0, 1, 1, 1, 0, 1 ], [ 1, 0, 1, 1, 1, 1, 0, 0, 0 ], [ 1, 0, 0, 1, 1, 1, 1, 0, 0 ], 
          [ 1, 0, 0, 0, 1, 1, 1, 1, 0 ], [ 1, 0, 1, 0, 1, 1, 0, 1, 0 ], [ 1, 1, 0, 1, 1, 0, 1, 0, 0 ], 
          [ 1, 1, 0, 0, 1, 0, 1, 1, 0 ], [ 1, 1, 1, 0, 1, 0, 0, 1, 0 ], [ 1, 0, 0, 0, 0, 1, 1, 1, 1 ], 
          [ 1, 1, 0, 0, 0, 0, 1, 1, 1 ], [ 1, 1, 1, 0, 0, 0, 0, 1, 1 ], [ 1, 1, 1, 1, 0, 0, 0, 0, 1 ], 
          [ 1, 1, 0, 1, 0, 0, 1, 0, 1 ], [ 1, 0, 1, 0, 0, 1, 0, 1, 1 ], [ 1, 0, 1, 1, 0, 1, 0, 0, 1 ], 
          [ 1, 0, 0, 1, 0, 1, 1, 0, 1 ], [ 1, 1, 0, 0, 0, 1, 0, 0, 0 ], [ 1, 1, 1, 0, 0, 1, 1, 0, 0 ], 
          [ 1, 1, 1, 1, 0, 1, 1, 1, 0 ], [ 1, 1, 0, 1, 0, 1, 0, 1, 0 ], [ 1, 0, 1, 0, 0, 0, 1, 0, 0 ], 
          [ 1, 0, 1, 1, 0, 0, 1, 1, 0 ], [ 1, 0, 0, 1, 0, 0, 0, 1, 0 ] ],
      MET_info := rec(
          EXT := [ [ 0, -1, 1, 0, 0, 1, 1, 0, 0 ], [ 0, 1, -1, 0, 0, 1, 1, 0, 0 ], [ 0, 1, 1, 0, 0, -1, 1, 0, 0 ], 
              [ 0, -1, 0, 1, 0, 1, 0, 1, 0 ], [ 2, -1, -1, 0, 0, -1, 1, 0, 0 ], [ 0, 1, 1, 0, 0, 1, -1, 0, 0 ], 
              [ 0, 1, 0, -1, 0, 1, 0, 1, 0 ], [ 0, 1, 0, 1, 0, -1, 0, 1, 0 ], [ 0, -1, 0, 0, 1, 1, 0, 0, 1 ], 
              [ 0, 0, -1, 1, 0, 0, 1, 1, 0 ], [ 2, -1, 1, 0, 0, -1, -1, 0, 0 ], [ 2, -1, 0, -1, 0, -1, 0, 1, 0 ], 
              [ 2, -1, -1, 0, 0, 1, -1, 0, 0 ], [ 0, 1, 0, 1, 0, 1, 0, -1, 0 ], [ 0, 1, 0, 0, -1, 1, 0, 0, 1 ], 
              [ 0, 0, 1, -1, 0, 0, 1, 1, 0 ], [ 0, 1, 0, 0, 1, -1, 0, 0, 1 ], [ 0, 0, 1, 1, 0, 0, -1, 1, 0 ], 
              [ 0, 0, -1, 0, 1, 0, 1, 0, 1 ], [ 2, 1, -1, 0, 0, -1, -1, 0, 0 ], [ 2, -1, 0, 1, 0, -1, 0, -1, 0 ], 
              [ 2, -1, 0, 0, -1, -1, 0, 0, 1 ], [ 2, 0, -1, -1, 0, 0, -1, 1, 0 ], [ 2, -1, 0, -1, 0, 1, 0, -1, 0 ], 
              [ 0, 1, 0, 0, 1, 1, 0, 0, -1 ], [ 0, 0, 1, 1, 0, 0, 1, -1, 0 ], [ 0, 0, 1, 0, -1, 0, 1, 0, 1 ], 
              [ 0, 0, 1, 0, 1, 0, -1, 0, 1 ], [ 0, 0, 0, -1, 1, 0, 0, 1, 1 ], [ 2, 1, 0, -1, 0, -1, 0, -1, 0 ], 
              [ 2, -1, 0, 0, 1, -1, 0, 0, -1 ], [ 2, 0, -1, 1, 0, 0, -1, -1, 0 ], [ 2, 0, -1, 0, -1, 0, -1, 0, 1 ], 
              [ 2, 0, -1, -1, 0, 0, 1, -1, 0 ], [ 2, -1, 0, 0, -1, 1, 0, 0, -1 ], [ 0, 0, 1, 0, 1, 0, 1, 0, -1 ], 
              [ 0, 0, 0, 1, -1, 0, 0, 1, 1 ], [ 0, 0, 0, 1, 1, 0, 0, -1, 1 ], [ 2, 1, 0, 0, -1, -1, 0, 0, -1 ], 
              [ 2, 0, 1, -1, 0, 0, -1, -1, 0 ], [ 2, 0, -1, 0, 1, 0, -1, 0, -1 ], [ 2, 0, 0, -1, -1, 0, 0, -1, 1 ], 
              [ 2, 0, -1, 0, -1, 0, 1, 0, -1 ], [ 0, 0, 0, 1, 1, 0, 0, 1, -1 ], [ 2, 0, 1, 0, -1, 0, -1, 0, -1 ], 
              [ 2, 0, 0, -1, 1, 0, 0, -1, -1 ], [ 2, 0, 0, -1, -1, 0, 0, 1, -1 ], [ 2, 0, 0, 1, -1, 0, 0, -1, -1 ], 
              [ 0, 1, 0, 0, 0, 0, 0, 0, 0 ], [ 1, -1, 0, 0, 0, 0, 0, 0, 0 ], [ 0, 0, 0, 0, 0, 1, 0, 0, 0 ], 
              [ 0, 0, 1, 0, 0, 0, 0, 0, 0 ], [ 1, 0, 0, 0, 0, -1, 0, 0, 0 ], [ 1, 0, -1, 0, 0, 0, 0, 0, 0 ], 
              [ 0, 0, 0, 0, 0, 0, 1, 0, 0 ], [ 0, 0, 0, 1, 0, 0, 0, 0, 0 ], [ 1, 0, 0, 0, 0, 0, -1, 0, 0 ], 
              [ 1, 0, 0, -1, 0, 0, 0, 0, 0 ], [ 0, 0, 0, 0, 0, 0, 0, 1, 0 ], [ 0, 0, 0, 0, 1, 0, 0, 0, 0 ], 
              [ 1, 0, 0, 0, 0, 0, 0, -1, 0 ], [ 1, 0, 0, 0, -1, 0, 0, 0, 0 ], [ 0, 0, 0, 0, 0, 0, 0, 0, 1 ], 
              [ 1, 0, 0, 0, 0, 0, 0, 0, -1 ] ],
          GRP := Group( [ ( 1, 2)( 3, 5)( 4, 7)( 6,13)( 8,12)( 9,15)(10,16)(11,20)(14,24)(17,22)(18,23)(19,27)(21,30)(25,35)
                (26,34)(28,33)(29,37)(31,39)(32,40)(36,43)(38,42)(41,45)(44,47)(46,48)(49,50)(52,54)(56,58)(60,62), 
              ( 1, 3)( 2, 5)( 4, 8)( 6,11)( 7,12)( 9,17)(13,20)(14,21)(15,22)(24,30)(25,31)(35,39)(49,50)(51,53), 
              ( 1, 3)( 2, 6)( 4, 8)( 5,11)( 7,14)( 9,17)(10,18)(12,21)(13,20)(15,25)(16,26)(19,28)(22,31)(23,32)(24,30)(27,36)
                (29,38)(33,41)(34,40)(35,39)(37,44)(42,46)(43,45)(47,48)(49,51)(50,53)(52,55)(54,57)(56,59)(58,61)(60,63)(62,64), 
              ( 4, 9)( 7,15)( 8,17)(10,19)(12,22)(14,25)(16,27)(18,28)(21,31)(23,33)(24,35)(26,36)(29,37)(30,39)(32,41)(34,43)
                (38,44)(40,45)(42,47)(46,48)(56,60)(58,62)(59,63)(61,64), ( 1, 4)( 2, 7)( 3, 8)( 5,12)( 6,14)(10,16)(11,21)(13,24)
                (18,26)(19,29)(20,30)(23,34)(27,37)(28,38)(32,40)(33,42)(36,44)(41,46)(43,47)(45,48)(52,56)(54,58)(55,59)(57,61), 
              ( 1, 2)( 3, 6)( 4,10)( 5,13)( 7,16)( 8,18)( 9,19)(11,20)(12,23)(14,26)(15,27)(17,28)(21,32)(22,33)(24,34)(25,36)
                (30,40)(31,41)(35,43)(39,45)(49,52)(50,54)(51,55)(53,57) ] ) ) ) );
