return rec(
  EXT := [ [ 1, 0, 0, 0, 0, 0, 0, 0, 0, 0, 0, 0, 0, 0, 0, 0, 0, 0, 0, 0, 0, 0, 0, 0, 0 ], 
      [ 1, 0, 0, 0, 0, 0, 0, 0, 1, 0, 0, 0, 0, 0, 0, 0, 0, 0, 0, 0, 0, 0, 0, 0, 0 ], 
      [ 1, 0, 0, 0, 0, 0, 0, 1, 0, 0, 0, 0, 0, 0, 0, 0, 0, 0, 0, 0, 0, 0, 0, 0, 0 ], 
      [ 1, 0, 0, 0, 0, 0, 0, 1, 1, 0, 0, 0, 0, 0, 0, 0, 0, 0, 0, 0, 0, 0, 0, 0, 0 ], 
      [ 1, 0, 0, 0, 0, 0, 1, 0, 0, 0, 0, 0, 0, 0, 0, 0, 0, 0, 0, 0, 0, 0, 0, 0, 0 ], 
      [ 1, 0, 0, 0, 0, 0, 1, 0, 1, 0, 0, 0, 0, 0, 0, 0, 0, 0, 0, 0, 0, 0, 0, 0, 0 ], 
      [ 1, 0, 0, 0, 0, 0, 1, 1, 0, 0, 0, 0, 0, 0, 0, 0, 0, 0, 0, 0, 0, 0, 0, 0, 0 ], 
      [ 1, 0, 0, 0, 0, 0, 1, 1, 1, 0, 0, 0, 0, 0, 0, 0, 0, 0, 0, 0, 0, 0, 0, 0, 0 ], 
      [ 1, 0, 0, 0, 0, 1, 0, 0, 0, 0, 0, 0, 0, 0, 0, 0, 0, 0, 0, 0, 0, 0, 0, 0, 0 ], 
      [ 1, 0, 0, 0, 0, 1, 0, 0, 1, 0, 0, 0, 0, 0, 0, 0, 0, 0, 0, 0, 0, 0, 0, 0, 0 ], 
      [ 1, 0, 0, 0, 0, 1, 0, 1, 0, 0, 0, 0, 0, 0, 0, 0, 0, 0, 0, 0, 0, 0, 0, 0, 0 ], 
      [ 1, 0, 0, 0, 0, 1, 0, 1, 1, 0, 0, 0, 0, 0, 0, 0, 0, 0, 0, 0, 0, 0, 0, 0, 0 ], 
      [ 1, 0, 0, 0, 0, 1, 1, 0, 0, 0, 0, 0, 0, 0, 0, 0, 0, 0, 0, 0, 0, 0, 0, 0, 0 ], 
      [ 1, 0, 0, 0, 0, 1, 1, 0, 1, 0, 0, 0, 0, 0, 0, 0, 0, 0, 0, 0, 0, 0, 0, 0, 0 ], 
      [ 1, 0, 0, 0, 0, 1, 1, 1, 0, 0, 0, 0, 0, 0, 0, 0, 0, 0, 0, 0, 0, 0, 0, 0, 0 ], 
      [ 1, 0, 0, 0, 0, 1, 1, 1, 1, 0, 0, 0, 0, 0, 0, 0, 0, 0, 0, 0, 0, 0, 0, 0, 0 ], 
      [ 1, 0, 0, 0, 1, 0, 0, 0, 0, 0, 0, 0, 0, 0, 0, 0, 0, 0, 0, 0, 0, 0, 0, 0, 0 ], 
      [ 1, 0, 0, 0, 1, 0, 0, 0, 1, 0, 0, 0, 0, 0, 0, 0, 0, 0, 0, 0, 0, 0, 0, 0, 1 ], 
      [ 1, 0, 0, 0, 1, 0, 0, 1, 0, 0, 0, 0, 0, 0, 0, 0, 0, 0, 0, 0, 0, 0, 0, 1, 0 ], 
      [ 1, 0, 0, 0, 1, 0, 0, 1, 1, 0, 0, 0, 0, 0, 0, 0, 0, 0, 0, 0, 0, 0, 0, 1, 1 ], 
      [ 1, 0, 0, 0, 1, 0, 1, 0, 0, 0, 0, 0, 0, 0, 0, 0, 0, 0, 0, 0, 0, 0, 1, 0, 0 ], 
      [ 1, 0, 0, 0, 1, 0, 1, 0, 1, 0, 0, 0, 0, 0, 0, 0, 0, 0, 0, 0, 0, 0, 1, 0, 1 ], 
      [ 1, 0, 0, 0, 1, 0, 1, 1, 0, 0, 0, 0, 0, 0, 0, 0, 0, 0, 0, 0, 0, 0, 1, 1, 0 ], 
      [ 1, 0, 0, 0, 1, 0, 1, 1, 1, 0, 0, 0, 0, 0, 0, 0, 0, 0, 0, 0, 0, 0, 1, 1, 1 ], 
      [ 1, 0, 0, 0, 1, 1, 0, 0, 0, 0, 0, 0, 0, 0, 0, 0, 0, 0, 0, 0, 0, 1, 0, 0, 0 ], 
      [ 1, 0, 0, 0, 1, 1, 0, 0, 1, 0, 0, 0, 0, 0, 0, 0, 0, 0, 0, 0, 0, 1, 0, 0, 1 ], 
      [ 1, 0, 0, 0, 1, 1, 0, 1, 0, 0, 0, 0, 0, 0, 0, 0, 0, 0, 0, 0, 0, 1, 0, 1, 0 ], 
      [ 1, 0, 0, 0, 1, 1, 0, 1, 1, 0, 0, 0, 0, 0, 0, 0, 0, 0, 0, 0, 0, 1, 0, 1, 1 ], 
      [ 1, 0, 0, 0, 1, 1, 1, 0, 0, 0, 0, 0, 0, 0, 0, 0, 0, 0, 0, 0, 0, 1, 1, 0, 0 ], 
      [ 1, 0, 0, 0, 1, 1, 1, 0, 1, 0, 0, 0, 0, 0, 0, 0, 0, 0, 0, 0, 0, 1, 1, 0, 1 ], 
      [ 1, 0, 0, 0, 1, 1, 1, 1, 0, 0, 0, 0, 0, 0, 0, 0, 0, 0, 0, 0, 0, 1, 1, 1, 0 ], 
      [ 1, 0, 0, 0, 1, 1, 1, 1, 1, 0, 0, 0, 0, 0, 0, 0, 0, 0, 0, 0, 0, 1, 1, 1, 1 ], 
      [ 1, 0, 0, 1, 0, 0, 0, 0, 0, 0, 0, 0, 0, 0, 0, 0, 0, 0, 0, 0, 0, 0, 0, 0, 0 ], 
      [ 1, 0, 0, 1, 0, 0, 0, 0, 1, 0, 0, 0, 0, 0, 0, 0, 0, 0, 0, 0, 1, 0, 0, 0, 0 ], 
      [ 1, 0, 0, 1, 0, 0, 0, 1, 0, 0, 0, 0, 0, 0, 0, 0, 0, 0, 0, 1, 0, 0, 0, 0, 0 ], 
      [ 1, 0, 0, 1, 0, 0, 0, 1, 1, 0, 0, 0, 0, 0, 0, 0, 0, 0, 0, 1, 1, 0, 0, 0, 0 ], 
      [ 1, 0, 0, 1, 0, 0, 1, 0, 0, 0, 0, 0, 0, 0, 0, 0, 0, 0, 1, 0, 0, 0, 0, 0, 0 ], 
      [ 1, 0, 0, 1, 0, 0, 1, 0, 1, 0, 0, 0, 0, 0, 0, 0, 0, 0, 1, 0, 1, 0, 0, 0, 0 ], 
      [ 1, 0, 0, 1, 0, 0, 1, 1, 0, 0, 0, 0, 0, 0, 0, 0, 0, 0, 1, 1, 0, 0, 0, 0, 0 ], 
      [ 1, 0, 0, 1, 0, 0, 1, 1, 1, 0, 0, 0, 0, 0, 0, 0, 0, 0, 1, 1, 1, 0, 0, 0, 0 ], 
      [ 1, 0, 0, 1, 0, 1, 0, 0, 0, 0, 0, 0, 0, 0, 0, 0, 0, 1, 0, 0, 0, 0, 0, 0, 0 ], 
      [ 1, 0, 0, 1, 0, 1, 0, 0, 1, 0, 0, 0, 0, 0, 0, 0, 0, 1, 0, 0, 1, 0, 0, 0, 0 ], 
      [ 1, 0, 0, 1, 0, 1, 0, 1, 0, 0, 0, 0, 0, 0, 0, 0, 0, 1, 0, 1, 0, 0, 0, 0, 0 ], 
      [ 1, 0, 0, 1, 0, 1, 0, 1, 1, 0, 0, 0, 0, 0, 0, 0, 0, 1, 0, 1, 1, 0, 0, 0, 0 ], 
      [ 1, 0, 0, 1, 0, 1, 1, 0, 0, 0, 0, 0, 0, 0, 0, 0, 0, 1, 1, 0, 0, 0, 0, 0, 0 ], 
      [ 1, 0, 0, 1, 0, 1, 1, 0, 1, 0, 0, 0, 0, 0, 0, 0, 0, 1, 1, 0, 1, 0, 0, 0, 0 ], 
      [ 1, 0, 0, 1, 0, 1, 1, 1, 0, 0, 0, 0, 0, 0, 0, 0, 0, 1, 1, 1, 0, 0, 0, 0, 0 ], 
      [ 1, 0, 0, 1, 0, 1, 1, 1, 1, 0, 0, 0, 0, 0, 0, 0, 0, 1, 1, 1, 1, 0, 0, 0, 0 ], 
      [ 1, 0, 0, 1, 1, 0, 0, 0, 0, 0, 0, 0, 0, 0, 0, 0, 0, 0, 0, 0, 0, 0, 0, 0, 0 ], 
      [ 1, 0, 0, 1, 1, 0, 0, 0, 1, 0, 0, 0, 0, 0, 0, 0, 0, 0, 0, 0, 1, 0, 0, 0, 1 ], 
      [ 1, 0, 0, 1, 1, 0, 0, 1, 0, 0, 0, 0, 0, 0, 0, 0, 0, 0, 0, 1, 0, 0, 0, 1, 0 ], 
      [ 1, 0, 0, 1, 1, 0, 0, 1, 1, 0, 0, 0, 0, 0, 0, 0, 0, 0, 0, 1, 1, 0, 0, 1, 1 ], 
      [ 1, 0, 0, 1, 1, 0, 1, 0, 0, 0, 0, 0, 0, 0, 0, 0, 0, 0, 1, 0, 0, 0, 1, 0, 0 ], 
      [ 1, 0, 0, 1, 1, 0, 1, 0, 1, 0, 0, 0, 0, 0, 0, 0, 0, 0, 1, 0, 1, 0, 1, 0, 1 ], 
      [ 1, 0, 0, 1, 1, 0, 1, 1, 0, 0, 0, 0, 0, 0, 0, 0, 0, 0, 1, 1, 0, 0, 1, 1, 0 ], 
      [ 1, 0, 0, 1, 1, 0, 1, 1, 1, 0, 0, 0, 0, 0, 0, 0, 0, 0, 1, 1, 1, 0, 1, 1, 1 ], 
      [ 1, 0, 0, 1, 1, 1, 0, 0, 0, 0, 0, 0, 0, 0, 0, 0, 0, 1, 0, 0, 0, 1, 0, 0, 0 ], 
      [ 1, 0, 0, 1, 1, 1, 0, 0, 1, 0, 0, 0, 0, 0, 0, 0, 0, 1, 0, 0, 1, 1, 0, 0, 1 ], 
      [ 1, 0, 0, 1, 1, 1, 0, 1, 0, 0, 0, 0, 0, 0, 0, 0, 0, 1, 0, 1, 0, 1, 0, 1, 0 ], 
      [ 1, 0, 0, 1, 1, 1, 0, 1, 1, 0, 0, 0, 0, 0, 0, 0, 0, 1, 0, 1, 1, 1, 0, 1, 1 ], 
      [ 1, 0, 0, 1, 1, 1, 1, 0, 0, 0, 0, 0, 0, 0, 0, 0, 0, 1, 1, 0, 0, 1, 1, 0, 0 ], 
      [ 1, 0, 0, 1, 1, 1, 1, 0, 1, 0, 0, 0, 0, 0, 0, 0, 0, 1, 1, 0, 1, 1, 1, 0, 1 ], 
      [ 1, 0, 0, 1, 1, 1, 1, 1, 0, 0, 0, 0, 0, 0, 0, 0, 0, 1, 1, 1, 0, 1, 1, 1, 0 ], 
      [ 1, 0, 0, 1, 1, 1, 1, 1, 1, 0, 0, 0, 0, 0, 0, 0, 0, 1, 1, 1, 1, 1, 1, 1, 1 ], 
      [ 1, 0, 1, 0, 0, 0, 0, 0, 0, 0, 0, 0, 0, 0, 0, 0, 0, 0, 0, 0, 0, 0, 0, 0, 0 ], 
      [ 1, 0, 1, 0, 0, 0, 0, 0, 1, 0, 0, 0, 0, 0, 0, 0, 1, 0, 0, 0, 0, 0, 0, 0, 0 ], 
      [ 1, 0, 1, 0, 0, 0, 0, 1, 0, 0, 0, 0, 0, 0, 0, 1, 0, 0, 0, 0, 0, 0, 0, 0, 0 ], 
      [ 1, 0, 1, 0, 0, 0, 0, 1, 1, 0, 0, 0, 0, 0, 0, 1, 1, 0, 0, 0, 0, 0, 0, 0, 0 ], 
      [ 1, 0, 1, 0, 0, 0, 1, 0, 0, 0, 0, 0, 0, 0, 1, 0, 0, 0, 0, 0, 0, 0, 0, 0, 0 ], 
      [ 1, 0, 1, 0, 0, 0, 1, 0, 1, 0, 0, 0, 0, 0, 1, 0, 1, 0, 0, 0, 0, 0, 0, 0, 0 ], 
      [ 1, 0, 1, 0, 0, 0, 1, 1, 0, 0, 0, 0, 0, 0, 1, 1, 0, 0, 0, 0, 0, 0, 0, 0, 0 ], 
      [ 1, 0, 1, 0, 0, 0, 1, 1, 1, 0, 0, 0, 0, 0, 1, 1, 1, 0, 0, 0, 0, 0, 0, 0, 0 ], 
      [ 1, 0, 1, 0, 0, 1, 0, 0, 0, 0, 0, 0, 0, 1, 0, 0, 0, 0, 0, 0, 0, 0, 0, 0, 0 ], 
      [ 1, 0, 1, 0, 0, 1, 0, 0, 1, 0, 0, 0, 0, 1, 0, 0, 1, 0, 0, 0, 0, 0, 0, 0, 0 ], 
      [ 1, 0, 1, 0, 0, 1, 0, 1, 0, 0, 0, 0, 0, 1, 0, 1, 0, 0, 0, 0, 0, 0, 0, 0, 0 ], 
      [ 1, 0, 1, 0, 0, 1, 0, 1, 1, 0, 0, 0, 0, 1, 0, 1, 1, 0, 0, 0, 0, 0, 0, 0, 0 ], 
      [ 1, 0, 1, 0, 0, 1, 1, 0, 0, 0, 0, 0, 0, 1, 1, 0, 0, 0, 0, 0, 0, 0, 0, 0, 0 ], 
      [ 1, 0, 1, 0, 0, 1, 1, 0, 1, 0, 0, 0, 0, 1, 1, 0, 1, 0, 0, 0, 0, 0, 0, 0, 0 ], 
      [ 1, 0, 1, 0, 0, 1, 1, 1, 0, 0, 0, 0, 0, 1, 1, 1, 0, 0, 0, 0, 0, 0, 0, 0, 0 ], 
      [ 1, 0, 1, 0, 0, 1, 1, 1, 1, 0, 0, 0, 0, 1, 1, 1, 1, 0, 0, 0, 0, 0, 0, 0, 0 ], 
      [ 1, 0, 1, 0, 1, 0, 0, 0, 0, 0, 0, 0, 0, 0, 0, 0, 0, 0, 0, 0, 0, 0, 0, 0, 0 ], 
      [ 1, 0, 1, 0, 1, 0, 0, 0, 1, 0, 0, 0, 0, 0, 0, 0, 1, 0, 0, 0, 0, 0, 0, 0, 1 ], 
      [ 1, 0, 1, 0, 1, 0, 0, 1, 0, 0, 0, 0, 0, 0, 0, 1, 0, 0, 0, 0, 0, 0, 0, 1, 0 ], 
      [ 1, 0, 1, 0, 1, 0, 0, 1, 1, 0, 0, 0, 0, 0, 0, 1, 1, 0, 0, 0, 0, 0, 0, 1, 1 ], 
      [ 1, 0, 1, 0, 1, 0, 1, 0, 0, 0, 0, 0, 0, 0, 1, 0, 0, 0, 0, 0, 0, 0, 1, 0, 0 ], 
      [ 1, 0, 1, 0, 1, 0, 1, 0, 1, 0, 0, 0, 0, 0, 1, 0, 1, 0, 0, 0, 0, 0, 1, 0, 1 ], 
      [ 1, 0, 1, 0, 1, 0, 1, 1, 0, 0, 0, 0, 0, 0, 1, 1, 0, 0, 0, 0, 0, 0, 1, 1, 0 ], 
      [ 1, 0, 1, 0, 1, 0, 1, 1, 1, 0, 0, 0, 0, 0, 1, 1, 1, 0, 0, 0, 0, 0, 1, 1, 1 ], 
      [ 1, 0, 1, 0, 1, 1, 0, 0, 0, 0, 0, 0, 0, 1, 0, 0, 0, 0, 0, 0, 0, 1, 0, 0, 0 ], 
      [ 1, 0, 1, 0, 1, 1, 0, 0, 1, 0, 0, 0, 0, 1, 0, 0, 1, 0, 0, 0, 0, 1, 0, 0, 1 ], 
      [ 1, 0, 1, 0, 1, 1, 0, 1, 0, 0, 0, 0, 0, 1, 0, 1, 0, 0, 0, 0, 0, 1, 0, 1, 0 ], 
      [ 1, 0, 1, 0, 1, 1, 0, 1, 1, 0, 0, 0, 0, 1, 0, 1, 1, 0, 0, 0, 0, 1, 0, 1, 1 ], 
      [ 1, 0, 1, 0, 1, 1, 1, 0, 0, 0, 0, 0, 0, 1, 1, 0, 0, 0, 0, 0, 0, 1, 1, 0, 0 ], 
      [ 1, 0, 1, 0, 1, 1, 1, 0, 1, 0, 0, 0, 0, 1, 1, 0, 1, 0, 0, 0, 0, 1, 1, 0, 1 ], 
      [ 1, 0, 1, 0, 1, 1, 1, 1, 0, 0, 0, 0, 0, 1, 1, 1, 0, 0, 0, 0, 0, 1, 1, 1, 0 ], 
      [ 1, 0, 1, 0, 1, 1, 1, 1, 1, 0, 0, 0, 0, 1, 1, 1, 1, 0, 0, 0, 0, 1, 1, 1, 1 ], 
      [ 1, 0, 1, 1, 0, 0, 0, 0, 0, 0, 0, 0, 0, 0, 0, 0, 0, 0, 0, 0, 0, 0, 0, 0, 0 ], 
      [ 1, 0, 1, 1, 0, 0, 0, 0, 1, 0, 0, 0, 0, 0, 0, 0, 1, 0, 0, 0, 1, 0, 0, 0, 0 ], 
      [ 1, 0, 1, 1, 0, 0, 0, 1, 0, 0, 0, 0, 0, 0, 0, 1, 0, 0, 0, 1, 0, 0, 0, 0, 0 ], 
      [ 1, 0, 1, 1, 0, 0, 0, 1, 1, 0, 0, 0, 0, 0, 0, 1, 1, 0, 0, 1, 1, 0, 0, 0, 0 ], 
      [ 1, 0, 1, 1, 0, 0, 1, 0, 0, 0, 0, 0, 0, 0, 1, 0, 0, 0, 1, 0, 0, 0, 0, 0, 0 ], 
      [ 1, 0, 1, 1, 0, 0, 1, 0, 1, 0, 0, 0, 0, 0, 1, 0, 1, 0, 1, 0, 1, 0, 0, 0, 0 ], 
      [ 1, 0, 1, 1, 0, 0, 1, 1, 0, 0, 0, 0, 0, 0, 1, 1, 0, 0, 1, 1, 0, 0, 0, 0, 0 ], 
      [ 1, 0, 1, 1, 0, 0, 1, 1, 1, 0, 0, 0, 0, 0, 1, 1, 1, 0, 1, 1, 1, 0, 0, 0, 0 ], 
      [ 1, 0, 1, 1, 0, 1, 0, 0, 0, 0, 0, 0, 0, 1, 0, 0, 0, 1, 0, 0, 0, 0, 0, 0, 0 ], 
      [ 1, 0, 1, 1, 0, 1, 0, 0, 1, 0, 0, 0, 0, 1, 0, 0, 1, 1, 0, 0, 1, 0, 0, 0, 0 ], 
      [ 1, 0, 1, 1, 0, 1, 0, 1, 0, 0, 0, 0, 0, 1, 0, 1, 0, 1, 0, 1, 0, 0, 0, 0, 0 ], 
      [ 1, 0, 1, 1, 0, 1, 0, 1, 1, 0, 0, 0, 0, 1, 0, 1, 1, 1, 0, 1, 1, 0, 0, 0, 0 ], 
      [ 1, 0, 1, 1, 0, 1, 1, 0, 0, 0, 0, 0, 0, 1, 1, 0, 0, 1, 1, 0, 0, 0, 0, 0, 0 ], 
      [ 1, 0, 1, 1, 0, 1, 1, 0, 1, 0, 0, 0, 0, 1, 1, 0, 1, 1, 1, 0, 1, 0, 0, 0, 0 ], 
      [ 1, 0, 1, 1, 0, 1, 1, 1, 0, 0, 0, 0, 0, 1, 1, 1, 0, 1, 1, 1, 0, 0, 0, 0, 0 ], 
      [ 1, 0, 1, 1, 0, 1, 1, 1, 1, 0, 0, 0, 0, 1, 1, 1, 1, 1, 1, 1, 1, 0, 0, 0, 0 ], 
      [ 1, 0, 1, 1, 1, 0, 0, 0, 0, 0, 0, 0, 0, 0, 0, 0, 0, 0, 0, 0, 0, 0, 0, 0, 0 ], 
      [ 1, 0, 1, 1, 1, 0, 0, 0, 1, 0, 0, 0, 0, 0, 0, 0, 1, 0, 0, 0, 1, 0, 0, 0, 1 ], 
      [ 1, 0, 1, 1, 1, 0, 0, 1, 0, 0, 0, 0, 0, 0, 0, 1, 0, 0, 0, 1, 0, 0, 0, 1, 0 ], 
      [ 1, 0, 1, 1, 1, 0, 0, 1, 1, 0, 0, 0, 0, 0, 0, 1, 1, 0, 0, 1, 1, 0, 0, 1, 1 ], 
      [ 1, 0, 1, 1, 1, 0, 1, 0, 0, 0, 0, 0, 0, 0, 1, 0, 0, 0, 1, 0, 0, 0, 1, 0, 0 ], 
      [ 1, 0, 1, 1, 1, 0, 1, 0, 1, 0, 0, 0, 0, 0, 1, 0, 1, 0, 1, 0, 1, 0, 1, 0, 1 ], 
      [ 1, 0, 1, 1, 1, 0, 1, 1, 0, 0, 0, 0, 0, 0, 1, 1, 0, 0, 1, 1, 0, 0, 1, 1, 0 ], 
      [ 1, 0, 1, 1, 1, 0, 1, 1, 1, 0, 0, 0, 0, 0, 1, 1, 1, 0, 1, 1, 1, 0, 1, 1, 1 ], 
      [ 1, 0, 1, 1, 1, 1, 0, 0, 0, 0, 0, 0, 0, 1, 0, 0, 0, 1, 0, 0, 0, 1, 0, 0, 0 ], 
      [ 1, 0, 1, 1, 1, 1, 0, 0, 1, 0, 0, 0, 0, 1, 0, 0, 1, 1, 0, 0, 1, 1, 0, 0, 1 ], 
      [ 1, 0, 1, 1, 1, 1, 0, 1, 0, 0, 0, 0, 0, 1, 0, 1, 0, 1, 0, 1, 0, 1, 0, 1, 0 ], 
      [ 1, 0, 1, 1, 1, 1, 0, 1, 1, 0, 0, 0, 0, 1, 0, 1, 1, 1, 0, 1, 1, 1, 0, 1, 1 ], 
      [ 1, 0, 1, 1, 1, 1, 1, 0, 0, 0, 0, 0, 0, 1, 1, 0, 0, 1, 1, 0, 0, 1, 1, 0, 0 ], 
      [ 1, 0, 1, 1, 1, 1, 1, 0, 1, 0, 0, 0, 0, 1, 1, 0, 1, 1, 1, 0, 1, 1, 1, 0, 1 ], 
      [ 1, 0, 1, 1, 1, 1, 1, 1, 0, 0, 0, 0, 0, 1, 1, 1, 0, 1, 1, 1, 0, 1, 1, 1, 0 ], 
      [ 1, 0, 1, 1, 1, 1, 1, 1, 1, 0, 0, 0, 0, 1, 1, 1, 1, 1, 1, 1, 1, 1, 1, 1, 1 ], 
      [ 1, 1, 0, 0, 0, 0, 0, 0, 0, 0, 0, 0, 0, 0, 0, 0, 0, 0, 0, 0, 0, 0, 0, 0, 0 ], 
      [ 1, 1, 0, 0, 0, 0, 0, 0, 1, 0, 0, 0, 1, 0, 0, 0, 0, 0, 0, 0, 0, 0, 0, 0, 0 ], 
      [ 1, 1, 0, 0, 0, 0, 0, 1, 0, 0, 0, 1, 0, 0, 0, 0, 0, 0, 0, 0, 0, 0, 0, 0, 0 ], 
      [ 1, 1, 0, 0, 0, 0, 0, 1, 1, 0, 0, 1, 1, 0, 0, 0, 0, 0, 0, 0, 0, 0, 0, 0, 0 ], 
      [ 1, 1, 0, 0, 0, 0, 1, 0, 0, 0, 1, 0, 0, 0, 0, 0, 0, 0, 0, 0, 0, 0, 0, 0, 0 ], 
      [ 1, 1, 0, 0, 0, 0, 1, 0, 1, 0, 1, 0, 1, 0, 0, 0, 0, 0, 0, 0, 0, 0, 0, 0, 0 ], 
      [ 1, 1, 0, 0, 0, 0, 1, 1, 0, 0, 1, 1, 0, 0, 0, 0, 0, 0, 0, 0, 0, 0, 0, 0, 0 ], 
      [ 1, 1, 0, 0, 0, 0, 1, 1, 1, 0, 1, 1, 1, 0, 0, 0, 0, 0, 0, 0, 0, 0, 0, 0, 0 ], 
      [ 1, 1, 0, 0, 0, 1, 0, 0, 0, 1, 0, 0, 0, 0, 0, 0, 0, 0, 0, 0, 0, 0, 0, 0, 0 ], 
      [ 1, 1, 0, 0, 0, 1, 0, 0, 1, 1, 0, 0, 1, 0, 0, 0, 0, 0, 0, 0, 0, 0, 0, 0, 0 ], 
      [ 1, 1, 0, 0, 0, 1, 0, 1, 0, 1, 0, 1, 0, 0, 0, 0, 0, 0, 0, 0, 0, 0, 0, 0, 0 ], 
      [ 1, 1, 0, 0, 0, 1, 0, 1, 1, 1, 0, 1, 1, 0, 0, 0, 0, 0, 0, 0, 0, 0, 0, 0, 0 ], 
      [ 1, 1, 0, 0, 0, 1, 1, 0, 0, 1, 1, 0, 0, 0, 0, 0, 0, 0, 0, 0, 0, 0, 0, 0, 0 ], 
      [ 1, 1, 0, 0, 0, 1, 1, 0, 1, 1, 1, 0, 1, 0, 0, 0, 0, 0, 0, 0, 0, 0, 0, 0, 0 ], 
      [ 1, 1, 0, 0, 0, 1, 1, 1, 0, 1, 1, 1, 0, 0, 0, 0, 0, 0, 0, 0, 0, 0, 0, 0, 0 ], 
      [ 1, 1, 0, 0, 0, 1, 1, 1, 1, 1, 1, 1, 1, 0, 0, 0, 0, 0, 0, 0, 0, 0, 0, 0, 0 ], 
      [ 1, 1, 0, 0, 1, 0, 0, 0, 0, 0, 0, 0, 0, 0, 0, 0, 0, 0, 0, 0, 0, 0, 0, 0, 0 ], 
      [ 1, 1, 0, 0, 1, 0, 0, 0, 1, 0, 0, 0, 1, 0, 0, 0, 0, 0, 0, 0, 0, 0, 0, 0, 1 ], 
      [ 1, 1, 0, 0, 1, 0, 0, 1, 0, 0, 0, 1, 0, 0, 0, 0, 0, 0, 0, 0, 0, 0, 0, 1, 0 ], 
      [ 1, 1, 0, 0, 1, 0, 0, 1, 1, 0, 0, 1, 1, 0, 0, 0, 0, 0, 0, 0, 0, 0, 0, 1, 1 ], 
      [ 1, 1, 0, 0, 1, 0, 1, 0, 0, 0, 1, 0, 0, 0, 0, 0, 0, 0, 0, 0, 0, 0, 1, 0, 0 ], 
      [ 1, 1, 0, 0, 1, 0, 1, 0, 1, 0, 1, 0, 1, 0, 0, 0, 0, 0, 0, 0, 0, 0, 1, 0, 1 ], 
      [ 1, 1, 0, 0, 1, 0, 1, 1, 0, 0, 1, 1, 0, 0, 0, 0, 0, 0, 0, 0, 0, 0, 1, 1, 0 ], 
      [ 1, 1, 0, 0, 1, 0, 1, 1, 1, 0, 1, 1, 1, 0, 0, 0, 0, 0, 0, 0, 0, 0, 1, 1, 1 ], 
      [ 1, 1, 0, 0, 1, 1, 0, 0, 0, 1, 0, 0, 0, 0, 0, 0, 0, 0, 0, 0, 0, 1, 0, 0, 0 ], 
      [ 1, 1, 0, 0, 1, 1, 0, 0, 1, 1, 0, 0, 1, 0, 0, 0, 0, 0, 0, 0, 0, 1, 0, 0, 1 ], 
      [ 1, 1, 0, 0, 1, 1, 0, 1, 0, 1, 0, 1, 0, 0, 0, 0, 0, 0, 0, 0, 0, 1, 0, 1, 0 ], 
      [ 1, 1, 0, 0, 1, 1, 0, 1, 1, 1, 0, 1, 1, 0, 0, 0, 0, 0, 0, 0, 0, 1, 0, 1, 1 ], 
      [ 1, 1, 0, 0, 1, 1, 1, 0, 0, 1, 1, 0, 0, 0, 0, 0, 0, 0, 0, 0, 0, 1, 1, 0, 0 ], 
      [ 1, 1, 0, 0, 1, 1, 1, 0, 1, 1, 1, 0, 1, 0, 0, 0, 0, 0, 0, 0, 0, 1, 1, 0, 1 ], 
      [ 1, 1, 0, 0, 1, 1, 1, 1, 0, 1, 1, 1, 0, 0, 0, 0, 0, 0, 0, 0, 0, 1, 1, 1, 0 ], 
      [ 1, 1, 0, 0, 1, 1, 1, 1, 1, 1, 1, 1, 1, 0, 0, 0, 0, 0, 0, 0, 0, 1, 1, 1, 1 ], 
      [ 1, 1, 0, 1, 0, 0, 0, 0, 0, 0, 0, 0, 0, 0, 0, 0, 0, 0, 0, 0, 0, 0, 0, 0, 0 ], 
      [ 1, 1, 0, 1, 0, 0, 0, 0, 1, 0, 0, 0, 1, 0, 0, 0, 0, 0, 0, 0, 1, 0, 0, 0, 0 ], 
      [ 1, 1, 0, 1, 0, 0, 0, 1, 0, 0, 0, 1, 0, 0, 0, 0, 0, 0, 0, 1, 0, 0, 0, 0, 0 ], 
      [ 1, 1, 0, 1, 0, 0, 0, 1, 1, 0, 0, 1, 1, 0, 0, 0, 0, 0, 0, 1, 1, 0, 0, 0, 0 ], 
      [ 1, 1, 0, 1, 0, 0, 1, 0, 0, 0, 1, 0, 0, 0, 0, 0, 0, 0, 1, 0, 0, 0, 0, 0, 0 ], 
      [ 1, 1, 0, 1, 0, 0, 1, 0, 1, 0, 1, 0, 1, 0, 0, 0, 0, 0, 1, 0, 1, 0, 0, 0, 0 ], 
      [ 1, 1, 0, 1, 0, 0, 1, 1, 0, 0, 1, 1, 0, 0, 0, 0, 0, 0, 1, 1, 0, 0, 0, 0, 0 ], 
      [ 1, 1, 0, 1, 0, 0, 1, 1, 1, 0, 1, 1, 1, 0, 0, 0, 0, 0, 1, 1, 1, 0, 0, 0, 0 ], 
      [ 1, 1, 0, 1, 0, 1, 0, 0, 0, 1, 0, 0, 0, 0, 0, 0, 0, 1, 0, 0, 0, 0, 0, 0, 0 ], 
      [ 1, 1, 0, 1, 0, 1, 0, 0, 1, 1, 0, 0, 1, 0, 0, 0, 0, 1, 0, 0, 1, 0, 0, 0, 0 ], 
      [ 1, 1, 0, 1, 0, 1, 0, 1, 0, 1, 0, 1, 0, 0, 0, 0, 0, 1, 0, 1, 0, 0, 0, 0, 0 ], 
      [ 1, 1, 0, 1, 0, 1, 0, 1, 1, 1, 0, 1, 1, 0, 0, 0, 0, 1, 0, 1, 1, 0, 0, 0, 0 ], 
      [ 1, 1, 0, 1, 0, 1, 1, 0, 0, 1, 1, 0, 0, 0, 0, 0, 0, 1, 1, 0, 0, 0, 0, 0, 0 ], 
      [ 1, 1, 0, 1, 0, 1, 1, 0, 1, 1, 1, 0, 1, 0, 0, 0, 0, 1, 1, 0, 1, 0, 0, 0, 0 ], 
      [ 1, 1, 0, 1, 0, 1, 1, 1, 0, 1, 1, 1, 0, 0, 0, 0, 0, 1, 1, 1, 0, 0, 0, 0, 0 ], 
      [ 1, 1, 0, 1, 0, 1, 1, 1, 1, 1, 1, 1, 1, 0, 0, 0, 0, 1, 1, 1, 1, 0, 0, 0, 0 ], 
      [ 1, 1, 0, 1, 1, 0, 0, 0, 0, 0, 0, 0, 0, 0, 0, 0, 0, 0, 0, 0, 0, 0, 0, 0, 0 ], 
      [ 1, 1, 0, 1, 1, 0, 0, 0, 1, 0, 0, 0, 1, 0, 0, 0, 0, 0, 0, 0, 1, 0, 0, 0, 1 ], 
      [ 1, 1, 0, 1, 1, 0, 0, 1, 0, 0, 0, 1, 0, 0, 0, 0, 0, 0, 0, 1, 0, 0, 0, 1, 0 ], 
      [ 1, 1, 0, 1, 1, 0, 0, 1, 1, 0, 0, 1, 1, 0, 0, 0, 0, 0, 0, 1, 1, 0, 0, 1, 1 ], 
      [ 1, 1, 0, 1, 1, 0, 1, 0, 0, 0, 1, 0, 0, 0, 0, 0, 0, 0, 1, 0, 0, 0, 1, 0, 0 ], 
      [ 1, 1, 0, 1, 1, 0, 1, 0, 1, 0, 1, 0, 1, 0, 0, 0, 0, 0, 1, 0, 1, 0, 1, 0, 1 ], 
      [ 1, 1, 0, 1, 1, 0, 1, 1, 0, 0, 1, 1, 0, 0, 0, 0, 0, 0, 1, 1, 0, 0, 1, 1, 0 ], 
      [ 1, 1, 0, 1, 1, 0, 1, 1, 1, 0, 1, 1, 1, 0, 0, 0, 0, 0, 1, 1, 1, 0, 1, 1, 1 ], 
      [ 1, 1, 0, 1, 1, 1, 0, 0, 0, 1, 0, 0, 0, 0, 0, 0, 0, 1, 0, 0, 0, 1, 0, 0, 0 ], 
      [ 1, 1, 0, 1, 1, 1, 0, 0, 1, 1, 0, 0, 1, 0, 0, 0, 0, 1, 0, 0, 1, 1, 0, 0, 1 ], 
      [ 1, 1, 0, 1, 1, 1, 0, 1, 0, 1, 0, 1, 0, 0, 0, 0, 0, 1, 0, 1, 0, 1, 0, 1, 0 ], 
      [ 1, 1, 0, 1, 1, 1, 0, 1, 1, 1, 0, 1, 1, 0, 0, 0, 0, 1, 0, 1, 1, 1, 0, 1, 1 ], 
      [ 1, 1, 0, 1, 1, 1, 1, 0, 0, 1, 1, 0, 0, 0, 0, 0, 0, 1, 1, 0, 0, 1, 1, 0, 0 ], 
      [ 1, 1, 0, 1, 1, 1, 1, 0, 1, 1, 1, 0, 1, 0, 0, 0, 0, 1, 1, 0, 1, 1, 1, 0, 1 ], 
      [ 1, 1, 0, 1, 1, 1, 1, 1, 0, 1, 1, 1, 0, 0, 0, 0, 0, 1, 1, 1, 0, 1, 1, 1, 0 ], 
      [ 1, 1, 0, 1, 1, 1, 1, 1, 1, 1, 1, 1, 1, 0, 0, 0, 0, 1, 1, 1, 1, 1, 1, 1, 1 ], 
      [ 1, 1, 1, 0, 0, 0, 0, 0, 0, 0, 0, 0, 0, 0, 0, 0, 0, 0, 0, 0, 0, 0, 0, 0, 0 ], 
      [ 1, 1, 1, 0, 0, 0, 0, 0, 1, 0, 0, 0, 1, 0, 0, 0, 1, 0, 0, 0, 0, 0, 0, 0, 0 ], 
      [ 1, 1, 1, 0, 0, 0, 0, 1, 0, 0, 0, 1, 0, 0, 0, 1, 0, 0, 0, 0, 0, 0, 0, 0, 0 ], 
      [ 1, 1, 1, 0, 0, 0, 0, 1, 1, 0, 0, 1, 1, 0, 0, 1, 1, 0, 0, 0, 0, 0, 0, 0, 0 ], 
      [ 1, 1, 1, 0, 0, 0, 1, 0, 0, 0, 1, 0, 0, 0, 1, 0, 0, 0, 0, 0, 0, 0, 0, 0, 0 ], 
      [ 1, 1, 1, 0, 0, 0, 1, 0, 1, 0, 1, 0, 1, 0, 1, 0, 1, 0, 0, 0, 0, 0, 0, 0, 0 ], 
      [ 1, 1, 1, 0, 0, 0, 1, 1, 0, 0, 1, 1, 0, 0, 1, 1, 0, 0, 0, 0, 0, 0, 0, 0, 0 ], 
      [ 1, 1, 1, 0, 0, 0, 1, 1, 1, 0, 1, 1, 1, 0, 1, 1, 1, 0, 0, 0, 0, 0, 0, 0, 0 ], 
      [ 1, 1, 1, 0, 0, 1, 0, 0, 0, 1, 0, 0, 0, 1, 0, 0, 0, 0, 0, 0, 0, 0, 0, 0, 0 ], 
      [ 1, 1, 1, 0, 0, 1, 0, 0, 1, 1, 0, 0, 1, 1, 0, 0, 1, 0, 0, 0, 0, 0, 0, 0, 0 ], 
      [ 1, 1, 1, 0, 0, 1, 0, 1, 0, 1, 0, 1, 0, 1, 0, 1, 0, 0, 0, 0, 0, 0, 0, 0, 0 ], 
      [ 1, 1, 1, 0, 0, 1, 0, 1, 1, 1, 0, 1, 1, 1, 0, 1, 1, 0, 0, 0, 0, 0, 0, 0, 0 ], 
      [ 1, 1, 1, 0, 0, 1, 1, 0, 0, 1, 1, 0, 0, 1, 1, 0, 0, 0, 0, 0, 0, 0, 0, 0, 0 ], 
      [ 1, 1, 1, 0, 0, 1, 1, 0, 1, 1, 1, 0, 1, 1, 1, 0, 1, 0, 0, 0, 0, 0, 0, 0, 0 ], 
      [ 1, 1, 1, 0, 0, 1, 1, 1, 0, 1, 1, 1, 0, 1, 1, 1, 0, 0, 0, 0, 0, 0, 0, 0, 0 ], 
      [ 1, 1, 1, 0, 0, 1, 1, 1, 1, 1, 1, 1, 1, 1, 1, 1, 1, 0, 0, 0, 0, 0, 0, 0, 0 ], 
      [ 1, 1, 1, 0, 1, 0, 0, 0, 0, 0, 0, 0, 0, 0, 0, 0, 0, 0, 0, 0, 0, 0, 0, 0, 0 ], 
      [ 1, 1, 1, 0, 1, 0, 0, 0, 1, 0, 0, 0, 1, 0, 0, 0, 1, 0, 0, 0, 0, 0, 0, 0, 1 ], 
      [ 1, 1, 1, 0, 1, 0, 0, 1, 0, 0, 0, 1, 0, 0, 0, 1, 0, 0, 0, 0, 0, 0, 0, 1, 0 ], 
      [ 1, 1, 1, 0, 1, 0, 0, 1, 1, 0, 0, 1, 1, 0, 0, 1, 1, 0, 0, 0, 0, 0, 0, 1, 1 ], 
      [ 1, 1, 1, 0, 1, 0, 1, 0, 0, 0, 1, 0, 0, 0, 1, 0, 0, 0, 0, 0, 0, 0, 1, 0, 0 ], 
      [ 1, 1, 1, 0, 1, 0, 1, 0, 1, 0, 1, 0, 1, 0, 1, 0, 1, 0, 0, 0, 0, 0, 1, 0, 1 ], 
      [ 1, 1, 1, 0, 1, 0, 1, 1, 0, 0, 1, 1, 0, 0, 1, 1, 0, 0, 0, 0, 0, 0, 1, 1, 0 ], 
      [ 1, 1, 1, 0, 1, 0, 1, 1, 1, 0, 1, 1, 1, 0, 1, 1, 1, 0, 0, 0, 0, 0, 1, 1, 1 ], 
      [ 1, 1, 1, 0, 1, 1, 0, 0, 0, 1, 0, 0, 0, 1, 0, 0, 0, 0, 0, 0, 0, 1, 0, 0, 0 ], 
      [ 1, 1, 1, 0, 1, 1, 0, 0, 1, 1, 0, 0, 1, 1, 0, 0, 1, 0, 0, 0, 0, 1, 0, 0, 1 ], 
      [ 1, 1, 1, 0, 1, 1, 0, 1, 0, 1, 0, 1, 0, 1, 0, 1, 0, 0, 0, 0, 0, 1, 0, 1, 0 ], 
      [ 1, 1, 1, 0, 1, 1, 0, 1, 1, 1, 0, 1, 1, 1, 0, 1, 1, 0, 0, 0, 0, 1, 0, 1, 1 ], 
      [ 1, 1, 1, 0, 1, 1, 1, 0, 0, 1, 1, 0, 0, 1, 1, 0, 0, 0, 0, 0, 0, 1, 1, 0, 0 ], 
      [ 1, 1, 1, 0, 1, 1, 1, 0, 1, 1, 1, 0, 1, 1, 1, 0, 1, 0, 0, 0, 0, 1, 1, 0, 1 ], 
      [ 1, 1, 1, 0, 1, 1, 1, 1, 0, 1, 1, 1, 0, 1, 1, 1, 0, 0, 0, 0, 0, 1, 1, 1, 0 ], 
      [ 1, 1, 1, 0, 1, 1, 1, 1, 1, 1, 1, 1, 1, 1, 1, 1, 1, 0, 0, 0, 0, 1, 1, 1, 1 ], 
      [ 1, 1, 1, 1, 0, 0, 0, 0, 0, 0, 0, 0, 0, 0, 0, 0, 0, 0, 0, 0, 0, 0, 0, 0, 0 ], 
      [ 1, 1, 1, 1, 0, 0, 0, 0, 1, 0, 0, 0, 1, 0, 0, 0, 1, 0, 0, 0, 1, 0, 0, 0, 0 ], 
      [ 1, 1, 1, 1, 0, 0, 0, 1, 0, 0, 0, 1, 0, 0, 0, 1, 0, 0, 0, 1, 0, 0, 0, 0, 0 ], 
      [ 1, 1, 1, 1, 0, 0, 0, 1, 1, 0, 0, 1, 1, 0, 0, 1, 1, 0, 0, 1, 1, 0, 0, 0, 0 ], 
      [ 1, 1, 1, 1, 0, 0, 1, 0, 0, 0, 1, 0, 0, 0, 1, 0, 0, 0, 1, 0, 0, 0, 0, 0, 0 ], 
      [ 1, 1, 1, 1, 0, 0, 1, 0, 1, 0, 1, 0, 1, 0, 1, 0, 1, 0, 1, 0, 1, 0, 0, 0, 0 ], 
      [ 1, 1, 1, 1, 0, 0, 1, 1, 0, 0, 1, 1, 0, 0, 1, 1, 0, 0, 1, 1, 0, 0, 0, 0, 0 ], 
      [ 1, 1, 1, 1, 0, 0, 1, 1, 1, 0, 1, 1, 1, 0, 1, 1, 1, 0, 1, 1, 1, 0, 0, 0, 0 ], 
      [ 1, 1, 1, 1, 0, 1, 0, 0, 0, 1, 0, 0, 0, 1, 0, 0, 0, 1, 0, 0, 0, 0, 0, 0, 0 ], 
      [ 1, 1, 1, 1, 0, 1, 0, 0, 1, 1, 0, 0, 1, 1, 0, 0, 1, 1, 0, 0, 1, 0, 0, 0, 0 ], 
      [ 1, 1, 1, 1, 0, 1, 0, 1, 0, 1, 0, 1, 0, 1, 0, 1, 0, 1, 0, 1, 0, 0, 0, 0, 0 ], 
      [ 1, 1, 1, 1, 0, 1, 0, 1, 1, 1, 0, 1, 1, 1, 0, 1, 1, 1, 0, 1, 1, 0, 0, 0, 0 ], 
      [ 1, 1, 1, 1, 0, 1, 1, 0, 0, 1, 1, 0, 0, 1, 1, 0, 0, 1, 1, 0, 0, 0, 0, 0, 0 ], 
      [ 1, 1, 1, 1, 0, 1, 1, 0, 1, 1, 1, 0, 1, 1, 1, 0, 1, 1, 1, 0, 1, 0, 0, 0, 0 ], 
      [ 1, 1, 1, 1, 0, 1, 1, 1, 0, 1, 1, 1, 0, 1, 1, 1, 0, 1, 1, 1, 0, 0, 0, 0, 0 ], 
      [ 1, 1, 1, 1, 0, 1, 1, 1, 1, 1, 1, 1, 1, 1, 1, 1, 1, 1, 1, 1, 1, 0, 0, 0, 0 ], 
      [ 1, 1, 1, 1, 1, 0, 0, 0, 0, 0, 0, 0, 0, 0, 0, 0, 0, 0, 0, 0, 0, 0, 0, 0, 0 ], 
      [ 1, 1, 1, 1, 1, 0, 0, 0, 1, 0, 0, 0, 1, 0, 0, 0, 1, 0, 0, 0, 1, 0, 0, 0, 1 ], 
      [ 1, 1, 1, 1, 1, 0, 0, 1, 0, 0, 0, 1, 0, 0, 0, 1, 0, 0, 0, 1, 0, 0, 0, 1, 0 ], 
      [ 1, 1, 1, 1, 1, 0, 0, 1, 1, 0, 0, 1, 1, 0, 0, 1, 1, 0, 0, 1, 1, 0, 0, 1, 1 ], 
      [ 1, 1, 1, 1, 1, 0, 1, 0, 0, 0, 1, 0, 0, 0, 1, 0, 0, 0, 1, 0, 0, 0, 1, 0, 0 ], 
      [ 1, 1, 1, 1, 1, 0, 1, 0, 1, 0, 1, 0, 1, 0, 1, 0, 1, 0, 1, 0, 1, 0, 1, 0, 1 ], 
      [ 1, 1, 1, 1, 1, 0, 1, 1, 0, 0, 1, 1, 0, 0, 1, 1, 0, 0, 1, 1, 0, 0, 1, 1, 0 ], 
      [ 1, 1, 1, 1, 1, 0, 1, 1, 1, 0, 1, 1, 1, 0, 1, 1, 1, 0, 1, 1, 1, 0, 1, 1, 1 ], 
      [ 1, 1, 1, 1, 1, 1, 0, 0, 0, 1, 0, 0, 0, 1, 0, 0, 0, 1, 0, 0, 0, 1, 0, 0, 0 ], 
      [ 1, 1, 1, 1, 1, 1, 0, 0, 1, 1, 0, 0, 1, 1, 0, 0, 1, 1, 0, 0, 1, 1, 0, 0, 1 ], 
      [ 1, 1, 1, 1, 1, 1, 0, 1, 0, 1, 0, 1, 0, 1, 0, 1, 0, 1, 0, 1, 0, 1, 0, 1, 0 ], 
      [ 1, 1, 1, 1, 1, 1, 0, 1, 1, 1, 0, 1, 1, 1, 0, 1, 1, 1, 0, 1, 1, 1, 0, 1, 1 ], 
      [ 1, 1, 1, 1, 1, 1, 1, 0, 0, 1, 1, 0, 0, 1, 1, 0, 0, 1, 1, 0, 0, 1, 1, 0, 0 ], 
      [ 1, 1, 1, 1, 1, 1, 1, 0, 1, 1, 1, 0, 1, 1, 1, 0, 1, 1, 1, 0, 1, 1, 1, 0, 1 ], 
      [ 1, 1, 1, 1, 1, 1, 1, 1, 0, 1, 1, 1, 0, 1, 1, 1, 0, 1, 1, 1, 0, 1, 1, 1, 0 ], 
      [ 1, 1, 1, 1, 1, 1, 1, 1, 1, 1, 1, 1, 1, 1, 1, 1, 1, 1, 1, 1, 1, 1, 1, 1, 1 ] ],
  GRP := Group( [ (  2,  3)(  6,  7)( 10, 11)( 14, 15)( 18, 19)( 22, 23)( 26, 27)( 30, 31)( 34, 35)( 38, 39)( 42, 43)
        ( 46, 47)( 50, 51)( 54, 55)( 58, 59)( 62, 63)( 66, 67)( 70, 71)( 74, 75)( 78, 79)( 82, 83)( 86, 87)( 90, 91)
        ( 94, 95)( 98, 99)(102,103)(106,107)(110,111)(114,115)(118,119)(122,123)(126,127)(130,131)(134,135)(138,139)
        (142,143)(146,147)(150,151)(154,155)(158,159)(162,163)(166,167)(170,171)(174,175)(178,179)(182,183)(186,187)
        (190,191)(194,195)(198,199)(202,203)(206,207)(210,211)(214,215)(218,219)(222,223)(226,227)(230,231)(234,235)
        (238,239)(242,243)(246,247)(250,251)(254,255), ( 33, 65)( 34, 66)( 35, 67)( 36, 68)( 37, 69)( 38, 70)
        ( 39, 71)( 40, 72)( 41, 73)( 42, 74)( 43, 75)( 44, 76)( 45, 77)( 46, 78)( 47, 79)( 48, 80)( 49, 81)( 50, 82)
        ( 51, 83)( 52, 84)( 53, 85)( 54, 86)( 55, 87)( 56, 88)( 57, 89)( 58, 90)( 59, 91)( 60, 92)( 61, 93)( 62, 94)
        ( 63, 95)( 64, 96)(161,193)(162,194)(163,195)(164,196)(165,197)(166,198)(167,199)(168,200)(169,201)(170,202)
        (171,203)(172,204)(173,205)(174,206)(175,207)(176,208)(177,209)(178,210)(179,211)(180,212)(181,213)(182,214)
        (183,215)(184,216)(185,217)(186,218)(187,219)(188,220)(189,221)(190,222)(191,223)(192,224), 
      (  3,  5)(  4,  6)( 11, 13)( 12, 14)( 19, 21)( 20, 22)( 27, 29)( 28, 30)( 35, 37)( 36, 38)( 43, 45)( 44, 46)
        ( 51, 53)( 52, 54)( 59, 61)( 60, 62)( 67, 69)( 68, 70)( 75, 77)( 76, 78)( 83, 85)( 84, 86)( 91, 93)( 92, 94)
        ( 99,101)(100,102)(107,109)(108,110)(115,117)(116,118)(123,125)(124,126)(131,133)(132,134)(139,141)(140,142)
        (147,149)(148,150)(155,157)(156,158)(163,165)(164,166)(171,173)(172,174)(179,181)(180,182)(187,189)(188,190)
        (195,197)(196,198)(203,205)(204,206)(211,213)(212,214)(219,221)(220,222)(227,229)(228,230)(235,237)(236,238)
        (243,245)(244,246)(251,253)(252,254), ( 65,129)( 66,130)( 67,131)( 68,132)( 69,133)( 70,134)( 71,135)
        ( 72,136)( 73,137)( 74,138)( 75,139)( 76,140)( 77,141)( 78,142)( 79,143)( 80,144)( 81,145)( 82,146)( 83,147)
        ( 84,148)( 85,149)( 86,150)( 87,151)( 88,152)( 89,153)( 90,154)( 91,155)( 92,156)( 93,157)( 94,158)( 95,159)
        ( 96,160)( 97,161)( 98,162)( 99,163)(100,164)(101,165)(102,166)(103,167)(104,168)(105,169)(106,170)(107,171)
        (108,172)(109,173)(110,174)(111,175)(112,176)(113,177)(114,178)(115,179)(116,180)(117,181)(118,182)(119,183)
        (120,184)(121,185)(122,186)(123,187)(124,188)(125,189)(126,190)(127,191)(128,192), 
      (  5,  9)(  6, 10)(  7, 11)(  8, 12)( 21, 25)( 22, 26)( 23, 27)( 24, 28)( 37, 41)( 38, 42)( 39, 43)( 40, 44)
        ( 53, 57)( 54, 58)( 55, 59)( 56, 60)( 69, 73)( 70, 74)( 71, 75)( 72, 76)( 85, 89)( 86, 90)( 87, 91)( 88, 92)
        (101,105)(102,106)(103,107)(104,108)(117,121)(118,122)(119,123)(120,124)(133,137)(134,138)(135,139)(136,140)
        (149,153)(150,154)(151,155)(152,156)(165,169)(166,170)(167,171)(168,172)(181,185)(182,186)(183,187)(184,188)
        (197,201)(198,202)(199,203)(200,204)(213,217)(214,218)(215,219)(216,220)(229,233)(230,234)(231,235)(232,236)
        (245,249)(246,250)(247,251)(248,252), ( 17, 33)( 18, 34)( 19, 35)( 20, 36)( 21, 37)( 22, 38)( 23, 39)
        ( 24, 40)( 25, 41)( 26, 42)( 27, 43)( 28, 44)( 29, 45)( 30, 46)( 31, 47)( 32, 48)( 81, 97)( 82, 98)( 83, 99)
        ( 84,100)( 85,101)( 86,102)( 87,103)( 88,104)( 89,105)( 90,106)( 91,107)( 92,108)( 93,109)( 94,110)( 95,111)
        ( 96,112)(145,161)(146,162)(147,163)(148,164)(149,165)(150,166)(151,167)(152,168)(153,169)(154,170)(155,171)
        (156,172)(157,173)(158,174)(159,175)(160,176)(209,225)(210,226)(211,227)(212,228)(213,229)(214,230)(215,231)
        (216,232)(217,233)(218,234)(219,235)(220,236)(221,237)(222,238)(223,239)(224,240), 
      (  2, 17)(  3, 33)(  4, 49)(  5, 65)(  6, 81)(  7, 97)(  8,113)(  9,129)( 10,145)( 11,161)( 12,177)( 13,193)
        ( 14,209)( 15,225)( 16,241)( 19, 34)( 20, 50)( 21, 66)( 22, 82)( 23, 98)( 24,114)( 25,130)( 26,146)( 27,162)
        ( 28,178)( 29,194)( 30,210)( 31,226)( 32,242)( 36, 51)( 37, 67)( 38, 83)( 39, 99)( 40,115)( 41,131)( 42,147)
        ( 43,163)( 44,179)( 45,195)( 46,211)( 47,227)( 48,243)( 53, 68)( 54, 84)( 55,100)( 56,116)( 57,132)( 58,148)
        ( 59,164)( 60,180)( 61,196)( 62,212)( 63,228)( 64,244)( 70, 85)( 71,101)( 72,117)( 73,133)( 74,149)( 75,165)
        ( 76,181)( 77,197)( 78,213)( 79,229)( 80,245)( 87,102)( 88,118)( 89,134)( 90,150)( 91,166)( 92,182)( 93,198)
        ( 94,214)( 95,230)( 96,246)(104,119)(105,135)(106,151)(107,167)(108,183)(109,199)(110,215)(111,231)(112,247)
        (121,136)(122,152)(123,168)(124,184)(125,200)(126,216)(127,232)(128,248)(138,153)(139,169)(140,185)(141,201)
        (142,217)(143,233)(144,249)(155,170)(156,186)(157,202)(158,218)(159,234)(160,250)(172,187)(173,203)(174,219)
        (175,235)(176,251)(189,204)(190,220)(191,236)(192,252)(206,221)(207,237)(208,253)(223,238)(224,254)(240,255),
      (  1,  2)(  3,  4)(  5,  6)(  7,  8)(  9, 10)( 11, 12)( 13, 14)( 15, 16)( 17, 18)( 19, 20)( 21, 22)( 23, 24)
        ( 25, 26)( 27, 28)( 29, 30)( 31, 32)( 33, 34)( 35, 36)( 37, 38)( 39, 40)( 41, 42)( 43, 44)( 45, 46)( 47, 48)
        ( 49, 50)( 51, 52)( 53, 54)( 55, 56)( 57, 58)( 59, 60)( 61, 62)( 63, 64)( 65, 66)( 67, 68)( 69, 70)( 71, 72)
        ( 73, 74)( 75, 76)( 77, 78)( 79, 80)( 81, 82)( 83, 84)( 85, 86)( 87, 88)( 89, 90)( 91, 92)( 93, 94)( 95, 96)
        ( 97, 98)( 99,100)(101,102)(103,104)(105,106)(107,108)(109,110)(111,112)(113,114)(115,116)(117,118)(119,120)
        (121,122)(123,124)(125,126)(127,128)(129,130)(131,132)(133,134)(135,136)(137,138)(139,140)(141,142)(143,144)
        (145,146)(147,148)(149,150)(151,152)(153,154)(155,156)(157,158)(159,160)(161,162)(163,164)(165,166)(167,168)
        (169,170)(171,172)(173,174)(175,176)(177,178)(179,180)(181,182)(183,184)(185,186)(187,188)(189,190)(191,192)
        (193,194)(195,196)(197,198)(199,200)(201,202)(203,204)(205,206)(207,208)(209,210)(211,212)(213,214)(215,216)
        (217,218)(219,220)(221,222)(223,224)(225,226)(227,228)(229,230)(231,232)(233,234)(235,236)(237,238)(239,240)
        (241,242)(243,244)(245,246)(247,248)(249,250)(251,252)(253,254)(255,256) ] ),
  LOrb := 
   [ [ 2, 4, 6, 8, 10, 12, 14, 16, 18, 20, 22, 24, 26, 28, 30, 32, 34, 36, 38, 40, 42, 44, 46, 48, 50, 52, 54, 56, 
          58, 60, 62, 64, 65, 66, 67, 68, 69, 70, 71, 72, 73, 74, 75, 76, 77, 78, 79, 80, 81, 82, 83, 84, 85, 86, 
          87, 88, 89, 90, 91, 92, 93, 94, 95, 96, 97, 98, 99, 100, 101, 102, 103, 104, 105, 106, 107, 108, 109, 110, 
          111, 112, 113, 114, 115, 116, 117, 118, 119, 120, 121, 122, 123, 124, 125, 126, 127, 128, 130, 132, 134, 
          136, 138, 140, 142, 144, 146, 148, 150, 152, 154, 156, 158, 160, 162, 164, 166, 168, 170, 172, 174, 176, 
          178, 180, 182, 184, 186, 188, 190, 192, 193, 194, 195, 196, 197, 198, 199, 200, 201, 202, 203, 204, 205, 
          206, 207, 208, 209, 210, 211, 212, 213, 214, 215, 216, 217, 218, 219, 220, 221, 222, 223, 224, 225, 226, 
          227, 228, 229, 230, 231, 232, 233, 234, 235, 236, 237, 238, 239, 240, 241, 242, 243, 244, 245, 246, 247, 
          248, 249, 250, 251, 252, 253, 254, 255, 256 ], 
      [ 4, 8, 35, 36, 71, 79, 87, 99, 117, 132, 136, 140, 144, 150, 162, 164, 178, 182, 206, 208, 221, 222, 233, 
          234, 245, 253 ], [ 7, 8, 20, 24, 39, 52, 71, 79, 95, 96, 101, 103, 134, 148, 156, 162, 166, 178, 180, 205, 
          206, 218, 220, 222, 224, 229, 237, 250 ], [ 7, 8, 24, 32, 39, 52, 71, 79, 95, 96, 101, 103, 134, 156, 160, 
          162, 166, 178, 180, 205, 206, 218, 220, 222, 224, 225, 229, 250 ], 
      [ 6, 8, 24, 35, 52, 71, 79, 96, 99, 103, 130, 134, 146, 154, 161, 162, 178, 180, 205, 206, 218, 220, 222, 224, 
          233, 235, 251, 252 ], [ 5, 6, 22, 24, 56, 69, 71, 77, 79, 95, 96, 99, 103, 134, 150, 158, 162, 178, 180, 
          201, 205, 218, 220, 222, 224, 225, 227, 244, 252 ], 
      [ 5, 6, 24, 38, 56, 69, 71, 87, 95, 97, 99, 115, 116, 134, 142, 158, 160, 162, 166, 201, 205, 219, 220, 223, 
          224, 225, 226, 244, 252 ], [ 5, 6, 38, 40, 56, 69, 71, 77, 79, 95, 96, 99, 103, 134, 158, 162, 166, 178, 
          180, 205, 218, 220, 222, 224, 225, 227, 244, 252 ], 
      [ 5, 6, 38, 40, 56, 69, 71, 95, 99, 103, 115, 116, 134, 142, 158, 160, 162, 166, 205, 219, 220, 223, 224, 225, 
          226, 244, 252 ], [ 4, 23, 36, 44, 51, 79, 80, 87, 95, 107, 125, 132, 136, 150, 152, 162, 164, 178, 206, 
          208, 213, 214, 234, 238, 245, 253 ], [ 6, 8, 24, 35, 52, 71, 79, 96, 103, 111, 130, 134, 146, 154, 161, 
          162, 178, 180, 186, 188, 205, 206, 222, 224, 233, 235, 251, 252 ], 
      [ 7, 8, 24, 37, 39, 52, 71, 79, 97, 99, 101, 103, 115, 134, 142, 160, 162, 166, 178, 180, 205, 206, 220, 224, 
          225, 233, 250, 252 ], [ 6, 8, 24, 37, 38, 52, 71, 79, 96, 97, 99, 101, 103, 115, 116, 134, 142, 162, 166, 
          178, 205, 206, 220, 224, 225, 233, 250, 252 ], 
      [ 36, 51, 75, 79, 87, 95, 107, 113, 115, 136, 144, 152, 162, 164, 178, 182, 206, 208, 213, 221, 234, 238, 245, 
          246 ], [ 12, 16, 23, 35, 36, 51, 75, 76, 79, 80, 87, 95, 99, 107, 113, 115, 136, 144, 150, 152, 162, 164, 
          206, 208, 213, 214, 226, 241, 245 ], [ 36, 44, 51, 75, 79, 87, 95, 107, 108, 113, 115, 136, 152, 162, 164, 
          178, 182, 206, 208, 213, 234, 238, 245, 246 ], 
      [ 36, 44, 51, 75, 79, 87, 95, 107, 108, 113, 115, 136, 152, 162, 164, 178, 182, 208, 213, 215, 234, 238, 245, 
          246 ], [ 8, 24, 37, 50, 52, 71, 79, 92, 96, 97, 99, 101, 103, 115, 116, 134, 142, 158, 165, 166, 178, 205, 
          206, 222, 224, 229, 237, 250 ], [ 8, 21, 40, 52, 71, 79, 85, 87, 112, 115, 116, 134, 142, 149, 150, 178, 
          205, 206, 209, 213, 217, 221, 236, 240, 250, 252 ], 
      [ 8, 21, 40, 52, 71, 79, 81, 83, 85, 87, 108, 112, 115, 116, 134, 142, 149, 150, 178, 205, 206, 209, 213, 217, 
          221, 236, 240, 250 ], [ 8, 22, 40, 48, 52, 71, 79, 87, 108, 112, 115, 116, 142, 149, 150, 178, 186, 205, 
          207, 209, 213, 217, 221, 235, 236, 249, 251 ], 
      [ 6, 22, 36, 40, 79, 80, 87, 104, 112, 119, 130, 134, 138, 142, 145, 146, 149, 150, 162, 164, 178, 205, 207, 
          213, 221, 235, 236, 243 ], [ 24, 36, 51, 52, 75, 79, 87, 95, 107, 113, 115, 117, 119, 140, 144, 152, 178, 
          182, 206, 208, 221, 222, 233, 234, 245, 253 ], 
      [ 12, 24, 36, 49, 50, 51, 52, 75, 76, 79, 80, 87, 95, 107, 113, 115, 117, 119, 170, 178, 182, 206, 208, 221, 
          222, 233, 234, 245, 253 ], [ 10, 12, 20, 28, 33, 41, 51, 52, 75, 79, 95, 96, 105, 107, 115, 119, 138, 142, 
          150, 152, 161, 162, 178, 182, 205, 206, 216, 224, 229, 237, 245, 247 ], 
      [ 4, 8, 24, 34, 36, 49, 50, 79, 87, 99, 107, 113, 115, 117, 119, 142, 144, 150, 162, 170, 178, 182, 207, 208, 
          233, 237, 245, 253 ], [ 4, 24, 34, 36, 50, 76, 80, 87, 88, 99, 107, 115, 119, 150, 162, 170, 177, 178, 
          181, 182, 207, 208, 223, 233, 235, 245, 253 ], 
      [ 1, 36, 73, 75, 87, 95, 99, 107, 115, 119, 130, 134, 138, 142, 150, 162, 164, 184, 205, 206, 221, 223, 236, 
          240, 248, 256 ], [ 1, 34, 36, 50, 67, 71, 75, 79, 85, 87, 99, 100, 120, 138, 150, 158, 162, 170, 178, 182, 
          205, 207, 221, 222, 236, 240, 248, 256 ], 
      [ 8, 16, 22, 24, 36, 53, 54, 80, 87, 99, 100, 113, 115, 117, 119, 142, 144, 150, 158, 162, 170, 178, 182, 204, 
          208, 234, 236, 241 ], [ 9, 10, 28, 52, 73, 75, 77, 79, 95, 96, 99, 107, 115, 119, 130, 138, 146, 150, 161, 
          162, 178, 180, 197, 205, 214, 216, 225, 229, 247, 248 ], 
      [ 24, 34, 36, 52, 76, 80, 87, 88, 107, 108, 115, 119, 150, 162, 170, 181, 182, 206, 208, 223, 233, 237, 245, 
          253 ], [ 2, 18, 34, 36, 50, 72, 80, 87, 88, 107, 108, 115, 119, 130, 146, 150, 162, 170, 177, 178, 206, 
          208, 213, 221, 235, 239, 253, 255 ], [ 23, 36, 44, 51, 52, 55, 56, 73, 75, 77, 79, 85, 87, 93, 95, 105, 
          106, 107, 108, 113, 115, 117, 119, 182, 184, 205, 206, 213, 221, 234, 238, 245, 246 ], 
      [ 24, 34, 36, 52, 76, 80, 88, 96, 107, 108, 115, 119, 142, 150, 162, 181, 182, 205, 206, 223, 233, 237, 245, 
          247 ], [ 33, 52, 67, 71, 87, 95, 97, 99, 105, 107, 123, 150, 152, 162, 178, 182, 186, 190, 197, 205, 223, 
          224, 233, 237, 254, 256 ], [ 34, 36, 49, 50, 71, 79, 83, 87, 107, 108, 113, 115, 121, 123, 134, 162, 166, 
          170, 174, 178, 207, 208, 213, 221, 238, 240, 249, 253 ], 
      [ 3, 4, 7, 8, 21, 23, 36, 71, 79, 85, 87, 132, 136, 149, 150, 162, 164, 170, 172, 178, 182, 207, 208, 213, 
          221, 234, 236, 238, 240, 253, 254 ], [ 8, 23, 24, 36, 75, 79, 87, 95, 99, 113, 117, 136, 144, 150, 152, 
          162, 164, 182, 202, 204, 206, 208, 221, 222, 226, 234, 241, 245 ], 
      [ 7, 8, 21, 23, 36, 40, 53, 67, 71, 75, 79, 85, 87, 99, 100, 113, 117, 142, 144, 149, 162, 166, 181, 182, 201, 
          202, 203, 204, 205, 206, 207, 208, 213, 221, 226, 234, 241, 245 ], 
      [ 7, 8, 15, 16, 21, 23, 34, 36, 38, 40, 53, 54, 67, 71, 75, 79, 85, 87, 97, 98, 99, 100, 113, 117, 141, 142, 
          143, 144, 149, 157, 162, 166, 170, 174, 181, 182, 201, 203, 205, 207, 213, 221, 225, 226, 233, 234, 241, 
          245 ], [ 7, 8, 22, 24, 36, 40, 56, 71, 79, 96, 99, 100, 133, 150, 158, 162, 178, 201, 203, 205, 207, 221, 
          222, 227, 235, 250, 252 ], [ 6, 30, 32, 38, 40, 52, 56, 95, 96, 103, 133, 134, 154, 158, 161, 162, 165, 
          166, 178, 180, 197, 205, 217, 219, 221, 223, 225, 227, 229, 231, 243, 251 ], 
      [ 6, 37, 38, 39, 40, 52, 56, 96, 99, 103, 134, 142, 158, 161, 162, 165, 166, 178, 180, 205, 206, 218, 220, 
          222, 224, 225, 227, 233, 235, 251, 252 ], 
      [ 6, 37, 38, 39, 40, 56, 77, 79, 96, 99, 103, 134, 142, 158, 162, 166, 178, 180, 205, 206, 218, 220, 222, 224, 
          225, 227, 233, 235, 251, 252 ], [ 6, 8, 24, 39, 40, 52, 56, 79, 96, 99, 103, 134, 142, 158, 162, 178, 180, 
          205, 206, 218, 220, 222, 224, 233, 235, 251, 252 ], 
      [ 6, 8, 24, 71, 79, 96, 99, 103, 134, 142, 154, 158, 161, 162, 178, 180, 205, 206, 218, 220, 222, 224, 225, 
          227, 233, 235, 251, 252 ], [ 5, 6, 7, 8, 24, 39, 40, 56, 71, 79, 95, 96, 99, 103, 134, 158, 162, 178, 180, 
          205, 218, 220, 222, 224, 225, 227, 244, 252 ], 
      [ 3, 4, 36, 67, 71, 75, 79, 85, 87, 107, 132, 136, 150, 162, 164, 170, 172, 178, 182, 207, 208, 213, 221, 234, 
          236, 238, 240, 253, 254 ], [ 3, 35, 36, 49, 67, 71, 85, 87, 99, 107, 113, 136, 150, 162, 164, 170, 172, 
          178, 182, 207, 208, 213, 221, 234, 236, 238, 240, 253, 254 ], 
      [ 7, 23, 24, 36, 56, 65, 67, 69, 71, 87, 95, 99, 107, 134, 150, 152, 164, 184, 192, 193, 197, 201, 205, 221, 
          222, 234, 236, 252, 256 ], [ 4, 12, 26, 30, 34, 36, 50, 58, 75, 76, 79, 80, 94, 96, 99, 107, 121, 136, 
          150, 158, 161, 162, 178, 182, 199, 207, 221, 222, 225, 227, 229, 231, 245, 253 ], 
      [ 12, 24, 34, 36, 52, 75, 76, 79, 80, 88, 96, 99, 107, 150, 152, 161, 162, 182, 205, 207, 215, 216, 225, 229, 
          245, 247 ], [ 6, 37, 38, 39, 40, 52, 56, 96, 103, 111, 134, 142, 154, 158, 161, 162, 165, 166, 178, 180, 
          205, 206, 218, 220, 222, 224, 233, 235, 237, 239, 251, 252 ], 
      [ 4, 8, 20, 24, 36, 44, 49, 50, 51, 52, 79, 80, 85, 87, 105, 107, 109, 111, 113, 117, 121, 125, 136, 150, 152, 
          178, 206, 208, 213, 214, 237, 238, 245, 253 ], 
      [ 8, 24, 32, 39, 79, 95, 96, 101, 103, 115, 134, 160, 166, 178, 180, 205, 206, 218, 220, 222, 224, 225, 229, 
          241, 242, 249, 250 ], [ 7, 8, 24, 32, 37, 39, 71, 79, 95, 96, 101, 103, 115, 134, 142, 158, 160, 165, 166, 
          178, 205, 206, 218, 220, 222, 224, 225, 229, 241, 242, 249, 250 ], 
      [ 7, 8, 24, 32, 39, 71, 79, 95, 96, 101, 103, 115, 134, 160, 178, 180, 205, 206, 218, 220, 222, 224, 225, 229, 
          241, 242, 249, 250 ], [ 7, 8, 24, 32, 39, 51, 52, 71, 79, 95, 96, 101, 103, 115, 156, 160, 178, 180, 205, 
          206, 218, 220, 222, 224, 225, 229, 241, 242, 249, 250 ], 
      [ 6, 8, 20, 24, 33, 34, 37, 38, 50, 52, 71, 91, 92, 95, 96, 97, 99, 101, 103, 115, 134, 154, 158, 161, 162, 
          165, 166, 178, 205, 217, 218, 219, 220, 221, 222, 223, 224, 225, 229, 249 ], 
      [ 3, 7, 19, 35, 36, 51, 67, 71, 81, 83, 99, 107, 115, 134, 136, 146, 150, 164, 168, 172, 176, 178, 205, 206, 
          209, 213, 217, 221, 234, 236, 238, 240, 249, 250 ], 
      [ 4, 35, 36, 51, 87, 99, 107, 113, 115, 132, 136, 150, 152, 162, 164, 170, 172, 178, 206, 208, 213, 214, 233, 
          234, 237, 238, 245, 253 ], [ 12, 24, 34, 52, 75, 76, 79, 80, 88, 96, 99, 107, 115, 142, 150, 152, 161, 
          162, 182, 205, 207, 215, 216, 225, 229, 245, 247 ], 
      [ 8, 23, 36, 40, 52, 79, 83, 87, 108, 113, 115, 136, 144, 166, 168, 178, 182, 207, 208, 213, 221, 234, 238, 
          241, 242 ], [ 16, 24, 36, 52, 56, 75, 76, 79, 80, 95, 106, 108, 115, 151, 152, 162, 166, 182, 184, 205, 
          213, 215, 225, 226, 241, 245 ], [ 8, 22, 24, 36, 40, 56, 79, 80, 87, 100, 108, 115, 142, 149, 150, 162, 
          178, 201, 203, 205, 207, 221, 235, 236, 241, 243 ], 
      [ 16, 36, 40, 56, 73, 74, 75, 76, 77, 78, 79, 80, 95, 100, 108, 115, 134, 151, 166, 168, 183, 184, 197, 205, 
          213, 215, 225, 226, 243, 247 ], [ 24, 34, 76, 80, 95, 96, 105, 106, 107, 108, 115, 134, 142, 150, 152, 
          162, 166, 181, 182, 205, 206, 215, 223, 225, 233, 245, 247 ], 
      [ 24, 34, 36, 52, 76, 80, 95, 96, 107, 108, 115, 134, 142, 150, 152, 162, 166, 181, 182, 205, 206, 215, 223, 
          245, 247 ], [ 16, 24, 32, 34, 36, 52, 76, 80, 95, 96, 107, 108, 115, 134, 142, 150, 152, 162, 166, 181, 
          182, 205, 215, 223, 225, 245, 247 ], [ 23, 24, 36, 49, 76, 87, 95, 99, 100, 107, 108, 113, 115, 144, 150, 
          152, 158, 160, 162, 170, 177, 178, 181, 182, 204, 208, 223, 224, 234, 236, 241, 249 ], 
      [ 5, 7, 23, 36, 52, 56, 65, 67, 69, 71, 87, 95, 99, 100, 116, 134, 142, 158, 160, 162, 166, 184, 192, 205, 
          206, 222, 224, 226, 234, 252, 256 ], [ 6, 38, 40, 52, 56, 96, 99, 103, 116, 134, 142, 158, 161, 162, 165, 
          166, 178, 205, 206, 218, 220, 222, 224, 225, 227, 233, 235, 251, 252 ], 
      [ 6, 8, 24, 37, 38, 52, 71, 96, 99, 103, 115, 116, 134, 142, 158, 161, 162, 165, 166, 178, 186, 205, 220, 224, 
          225, 233, 249, 250, 251, 252 ], [ 7, 8, 24, 32, 37, 39, 52, 71, 79, 92, 96, 97, 99, 101, 103, 115, 116, 
          134, 142, 158, 160, 165, 166, 178, 205, 206, 218, 220, 222, 224, 225, 229, 242, 250 ], 
      [ 2, 18, 34, 50, 52, 72, 88, 96, 99, 103, 115, 116, 130, 134, 146, 154, 161, 162, 178, 197, 205, 221, 222, 
          223, 224, 229, 231, 251, 255 ], [ 10, 12, 14, 16, 24, 32, 33, 34, 41, 42, 50, 52, 75, 76, 79, 80, 88, 96, 
          97, 99, 105, 107, 115, 116, 141, 142, 150, 152, 161, 165, 181, 182, 205, 207, 215, 216, 225, 229, 245, 247 
         ], [ 6, 8, 40, 52, 72, 80, 95, 96, 103, 104, 119, 130, 134, 146, 154, 162, 177, 178, 179, 180, 205, 206, 
          217, 219, 221, 223, 229, 243, 251 ], [ 16, 24, 36, 55, 56, 79, 80, 95, 107, 117, 119, 140, 144, 164, 178, 
          182, 202, 204, 206, 208, 221, 222, 233, 234, 241, 245, 249, 253 ], 
      [ 8, 16, 24, 36, 55, 79, 80, 95, 99, 107, 117, 119, 144, 150, 162, 164, 182, 202, 204, 206, 208, 221, 222, 
          233, 234, 241, 245 ], [ 75, 79, 95, 96, 105, 107, 115, 119, 138, 142, 150, 152, 161, 162, 178, 182, 205, 
          206, 216, 224, 225, 229, 233, 237, 245, 247 ], 
      [ 20, 24, 35, 51, 52, 75, 79, 87, 99, 107, 113, 115, 117, 119, 140, 144, 152, 160, 178, 182, 207, 208, 222, 
          224, 233, 237, 245, 246, 253, 254 ], [ 35, 36, 51, 55, 75, 95, 97, 99, 105, 107, 115, 119, 144, 152, 160, 
          162, 166, 182, 184, 206, 208, 223, 224, 233, 234, 237, 238, 245, 253 ], 
      [ 8, 21, 22, 53, 54, 71, 79, 85, 87, 99, 113, 117, 142, 144, 150, 158, 162, 170, 178, 182, 203, 204, 207, 208, 
          221, 233, 234, 235, 236, 241, 249 ], [ 12, 24, 34, 36, 42, 44, 49, 50, 51, 52, 76, 87, 95, 105, 106, 107, 
          108, 113, 115, 117, 119, 150, 152, 170, 182, 206, 208, 221, 222, 223, 224, 234, 245, 253 ], 
      [ 7, 23, 24, 52, 56, 67, 71, 87, 95, 97, 99, 152, 160, 162, 166, 182, 184, 197, 205, 221, 222, 223, 224, 225, 
          226, 250, 254 ], [ 5, 6, 7, 8, 22, 36, 40, 71, 79, 99, 100, 133, 134, 150, 158, 162, 164, 178, 201, 203, 
          205, 207, 217, 218, 221, 222, 227, 228, 235, 236, 250, 252 ], 
      [ 5, 6, 22, 36, 56, 71, 87, 95, 99, 103, 119, 120, 130, 134, 150, 158, 162, 164, 205, 221, 222, 223, 224, 235, 
          236, 252, 256 ], [ 4, 34, 36, 50, 68, 72, 88, 96, 99, 100, 150, 158, 161, 162, 178, 182, 199, 207, 221, 
          222, 223, 224, 225, 227, 229, 231, 245, 253 ], 
      [ 6, 8, 24, 52, 71, 72, 88, 96, 103, 130, 134, 146, 161, 162, 178, 180, 186, 188, 197, 205, 222, 224, 233, 
          235, 237, 239, 251, 252 ], [ 6, 8, 24, 52, 71, 72, 88, 96, 103, 130, 134, 146, 154, 161, 162, 178, 180, 
          186, 188, 197, 205, 222, 224, 225, 227, 233, 235, 251, 252 ], 
      [ 6, 8, 24, 32, 40, 52, 56, 95, 96, 103, 130, 134, 146, 154, 161, 162, 178, 180, 197, 205, 217, 219, 221, 223, 
          225, 227, 229, 231, 243, 251 ], [ 7, 8, 33, 35, 37, 39, 53, 54, 71, 79, 97, 99, 101, 103, 117, 125, 132, 
          136, 140, 144, 158, 160, 161, 162, 163, 164, 178, 182, 186, 190, 203, 204, 207, 208, 222, 224, 225, 227, 
          233, 235, 249, 250, 253, 254 ], [ 7, 8, 33, 35, 37, 39, 71, 79, 97, 99, 101, 103, 134, 136, 142, 144, 154, 
          156, 158, 160, 161, 162, 165, 166, 178, 186, 205, 206, 207, 208, 218, 220, 222, 224, 225, 229, 233, 237, 
          249, 250 ], [ 6, 8, 24, 39, 40, 52, 56, 96, 99, 103, 134, 142, 158, 161, 162, 178, 180, 205, 206, 218, 
          220, 222, 224, 225, 227, 233, 235, 251, 252 ], 
      [ 6, 8, 24, 39, 40, 56, 79, 96, 99, 103, 134, 142, 158, 162, 178, 180, 205, 206, 218, 220, 222, 224, 225, 227, 
          233, 235, 251, 252 ], [ 4, 12, 20, 24, 36, 44, 51, 52, 79, 80, 87, 95, 105, 107, 132, 148, 152, 162, 164, 
          180, 198, 206, 213, 214, 225, 226, 233, 234, 241, 245 ], 
      [ 4, 8, 12, 16, 20, 28, 35, 36, 52, 75, 76, 79, 80, 90, 92, 99, 107, 135, 136, 146, 150, 163, 167, 178, 197, 
          199, 205, 207, 210, 214, 218, 222, 225, 227, 229, 231, 241, 242 ], 
      [ 12, 16, 24, 32, 35, 36, 52, 56, 75, 76, 79, 80, 94, 96, 99, 107, 150, 152, 163, 167, 183, 184, 205, 207, 
          213, 214, 221, 222, 227, 231, 245, 247 ], 
      [ 8, 79, 80, 85, 87, 107, 111, 134, 136, 146, 150, 164, 172, 177, 178, 179, 180, 198, 206, 213, 214, 233, 234, 
          235, 236, 241, 249 ], [ 23, 36, 75, 79, 87, 99, 113, 115, 136, 144, 150, 152, 162, 164, 178, 182, 205, 
          206, 207, 208, 213, 221, 226, 234, 241, 242 ], 
      [ 4, 35, 36, 51, 71, 91, 95, 99, 103, 113, 115, 132, 136, 156, 162, 164, 178, 200, 208, 221, 222, 223, 224, 
          229, 230, 241, 245, 249, 253 ], [ 8, 20, 24, 33, 34, 50, 52, 71, 95, 96, 99, 103, 115, 134, 158, 161, 162, 
          165, 166, 178, 205, 221, 222, 223, 224, 229, 237, 249, 253 ], 
      [ 21, 40, 71, 79, 85, 87, 100, 104, 115, 134, 142, 149, 150, 166, 178, 182, 205, 206, 207, 208, 209, 213, 217, 
          221, 228, 236, 241, 242 ], [ 6, 8, 21, 22, 36, 40, 50, 71, 79, 89, 91, 93, 95, 99, 100, 115, 123, 134, 
          136, 150, 158, 164, 168, 178, 207, 208, 217, 219, 221, 223, 228, 236, 251, 252 ], 
      [ 4, 12, 20, 36, 51, 52, 75, 76, 79, 80, 87, 95, 105, 107, 115, 132, 148, 152, 162, 164, 180, 198, 206, 213, 
          214, 215, 216, 225, 226, 241, 245 ], [ 2, 4, 18, 34, 36, 49, 50, 68, 72, 87, 88, 99, 100, 107, 108, 115, 
          119, 130, 146, 150, 162, 170, 178, 206, 208, 214, 222, 234, 236, 238, 240, 253, 254 ], 
      [ 3, 19, 23, 35, 36, 49, 51, 67, 83, 87, 99, 107, 113, 115, 136, 144, 149, 150, 151, 152, 170, 172, 178, 182, 
          186, 190, 207, 208, 213, 215, 221, 223, 234, 236, 249, 250, 253, 254 ], 
      [ 8, 71, 79, 83, 87, 108, 113, 115, 134, 136, 149, 150, 166, 174, 178, 182, 207, 208, 213, 221, 234, 236, 238, 
          240, 249, 250 ], [ 8, 16, 21, 23, 34, 36, 38, 40, 49, 50, 53, 54, 75, 76, 79, 80, 83, 87, 91, 95, 100, 
          108, 113, 115, 142, 144, 149, 157, 162, 166, 170, 174, 177, 178, 181, 182, 203, 204, 207, 208, 217, 219, 
          221, 223, 234, 236, 241, 249 ], [ 4, 8, 18, 20, 36, 50, 52, 72, 80, 87, 107, 108, 115, 134, 146, 150, 170, 
          177, 178, 205, 206, 207, 208, 213, 233, 235, 237, 239, 249 ], 
      [ 4, 8, 24, 34, 36, 50, 72, 80, 87, 88, 107, 108, 115, 150, 162, 170, 177, 178, 181, 182, 207, 208, 215, 223, 
          235, 239, 253, 255 ], [ 16, 24, 34, 36, 52, 76, 80, 95, 107, 108, 115, 134, 150, 152, 162, 166, 181, 182, 
          205, 215, 223, 225, 241, 243, 245, 247 ], 
      [ 16, 24, 36, 52, 56, 74, 76, 78, 80, 95, 107, 108, 115, 134, 150, 152, 162, 183, 184, 205, 206, 213, 225, 
          241, 243, 245, 247 ], [ 34, 36, 50, 76, 80, 87, 99, 100, 107, 108, 115, 150, 162, 170, 177, 178, 181, 182, 
          207, 208, 221, 223, 233, 235, 241, 245, 249, 253 ], 
      [ 14, 16, 24, 32, 34, 36, 74, 76, 78, 80, 95, 96, 97, 98, 99, 100, 105, 106, 107, 108, 115, 134, 142, 149, 
          150, 151, 152, 181, 183, 205, 206, 213, 215, 221, 223, 225, 245, 247 ], 
      [ 6, 38, 40, 79, 80, 87, 100, 104, 108, 112, 115, 134, 142, 149, 162, 166, 178, 205, 207, 217, 221, 235, 236, 
          241, 243, 249, 251 ], [ 5, 52, 56, 69, 71, 95, 99, 103, 115, 116, 133, 134, 158, 162, 166, 178, 180, 197, 
          205, 217, 218, 219, 220, 221, 222, 223, 224, 225, 244, 252 ], 
      [ 5, 6, 38, 40, 52, 56, 69, 71, 95, 99, 103, 115, 116, 134, 158, 162, 166, 178, 180, 205, 217, 218, 219, 220, 
          221, 222, 223, 224, 225, 244, 252 ], [ 16, 30, 32, 52, 56, 75, 76, 79, 80, 90, 92, 94, 96, 99, 107, 115, 
          116, 150, 158, 167, 181, 182, 183, 184, 205, 207, 221, 222, 227, 231, 241, 243, 245, 247 ], 
      [ 10, 12, 52, 75, 76, 79, 80, 88, 96, 99, 107, 115, 116, 130, 138, 146, 150, 161, 162, 178, 197, 205, 213, 
          214, 215, 216, 225, 227, 243, 247 ], [ 1, 2, 18, 34, 50, 52, 65, 67, 69, 71, 73, 75, 77, 79, 87, 88, 107, 
          108, 116, 124, 130, 146, 150, 162, 170, 178, 205, 206, 214, 216, 222, 224, 234, 236, 252, 256 ], 
      [ 10, 12, 52, 75, 76, 79, 80, 88, 96, 99, 107, 115, 116, 150, 161, 162, 178, 197, 205, 213, 214, 215, 216, 
          225, 229, 245, 247 ], [ 1, 34, 50, 52, 67, 71, 75, 79, 87, 88, 107, 108, 116, 124, 150, 162, 170, 178, 
          205, 206, 214, 216, 222, 224, 234, 238, 254, 256 ], 
      [ 22, 24, 37, 50, 54, 79, 80, 84, 88, 92, 96, 97, 99, 101, 103, 105, 107, 109, 111, 113, 114, 115, 116, 142, 
          150, 158, 178, 182, 206, 208, 218, 220, 222, 224, 233, 237, 242, 250 ], 
      [ 8, 34, 36, 53, 87, 95, 99, 100, 113, 115, 117, 119, 134, 136, 142, 144, 150, 158, 162, 166, 182, 204, 208, 
          221, 223, 234, 236, 253 ], [ 8, 16, 35, 36, 39, 40, 55, 79, 80, 85, 99, 103, 107, 111, 117, 119, 140, 144, 
          150, 164, 172, 202, 204, 206, 208, 213, 214, 221, 222, 235, 236, 241, 245 ], 
      [ 14, 16, 23, 40, 48, 55, 56, 77, 78, 79, 80, 87, 95, 108, 112, 119, 133, 134, 149, 151, 162, 164, 183, 193, 
          197, 201, 205, 213, 215, 225, 226, 227, 228, 243, 247 ], 
      [ 4, 12, 34, 36, 49, 50, 68, 72, 87, 88, 99, 100, 113, 115, 117, 119, 138, 140, 142, 144, 150, 158, 162, 170, 
          178, 182, 200, 208, 214, 216, 245, 246 ], [ 34, 50, 52, 76, 80, 87, 88, 107, 108, 115, 119, 150, 162, 170, 
          177, 178, 181, 182, 205, 206, 207, 208, 215, 223, 233, 237, 245, 247 ], 
      [ 5, 6, 38, 40, 52, 56, 69, 71, 77, 79, 91, 95, 99, 103, 115, 116, 134, 142, 158, 160, 166, 168, 180, 184, 
          205, 207, 219, 220, 223, 224, 244, 252 ], 
      [ 7, 8, 23, 36, 40, 67, 71, 75, 79, 85, 87, 97, 99, 113, 117, 136, 144, 162, 164, 166, 168, 182, 201, 203, 
          205, 207, 213, 221, 225, 226, 233, 234, 241, 245 ], 
      [ 4, 20, 24, 35, 36, 52, 71, 79, 87, 97, 99, 113, 117, 132, 140, 148, 152, 164, 178, 180, 205, 206, 207, 208, 
          214, 222, 225, 233, 241, 242, 245, 246 ], 
      [ 1, 3, 5, 7, 23, 24, 35, 36, 52, 56, 65, 67, 69, 71, 87, 95, 99, 129, 130, 133, 134, 150, 152, 158, 160, 162, 
          164, 180, 184, 188, 192, 193, 197, 201, 205, 221, 222, 223, 224, 252, 256 ], 
      [ 8, 16, 22, 24, 36, 40, 56, 79, 80, 87, 100, 142, 149, 150, 162, 164, 178, 201, 203, 205, 207, 213, 221, 227, 
          228, 235, 236, 241, 243 ], [ 7, 8, 22, 24, 36, 40, 56, 71, 79, 99, 100, 150, 158, 162, 164, 178, 201, 203, 
          205, 207, 221, 222, 227, 228, 235, 236, 250, 252 ], 
      [ 5, 56, 65, 67, 69, 71, 87, 95, 99, 100, 134, 150, 158, 162, 166, 182, 184, 201, 205, 221, 222, 223, 224, 
          226, 228, 234, 236, 252, 256 ], [ 4, 8, 22, 24, 36, 54, 71, 72, 88, 96, 103, 132, 150, 158, 161, 162, 163, 
          164, 178, 182, 199, 207, 221, 222, 223, 224, 227, 231, 245, 253 ], 
      [ 6, 8, 24, 32, 39, 40, 56, 77, 79, 95, 96, 99, 103, 134, 142, 158, 160, 162, 164, 180, 201, 202, 205, 206, 
          218, 220, 222, 224, 225, 227, 233, 235, 251, 252 ], 
      [ 4, 12, 20, 36, 44, 51, 52, 79, 80, 87, 95, 105, 107, 132, 148, 152, 162, 164, 180, 198, 206, 213, 214, 215, 
          216, 225, 226, 233, 234, 241, 245 ], [ 3, 7, 23, 24, 35, 36, 50, 52, 67, 71, 87, 99, 107, 135, 149, 150, 
          151, 152, 178, 182, 186, 190, 199, 207, 213, 215, 221, 223, 233, 235, 249, 250, 253, 254 ], 
      [ 4, 8, 33, 34, 35, 36, 71, 72, 87, 99, 107, 134, 136, 150, 162, 170, 200, 208, 221, 222, 223, 224, 233, 234, 
          235, 236, 249, 253 ], [ 23, 36, 75, 79, 87, 99, 113, 115, 136, 144, 152, 164, 168, 182, 184, 205, 206, 
          207, 208, 213, 221, 226, 234, 241, 242, 245, 246 ], 
      [ 7, 39, 40, 71, 79, 99, 103, 113, 115, 142, 144, 166, 168, 174, 176, 178, 182, 205, 206, 207, 208, 217, 221, 
          234, 236, 238, 240, 241, 242, 249, 250 ], 
      [ 8, 20, 24, 35, 51, 52, 71, 95, 97, 99, 101, 103, 115, 134, 136, 152, 160, 162, 166, 178, 205, 221, 222, 223, 
          224, 229, 237, 249, 253 ], [ 7, 52, 67, 71, 81, 83, 99, 107, 115, 136, 150, 152, 168, 176, 180, 184, 205, 
          207, 209, 210, 213, 214, 217, 218, 221, 222, 235, 236, 239, 240, 250, 252 ], 
      [ 35, 36, 51, 75, 79, 99, 107, 113, 115, 136, 144, 152, 162, 164, 178, 182, 205, 206, 207, 208, 213, 221, 226, 
          234, 241, 242, 245, 246 ], [ 8, 34, 36, 76, 80, 99, 100, 107, 108, 115, 134, 142, 150, 162, 166, 181, 182, 
          207, 208, 221, 223, 233, 235, 241, 245, 249, 253 ], 
      [ 8, 16, 18, 20, 22, 24, 35, 39, 49, 50, 51, 52, 72, 80, 82, 84, 86, 88, 99, 103, 113, 114, 115, 116, 141, 
          142, 143, 144, 150, 158, 165, 167, 173, 175, 177, 181, 205, 206, 207, 208, 214, 222, 229, 231, 237, 239, 
          241, 245 ], [ 7, 8, 23, 37, 39, 53, 55, 71, 87, 95, 97, 99, 101, 103, 117, 119, 134, 136, 142, 144, 158, 
          160, 162, 166, 202, 204, 206, 208, 221, 222, 223, 224, 225, 226, 233, 234, 249, 253 ], 
      [ 6, 8, 37, 38, 53, 71, 72, 87, 95, 97, 99, 101, 103, 117, 119, 134, 142, 158, 162, 166, 202, 204, 206, 208, 
          221, 222, 223, 224, 225, 226, 233, 234, 249, 253 ], 
      [ 24, 34, 36, 76, 80, 87, 88, 99, 100, 107, 108, 115, 119, 134, 142, 150, 162, 166, 181, 182, 206, 208, 223, 
          233, 237, 245, 253 ], [ 3, 4, 7, 8, 22, 24, 34, 36, 42, 44, 50, 54, 69, 71, 77, 79, 85, 86, 105, 106, 109, 
          110, 118, 126, 131, 132, 135, 136, 150, 152, 162, 164, 170, 172, 178, 182, 197, 199, 205, 207, 213, 214, 
          233, 234, 237, 238, 246, 254 ], [ 7, 8, 32, 35, 36, 39, 40, 50, 52, 79, 91, 92, 95, 96, 97, 99, 113, 114, 
          121, 122, 135, 136, 160, 165, 166, 167, 168, 178, 182, 207, 221, 222, 223, 224, 225, 229, 241, 242, 249, 
          250 ], [ 5, 7, 23, 36, 40, 56, 65, 67, 69, 71, 87, 95, 99, 100, 133, 134, 162, 164, 166, 168, 184, 192, 
          193, 197, 201, 205, 221, 223, 226, 228, 234, 236, 252, 256 ], 
      [ 6, 8, 22, 38, 50, 54, 71, 72, 92, 96, 99, 103, 116, 134, 150, 158, 165, 166, 178, 182, 199, 207, 217, 218, 
          219, 220, 221, 222, 223, 224, 225, 227, 229, 231, 241, 249 ], 
      [ 1, 52, 65, 67, 83, 87, 99, 107, 115, 116, 129, 130, 146, 150, 162, 170, 178, 180, 193, 197, 201, 205, 213, 
          214, 215, 216, 233, 234, 235, 236, 244, 248, 252, 256 ], 
      [ 6, 8, 22, 24, 37, 38, 50, 54, 71, 72, 79, 80, 84, 88, 97, 99, 101, 103, 105, 107, 109, 111, 113, 114, 115, 
          116, 134, 142, 150, 166, 174, 178, 182, 206, 208, 233, 234, 237, 238, 242, 250 ], 
      [ 5, 56, 69, 71, 77, 79, 95, 99, 103, 134, 150, 158, 162, 166, 182, 184, 201, 205, 222, 224, 225, 226, 227, 
          228, 233, 234, 235, 236, 252, 256 ], [ 8, 23, 24, 36, 40, 56, 75, 79, 87, 95, 99, 100, 107, 108, 113, 115, 
          136, 144, 152, 168, 182, 184, 206, 208, 221, 234, 238, 245, 246 ], 
      [ 7, 8, 24, 40, 52, 56, 71, 79, 81, 83, 107, 115, 116, 136, 150, 152, 168, 176, 184, 205, 207, 209, 210, 213, 
          214, 217, 218, 221, 222, 236, 240, 250, 252 ], 
      [ 3, 4, 7, 8, 11, 12, 15, 16, 18, 20, 22, 24, 33, 35, 37, 39, 49, 50, 53, 54, 67, 68, 71, 72, 75, 76, 79, 80, 
          82, 84, 86, 88, 97, 99, 101, 103, 113, 114, 117, 118, 137, 138, 139, 140, 141, 142, 143, 144, 146, 150, 
          154, 158, 161, 165, 169, 173, 177, 178, 181, 182, 201, 202, 203, 204, 205, 206, 207, 208, 210, 214, 218, 
          222, 225, 229, 233, 237, 241, 242, 245, 246 ], 
      [ 1, 3, 19, 23, 35, 36, 51, 55, 65, 67, 83, 87, 99, 107, 115, 119, 129, 130, 133, 134, 149, 151, 162, 164, 
          166, 168, 170, 172, 174, 176, 183, 184, 193, 197, 201, 205, 213, 215, 233, 234, 235, 236, 237, 238, 239, 
          240, 247, 255 ], [ 8, 23, 24, 36, 40, 56, 75, 79, 99, 100, 107, 108, 113, 115, 136, 144, 152, 168, 182, 
          184, 205, 206, 207, 208, 213, 221, 234, 241, 242, 245, 246 ], 
      [ 12, 16, 34, 36, 42, 44, 51, 52, 76, 80, 98, 100, 106, 108, 115, 116, 141, 142, 143, 144, 151, 159, 161, 162, 
          165, 166, 169, 170, 173, 174, 177, 179, 181, 183, 205, 206, 207, 208, 215, 223, 225, 226, 229, 230, 233, 
          234, 237, 238, 241, 243, 245, 247 ], [ 3, 4, 7, 8, 11, 12, 15, 16, 21, 22, 23, 24, 29, 30, 31, 32, 35, 36, 
          39, 40, 43, 44, 47, 48, 53, 54, 55, 56, 61, 62, 63, 64, 65, 66, 67, 68, 73, 74, 75, 76, 81, 82, 85, 86, 
          89, 90, 93, 94, 97, 98, 99, 100, 105, 106, 107, 108, 113, 114, 117, 118, 121, 122, 125, 126, 131, 132, 
          135, 136, 139, 140, 143, 144, 149, 150, 151, 152, 157, 158, 159, 160, 163, 164, 167, 168, 171, 172, 175, 
          176, 181, 182, 183, 184, 189, 190, 191, 192, 193, 194, 195, 196, 201, 202, 203, 204, 209, 210, 213, 214, 
          217, 218, 221, 222, 225, 226, 227, 228, 233, 234, 235, 236, 241, 242, 245, 246, 249, 250, 253, 254 ], 
      [ 6, 23, 40, 52, 56, 79, 80, 87, 95, 108, 112, 115, 116, 134, 142, 145, 149, 162, 178, 201, 205, 217, 219, 
          234, 236, 243, 251 ], [ 6, 38, 40, 56, 79, 80, 87, 95, 108, 112, 115, 116, 134, 142, 149, 162, 166, 178, 
          201, 205, 217, 219, 234, 236, 243, 251 ], [ 23, 36, 65, 67, 87, 95, 99, 107, 123, 134, 152, 162, 164, 184, 
          192, 193, 197, 201, 205, 221, 223, 233, 234, 252, 256 ], 
      [ 36, 44, 51, 75, 79, 87, 95, 107, 113, 115, 136, 144, 152, 162, 164, 178, 182, 206, 208, 213, 234, 238, 245, 
          246 ], [ 36, 58, 79, 80, 92, 96, 99, 107, 123, 134, 136, 158, 161, 162, 165, 166, 178, 186, 199, 207, 222, 
          229, 231, 249, 253 ], [ 36, 58, 79, 80, 92, 96, 99, 107, 123, 124, 134, 136, 158, 161, 162, 165, 166, 178, 
          186, 199, 207, 222, 229, 231, 249 ], [ 4, 28, 36, 58, 79, 80, 92, 96, 99, 107, 123, 134, 136, 158, 161, 
          162, 178, 186, 199, 207, 222, 229, 231, 249, 253 ], 
      [ 8, 36, 58, 79, 80, 92, 96, 99, 107, 123, 124, 134, 136, 158, 165, 166, 178, 186, 199, 207, 222, 229, 231, 
          249, 253 ], [ 4, 12, 20, 24, 36, 44, 51, 52, 79, 80, 87, 95, 105, 107, 132, 148, 152, 162, 164, 178, 180, 
          206, 213, 214, 233, 234, 241, 245 ] ] );
