return rec(
  EXT := [ [ 1, 0, 0, 0, 0, 0, 0, 0, 0 ], [ 1, 1, 1, 1, 1, 0, 0, 0, 0 ], [ 1, 0, 1, 1, 1, 1, 1, 0, 0 ], 
      [ 1, 0, 0, 1, 1, 1, 1, 1, 1 ], [ 1, 0, 0, 0, 1, 0, 1, 0, 1 ], [ 1, 0, 1, 0, 1, 0, 1, 1, 0 ], 
      [ 1, 1, 0, 1, 1, 0, 0, 1, 1 ], [ 1, 1, 0, 0, 1, 1, 0, 0, 1 ], [ 1, 1, 1, 0, 1, 1, 0, 1, 0 ], 
      [ 1, 1, 0, 0, 0, 1, 1, 0, 0 ], [ 1, 1, 1, 0, 0, 1, 1, 1, 1 ], [ 1, 1, 1, 1, 0, 0, 1, 0, 1 ], 
      [ 1, 1, 0, 1, 0, 0, 1, 1, 0 ], [ 1, 0, 1, 0, 0, 0, 0, 1, 1 ], [ 1, 0, 1, 1, 0, 1, 0, 0, 1 ], 
      [ 1, 0, 0, 1, 0, 1, 0, 1, 0 ] ],
  GRP := Group( [ ( 5,16)( 6,15)( 8,13)( 9,12), ( 3, 7)( 6, 8)(10,14)(13,15), ( 3, 9)( 4,11)( 5,14)( 7,12)( 8,15)
        (10,16), ( 1, 2)( 3, 5, 7,16)( 6, 8,13,15)( 9,10,12,14), ( 1, 3)( 2,10)( 4,14)( 5, 6)( 7,11)( 8, 9)(12,13)
        (15,16) ] ),
  LOrb := [ [ 1, 2, 3, 5, 6, 10, 12, 13 ], [ 2, 3, 4, 5, 6, 7, 8, 9, 10, 11, 12, 13 ] ],
  eRec := rec(
      GRA := rec(
          adjacencies := [ [ 2, 3, 4, 5 ], [ 1, 4, 5 ], [ 1, 4, 5 ], [ 1, 2, 3 ], [ 1, 2, 3 ] ],
          group := Group( [ () ] ),
          isGraph := true,
          order := 5,
          representatives := [ 1, 2, 3, 4, 5 ],
          schreierVector := [ -1, -2, -3, -4, -5 ] ),
      ListEdges := [ [ 1, 2 ], [ 1, 3 ], [ 1, 4 ], [ 1, 5 ], [ 2, 4 ], [ 2, 5 ], [ 3, 4 ], [ 3, 5 ] ],
      ListSet := [ [  ], [ 1 ], [ 1, 2 ], [ 1, 2, 3 ], [ 1, 2, 3, 4 ], [ 1, 2, 4 ], [ 1, 3 ], [ 1, 3, 4 ], [ 1, 4 ], 
          [ 2 ], [ 2, 3 ], [ 2, 3, 4 ], [ 2, 4 ], [ 3 ], [ 3, 4 ], [ 4 ] ],
      ListVect := [ [ 1, 0, 0, 0, 0, 0, 0, 0, 0 ], [ 1, 1, 1, 1, 1, 0, 0, 0, 0 ], [ 1, 0, 1, 1, 1, 1, 1, 0, 0 ], 
          [ 1, 0, 0, 1, 1, 1, 1, 1, 1 ], [ 1, 0, 0, 0, 1, 0, 1, 0, 1 ], [ 1, 0, 1, 0, 1, 0, 1, 1, 0 ], 
          [ 1, 1, 0, 1, 1, 0, 0, 1, 1 ], [ 1, 1, 0, 0, 1, 1, 0, 0, 1 ], [ 1, 1, 1, 0, 1, 1, 0, 1, 0 ], 
          [ 1, 1, 0, 0, 0, 1, 1, 0, 0 ], [ 1, 1, 1, 0, 0, 1, 1, 1, 1 ], [ 1, 1, 1, 1, 0, 0, 1, 0, 1 ], 
          [ 1, 1, 0, 1, 0, 0, 1, 1, 0 ], [ 1, 0, 1, 0, 0, 0, 0, 1, 1 ], [ 1, 0, 1, 1, 0, 1, 0, 0, 1 ], 
          [ 1, 0, 0, 1, 0, 1, 0, 1, 0 ] ] ) );
