return rec(
  EXT := [ [ 1, 0, 0, 0, 0, 0, 0, 0, 0, 0, 0 ], [ 1, 1, 1, 1, 1, 1, 0, 0, 0, 0, 0 ], [ 1, 1, 1, 1, 1, 1, 1, 1, 1, 1, 1 ], 
      [ 1, 0, 1, 1, 1, 1, 0, 1, 1, 1, 1 ], [ 1, 0, 0, 1, 1, 1, 0, 0, 1, 1, 1 ], [ 1, 0, 0, 0, 1, 1, 0, 0, 0, 1, 1 ], 
      [ 1, 0, 0, 0, 0, 1, 0, 0, 0, 0, 1 ], [ 1, 0, 0, 1, 0, 1, 0, 0, 1, 0, 1 ], [ 1, 0, 1, 0, 1, 1, 0, 1, 0, 1, 1 ], 
      [ 1, 0, 1, 0, 0, 1, 0, 1, 0, 0, 1 ], [ 1, 0, 1, 1, 0, 1, 0, 1, 1, 0, 1 ], [ 1, 1, 0, 1, 1, 1, 1, 0, 1, 1, 1 ], 
      [ 1, 1, 0, 0, 1, 1, 1, 0, 0, 1, 1 ], [ 1, 1, 0, 0, 0, 1, 1, 0, 0, 0, 1 ], [ 1, 1, 0, 1, 0, 1, 1, 0, 1, 0, 1 ], 
      [ 1, 1, 1, 0, 1, 1, 1, 1, 0, 1, 1 ], [ 1, 1, 1, 0, 0, 1, 1, 1, 0, 0, 1 ], [ 1, 1, 1, 1, 0, 1, 1, 1, 1, 0, 1 ], 
      [ 1, 0, 1, 1, 1, 1, 1, 0, 0, 0, 0 ], [ 1, 0, 0, 1, 1, 1, 1, 1, 0, 0, 0 ], [ 1, 0, 0, 0, 1, 1, 1, 1, 1, 0, 0 ], 
      [ 1, 0, 0, 0, 0, 1, 1, 1, 1, 1, 0 ], [ 1, 0, 0, 1, 0, 1, 1, 1, 0, 1, 0 ], [ 1, 0, 1, 0, 1, 1, 1, 0, 1, 0, 0 ], 
      [ 1, 0, 1, 0, 0, 1, 1, 0, 1, 1, 0 ], [ 1, 0, 1, 1, 0, 1, 1, 0, 0, 1, 0 ], [ 1, 1, 0, 1, 1, 1, 0, 1, 0, 0, 0 ], 
      [ 1, 1, 0, 0, 1, 1, 0, 1, 1, 0, 0 ], [ 1, 1, 0, 0, 0, 1, 0, 1, 1, 1, 0 ], [ 1, 1, 0, 1, 0, 1, 0, 1, 0, 1, 0 ], 
      [ 1, 1, 1, 0, 1, 1, 0, 0, 1, 0, 0 ], [ 1, 1, 1, 0, 0, 1, 0, 0, 1, 1, 0 ], [ 1, 1, 1, 1, 0, 1, 0, 0, 0, 1, 0 ], 
      [ 1, 0, 0, 0, 0, 0, 1, 1, 1, 1, 1 ], [ 1, 1, 0, 0, 0, 0, 0, 1, 1, 1, 1 ], [ 1, 1, 1, 0, 0, 0, 0, 0, 1, 1, 1 ], 
      [ 1, 1, 1, 1, 0, 0, 0, 0, 0, 1, 1 ], [ 1, 1, 1, 1, 1, 0, 0, 0, 0, 0, 1 ], [ 1, 1, 1, 0, 1, 0, 0, 0, 1, 0, 1 ], 
      [ 1, 1, 0, 1, 0, 0, 0, 1, 0, 1, 1 ], [ 1, 1, 0, 1, 1, 0, 0, 1, 0, 0, 1 ], [ 1, 1, 0, 0, 1, 0, 0, 1, 1, 0, 1 ], 
      [ 1, 0, 1, 0, 0, 0, 1, 0, 1, 1, 1 ], [ 1, 0, 1, 1, 0, 0, 1, 0, 0, 1, 1 ], [ 1, 0, 1, 1, 1, 0, 1, 0, 0, 0, 1 ], 
      [ 1, 0, 1, 0, 1, 0, 1, 0, 1, 0, 1 ], [ 1, 0, 0, 1, 0, 0, 1, 1, 0, 1, 1 ], [ 1, 0, 0, 1, 1, 0, 1, 1, 0, 0, 1 ], 
      [ 1, 0, 0, 0, 1, 0, 1, 1, 1, 0, 1 ], [ 1, 1, 0, 0, 0, 0, 1, 0, 0, 0, 0 ], [ 1, 1, 1, 0, 0, 0, 1, 1, 0, 0, 0 ], 
      [ 1, 1, 1, 1, 0, 0, 1, 1, 1, 0, 0 ], [ 1, 1, 1, 1, 1, 0, 1, 1, 1, 1, 0 ], [ 1, 1, 1, 0, 1, 0, 1, 1, 0, 1, 0 ], 
      [ 1, 1, 0, 1, 0, 0, 1, 0, 1, 0, 0 ], [ 1, 1, 0, 1, 1, 0, 1, 0, 1, 1, 0 ], [ 1, 1, 0, 0, 1, 0, 1, 0, 0, 1, 0 ], 
      [ 1, 0, 1, 0, 0, 0, 0, 1, 0, 0, 0 ], [ 1, 0, 1, 1, 0, 0, 0, 1, 1, 0, 0 ], [ 1, 0, 1, 1, 1, 0, 0, 1, 1, 1, 0 ], 
      [ 1, 0, 1, 0, 1, 0, 0, 1, 0, 1, 0 ], [ 1, 0, 0, 1, 0, 0, 0, 0, 1, 0, 0 ], [ 1, 0, 0, 1, 1, 0, 0, 0, 1, 1, 0 ], 
      [ 1, 0, 0, 0, 1, 0, 0, 0, 0, 1, 0 ] ],
  GRP := Group( [ (19,27)(24,28)(25,29)(26,30)(35,43)(40,44)(41,45)(42,46), (20,24)(23,25)(27,31)(30,32)(36,40)(39,41)(43,47)
        (46,48), (19,27,31)(20,28,24)(22,49)(23,42,25,48,29,46)(26,41,32,45,30,39)(33,38)(35,43,47)(36,44,40), 
      (21,23)(24,26)(28,30)(31,33)(37,39)(40,42)(44,46)(47,49), ( 2,19,20,21,22,29,32,33)(23,28,25,30,31,26,27,24)(34,35,36,37,38,
         45,48,49)(39,44,41,46,47,42,43,40), ( 7,64)( 8,63)(10,61)(11,60)(14,57)(15,56)(17,54)(18,53), 
      ( 6, 8)( 9,11)(13,15)(16,18)(52,54)(55,57)(59,61)(62,64), ( 4,12)( 9,13)(10,14)(11,15)(50,58)(55,59)(56,60)(57,61), 
      ( 5, 9)( 8,10)(12,16)(15,17)(51,55)(54,56)(58,62)(61,63), ( 1, 2)( 3,34)( 4,22)( 5,21)( 6,20)( 7,19)( 8,24)( 9,23)(10,26)
        (11,25)(12,49)(13,48)(14,45)(15,46)(16,47)(17,44)(18,43)(27,64)(28,63)(29,60)(30,61)(31,62)(32,59)(33,58)(35,53)(36,52)
        (37,51)(38,50)(39,55)(40,54)(41,57)(42,56) ] ),
  LOrb := [ [ 1, 34, 35, 36, 37, 38, 39, 40, 41, 42, 43, 44, 45, 46, 47, 48, 49, 50, 51, 52, 53, 54, 55, 56, 57, 58, 59, 60, 61, 
          62, 63, 64 ] ],
  eRec := rec(
      CUT_info := rec(
          EXT := [ [ 1, 0, 0, 0, 0, 0, 0, 0, 0, 0, 0 ], [ 1, 1, 1, 1, 1, 1, 0, 0, 0, 0, 0 ], [ 1, 1, 1, 1, 1, 1, 1, 1, 1, 1, 1 ], 
              [ 1, 0, 1, 1, 1, 1, 0, 1, 1, 1, 1 ], [ 1, 0, 0, 1, 1, 1, 0, 0, 1, 1, 1 ], [ 1, 0, 0, 0, 1, 1, 0, 0, 0, 1, 1 ], 
              [ 1, 0, 0, 0, 0, 1, 0, 0, 0, 0, 1 ], [ 1, 0, 0, 1, 0, 1, 0, 0, 1, 0, 1 ], [ 1, 0, 1, 0, 1, 1, 0, 1, 0, 1, 1 ], 
              [ 1, 0, 1, 0, 0, 1, 0, 1, 0, 0, 1 ], [ 1, 0, 1, 1, 0, 1, 0, 1, 1, 0, 1 ], [ 1, 1, 0, 1, 1, 1, 1, 0, 1, 1, 1 ], 
              [ 1, 1, 0, 0, 1, 1, 1, 0, 0, 1, 1 ], [ 1, 1, 0, 0, 0, 1, 1, 0, 0, 0, 1 ], [ 1, 1, 0, 1, 0, 1, 1, 0, 1, 0, 1 ], 
              [ 1, 1, 1, 0, 1, 1, 1, 1, 0, 1, 1 ], [ 1, 1, 1, 0, 0, 1, 1, 1, 0, 0, 1 ], [ 1, 1, 1, 1, 0, 1, 1, 1, 1, 0, 1 ], 
              [ 1, 0, 1, 1, 1, 1, 1, 0, 0, 0, 0 ], [ 1, 0, 0, 1, 1, 1, 1, 1, 0, 0, 0 ], [ 1, 0, 0, 0, 1, 1, 1, 1, 1, 0, 0 ], 
              [ 1, 0, 0, 0, 0, 1, 1, 1, 1, 1, 0 ], [ 1, 0, 0, 1, 0, 1, 1, 1, 0, 1, 0 ], [ 1, 0, 1, 0, 1, 1, 1, 0, 1, 0, 0 ], 
              [ 1, 0, 1, 0, 0, 1, 1, 0, 1, 1, 0 ], [ 1, 0, 1, 1, 0, 1, 1, 0, 0, 1, 0 ], [ 1, 1, 0, 1, 1, 1, 0, 1, 0, 0, 0 ], 
              [ 1, 1, 0, 0, 1, 1, 0, 1, 1, 0, 0 ], [ 1, 1, 0, 0, 0, 1, 0, 1, 1, 1, 0 ], [ 1, 1, 0, 1, 0, 1, 0, 1, 0, 1, 0 ], 
              [ 1, 1, 1, 0, 1, 1, 0, 0, 1, 0, 0 ], [ 1, 1, 1, 0, 0, 1, 0, 0, 1, 1, 0 ], [ 1, 1, 1, 1, 0, 1, 0, 0, 0, 1, 0 ], 
              [ 1, 0, 0, 0, 0, 0, 1, 1, 1, 1, 1 ], [ 1, 1, 0, 0, 0, 0, 0, 1, 1, 1, 1 ], [ 1, 1, 1, 0, 0, 0, 0, 0, 1, 1, 1 ], 
              [ 1, 1, 1, 1, 0, 0, 0, 0, 0, 1, 1 ], [ 1, 1, 1, 1, 1, 0, 0, 0, 0, 0, 1 ], [ 1, 1, 1, 0, 1, 0, 0, 0, 1, 0, 1 ], 
              [ 1, 1, 0, 1, 0, 0, 0, 1, 0, 1, 1 ], [ 1, 1, 0, 1, 1, 0, 0, 1, 0, 0, 1 ], [ 1, 1, 0, 0, 1, 0, 0, 1, 1, 0, 1 ], 
              [ 1, 0, 1, 0, 0, 0, 1, 0, 1, 1, 1 ], [ 1, 0, 1, 1, 0, 0, 1, 0, 0, 1, 1 ], [ 1, 0, 1, 1, 1, 0, 1, 0, 0, 0, 1 ], 
              [ 1, 0, 1, 0, 1, 0, 1, 0, 1, 0, 1 ], [ 1, 0, 0, 1, 0, 0, 1, 1, 0, 1, 1 ], [ 1, 0, 0, 1, 1, 0, 1, 1, 0, 0, 1 ], 
              [ 1, 0, 0, 0, 1, 0, 1, 1, 1, 0, 1 ], [ 1, 1, 0, 0, 0, 0, 1, 0, 0, 0, 0 ], [ 1, 1, 1, 0, 0, 0, 1, 1, 0, 0, 0 ], 
              [ 1, 1, 1, 1, 0, 0, 1, 1, 1, 0, 0 ], [ 1, 1, 1, 1, 1, 0, 1, 1, 1, 1, 0 ], [ 1, 1, 1, 0, 1, 0, 1, 1, 0, 1, 0 ], 
              [ 1, 1, 0, 1, 0, 0, 1, 0, 1, 0, 0 ], [ 1, 1, 0, 1, 1, 0, 1, 0, 1, 1, 0 ], [ 1, 1, 0, 0, 1, 0, 1, 0, 0, 1, 0 ], 
              [ 1, 0, 1, 0, 0, 0, 0, 1, 0, 0, 0 ], [ 1, 0, 1, 1, 0, 0, 0, 1, 1, 0, 0 ], [ 1, 0, 1, 1, 1, 0, 0, 1, 1, 1, 0 ], 
              [ 1, 0, 1, 0, 1, 0, 0, 1, 0, 1, 0 ], [ 1, 0, 0, 1, 0, 0, 0, 0, 1, 0, 0 ], [ 1, 0, 0, 1, 1, 0, 0, 0, 1, 1, 0 ], 
              [ 1, 0, 0, 0, 1, 0, 0, 0, 0, 1, 0 ] ],
          GRP := Group( [ ( 1, 2)( 3,34)( 4,35)( 5,36)( 6,37)( 7,38)( 8,39)( 9,40)(10,41)(11,42)(12,43)(13,44)(14,45)(15,46)
                (16,47)(17,48)(18,49)(19,50)(20,51)(21,52)(22,53)(23,54)(24,55)(25,56)(26,57)(27,58)(28,59)(29,60)(30,61)(31,62)
                (32,63)(33,64), ( 1,50)( 2,19)( 3, 4)( 5,12)( 6,13)( 7,14)( 8,15)( 9,16)(10,17)(11,18)(20,27)(21,28)(22,29)(23,30)
                (24,31)(25,32)(26,33)(34,35)(36,43)(37,44)(38,45)(39,46)(40,47)(41,48)(42,49)(51,58)(52,59)(53,60)(54,61)(55,62)
                (56,63)(57,64), ( 2,34)(19,35)(20,36)(21,37)(22,38)(23,39)(24,40)(25,41)(26,42)(27,43)(28,44)(29,45)(30,46)(31,47)
                (32,48)(33,49), ( 7,64)( 8,63)(10,61)(11,60)(14,57)(15,56)(17,54)(18,53)(22,49)(23,48)(25,46)(26,45)(29,42)(30,41)
                (32,39)(33,38), ( 6, 8)( 9,11)(13,15)(16,18)(21,23)(24,26)(28,30)(31,33)(37,39)(40,42)(44,46)(47,49)(52,54)(55,57)
                (59,61)(62,64), ( 5, 9)( 8,10)(12,16)(15,17)(20,24)(23,25)(27,31)(30,32)(36,40)(39,41)(43,47)(46,48)(51,55)(54,56)
                (58,62)(61,63), ( 4,12)( 9,13)(10,14)(11,15)(19,27)(24,28)(25,29)(26,30)(35,43)(40,44)(41,45)(42,46)(50,58)(55,59)
                (56,60)(57,61) ] ) ),
      GRA := rec(
          adjacencies := [ [ 3, 4, 5, 6, 7 ], [ 3, 4, 5, 6, 7 ], [ 1, 2 ], [ 1, 2 ], [ 1, 2 ], [ 1, 2 ], [ 1, 2 ] ],
          autGroup := Group( [ (1,2), (6,7), (5,6), (4,5), (3,4) ] ),
          group := Group( [ () ] ),
          isGraph := true,
          isSimple := true,
          order := 7,
          representatives := [ 1, 2, 3, 4, 5, 6, 7 ],
          schreierVector := [ -1, -2, -3, -4, -5, -6, -7 ] ),
      GRPedge := Group( [ ( 1, 6)( 2, 7)( 3, 8)( 4, 9)( 5,10), ( 4, 5)( 9,10), ( 3, 4)( 8, 9), ( 2, 3)( 7, 8), ( 1, 2)( 6, 7) ] ),
      GRPvert := Group( [ (1,2), (6,7), (5,6), (4,5), (3,4) ] ),
      ListEdges := [ [ 1, 3 ], [ 1, 4 ], [ 1, 5 ], [ 1, 6 ], [ 1, 7 ], [ 2, 3 ], [ 2, 4 ], [ 2, 5 ], [ 2, 6 ], [ 2, 7 ] ],
      ListSet := [ [  ], [ 1 ], [ 1, 2 ], [ 1, 2, 3 ], [ 1, 2, 3, 4 ], [ 1, 2, 3, 4, 5 ], [ 1, 2, 3, 4, 5, 6 ], [ 1, 2, 3, 4, 6 ],
          [ 1, 2, 3, 5 ], [ 1, 2, 3, 5, 6 ], [ 1, 2, 3, 6 ], [ 1, 2, 4 ], [ 1, 2, 4, 5 ], [ 1, 2, 4, 5, 6 ], [ 1, 2, 4, 6 ], 
          [ 1, 2, 5 ], [ 1, 2, 5, 6 ], [ 1, 2, 6 ], [ 1, 3 ], [ 1, 3, 4 ], [ 1, 3, 4, 5 ], [ 1, 3, 4, 5, 6 ], [ 1, 3, 4, 6 ], 
          [ 1, 3, 5 ], [ 1, 3, 5, 6 ], [ 1, 3, 6 ], [ 1, 4 ], [ 1, 4, 5 ], [ 1, 4, 5, 6 ], [ 1, 4, 6 ], [ 1, 5 ], [ 1, 5, 6 ], 
          [ 1, 6 ], [ 2 ], [ 2, 3 ], [ 2, 3, 4 ], [ 2, 3, 4, 5 ], [ 2, 3, 4, 5, 6 ], [ 2, 3, 4, 6 ], [ 2, 3, 5 ], [ 2, 3, 5, 6 ], 
          [ 2, 3, 6 ], [ 2, 4 ], [ 2, 4, 5 ], [ 2, 4, 5, 6 ], [ 2, 4, 6 ], [ 2, 5 ], [ 2, 5, 6 ], [ 2, 6 ], [ 3 ], [ 3, 4 ], 
          [ 3, 4, 5 ], [ 3, 4, 5, 6 ], [ 3, 4, 6 ], [ 3, 5 ], [ 3, 5, 6 ], [ 3, 6 ], [ 4 ], [ 4, 5 ], [ 4, 5, 6 ], [ 4, 6 ], 
          [ 5 ], [ 5, 6 ], [ 6 ] ],
      ListVect := [ [ 1, 0, 0, 0, 0, 0, 0, 0, 0, 0, 0 ], [ 1, 1, 1, 1, 1, 1, 0, 0, 0, 0, 0 ], [ 1, 1, 1, 1, 1, 1, 1, 1, 1, 1, 1 ],
          [ 1, 0, 1, 1, 1, 1, 0, 1, 1, 1, 1 ], [ 1, 0, 0, 1, 1, 1, 0, 0, 1, 1, 1 ], [ 1, 0, 0, 0, 1, 1, 0, 0, 0, 1, 1 ], 
          [ 1, 0, 0, 0, 0, 1, 0, 0, 0, 0, 1 ], [ 1, 0, 0, 1, 0, 1, 0, 0, 1, 0, 1 ], [ 1, 0, 1, 0, 1, 1, 0, 1, 0, 1, 1 ], 
          [ 1, 0, 1, 0, 0, 1, 0, 1, 0, 0, 1 ], [ 1, 0, 1, 1, 0, 1, 0, 1, 1, 0, 1 ], [ 1, 1, 0, 1, 1, 1, 1, 0, 1, 1, 1 ], 
          [ 1, 1, 0, 0, 1, 1, 1, 0, 0, 1, 1 ], [ 1, 1, 0, 0, 0, 1, 1, 0, 0, 0, 1 ], [ 1, 1, 0, 1, 0, 1, 1, 0, 1, 0, 1 ], 
          [ 1, 1, 1, 0, 1, 1, 1, 1, 0, 1, 1 ], [ 1, 1, 1, 0, 0, 1, 1, 1, 0, 0, 1 ], [ 1, 1, 1, 1, 0, 1, 1, 1, 1, 0, 1 ], 
          [ 1, 0, 1, 1, 1, 1, 1, 0, 0, 0, 0 ], [ 1, 0, 0, 1, 1, 1, 1, 1, 0, 0, 0 ], [ 1, 0, 0, 0, 1, 1, 1, 1, 1, 0, 0 ], 
          [ 1, 0, 0, 0, 0, 1, 1, 1, 1, 1, 0 ], [ 1, 0, 0, 1, 0, 1, 1, 1, 0, 1, 0 ], [ 1, 0, 1, 0, 1, 1, 1, 0, 1, 0, 0 ], 
          [ 1, 0, 1, 0, 0, 1, 1, 0, 1, 1, 0 ], [ 1, 0, 1, 1, 0, 1, 1, 0, 0, 1, 0 ], [ 1, 1, 0, 1, 1, 1, 0, 1, 0, 0, 0 ], 
          [ 1, 1, 0, 0, 1, 1, 0, 1, 1, 0, 0 ], [ 1, 1, 0, 0, 0, 1, 0, 1, 1, 1, 0 ], [ 1, 1, 0, 1, 0, 1, 0, 1, 0, 1, 0 ], 
          [ 1, 1, 1, 0, 1, 1, 0, 0, 1, 0, 0 ], [ 1, 1, 1, 0, 0, 1, 0, 0, 1, 1, 0 ], [ 1, 1, 1, 1, 0, 1, 0, 0, 0, 1, 0 ], 
          [ 1, 0, 0, 0, 0, 0, 1, 1, 1, 1, 1 ], [ 1, 1, 0, 0, 0, 0, 0, 1, 1, 1, 1 ], [ 1, 1, 1, 0, 0, 0, 0, 0, 1, 1, 1 ], 
          [ 1, 1, 1, 1, 0, 0, 0, 0, 0, 1, 1 ], [ 1, 1, 1, 1, 1, 0, 0, 0, 0, 0, 1 ], [ 1, 1, 1, 0, 1, 0, 0, 0, 1, 0, 1 ], 
          [ 1, 1, 0, 1, 0, 0, 0, 1, 0, 1, 1 ], [ 1, 1, 0, 1, 1, 0, 0, 1, 0, 0, 1 ], [ 1, 1, 0, 0, 1, 0, 0, 1, 1, 0, 1 ], 
          [ 1, 0, 1, 0, 0, 0, 1, 0, 1, 1, 1 ], [ 1, 0, 1, 1, 0, 0, 1, 0, 0, 1, 1 ], [ 1, 0, 1, 1, 1, 0, 1, 0, 0, 0, 1 ], 
          [ 1, 0, 1, 0, 1, 0, 1, 0, 1, 0, 1 ], [ 1, 0, 0, 1, 0, 0, 1, 1, 0, 1, 1 ], [ 1, 0, 0, 1, 1, 0, 1, 1, 0, 0, 1 ], 
          [ 1, 0, 0, 0, 1, 0, 1, 1, 1, 0, 1 ], [ 1, 1, 0, 0, 0, 0, 1, 0, 0, 0, 0 ], [ 1, 1, 1, 0, 0, 0, 1, 1, 0, 0, 0 ], 
          [ 1, 1, 1, 1, 0, 0, 1, 1, 1, 0, 0 ], [ 1, 1, 1, 1, 1, 0, 1, 1, 1, 1, 0 ], [ 1, 1, 1, 0, 1, 0, 1, 1, 0, 1, 0 ], 
          [ 1, 1, 0, 1, 0, 0, 1, 0, 1, 0, 0 ], [ 1, 1, 0, 1, 1, 0, 1, 0, 1, 1, 0 ], [ 1, 1, 0, 0, 1, 0, 1, 0, 0, 1, 0 ], 
          [ 1, 0, 1, 0, 0, 0, 0, 1, 0, 0, 0 ], [ 1, 0, 1, 1, 0, 0, 0, 1, 1, 0, 0 ], [ 1, 0, 1, 1, 1, 0, 0, 1, 1, 1, 0 ], 
          [ 1, 0, 1, 0, 1, 0, 0, 1, 0, 1, 0 ], [ 1, 0, 0, 1, 0, 0, 0, 0, 1, 0, 0 ], [ 1, 0, 0, 1, 1, 0, 0, 0, 1, 1, 0 ], 
          [ 1, 0, 0, 0, 1, 0, 0, 0, 0, 1, 0 ] ],
      MET_info := rec(
          EXT := [ [ 0, -1, 1, 0, 0, 0, 1, 1, 0, 0, 0 ], [ 0, 1, -1, 0, 0, 0, 1, 1, 0, 0, 0 ], 
              [ 0, 1, 1, 0, 0, 0, -1, 1, 0, 0, 0 ], [ 0, -1, 0, 1, 0, 0, 1, 0, 1, 0, 0 ], [ 2, -1, -1, 0, 0, 0, -1, 1, 0, 0, 0 ], 
              [ 0, 1, 1, 0, 0, 0, 1, -1, 0, 0, 0 ], [ 0, 1, 0, -1, 0, 0, 1, 0, 1, 0, 0 ], [ 0, 1, 0, 1, 0, 0, -1, 0, 1, 0, 0 ], 
              [ 0, -1, 0, 0, 1, 0, 1, 0, 0, 1, 0 ], [ 0, 0, -1, 1, 0, 0, 0, 1, 1, 0, 0 ], [ 2, -1, 1, 0, 0, 0, -1, -1, 0, 0, 0 ], 
              [ 2, -1, 0, -1, 0, 0, -1, 0, 1, 0, 0 ], [ 2, -1, -1, 0, 0, 0, 1, -1, 0, 0, 0 ], [ 0, 1, 0, 1, 0, 0, 1, 0, -1, 0, 0 ]
                , [ 0, 1, 0, 0, -1, 0, 1, 0, 0, 1, 0 ], [ 0, 0, 1, -1, 0, 0, 0, 1, 1, 0, 0 ], [ 0, 1, 0, 0, 1, 0, -1, 0, 0, 1, 0 ]
                , [ 0, 0, 1, 1, 0, 0, 0, -1, 1, 0, 0 ], [ 0, -1, 0, 0, 0, 1, 1, 0, 0, 0, 1 ], [ 0, 0, -1, 0, 1, 0, 0, 1, 0, 1, 0 ]
                , [ 2, 1, -1, 0, 0, 0, -1, -1, 0, 0, 0 ], [ 2, -1, 0, 1, 0, 0, -1, 0, -1, 0, 0 ], 
              [ 2, -1, 0, 0, -1, 0, -1, 0, 0, 1, 0 ], [ 2, 0, -1, -1, 0, 0, 0, -1, 1, 0, 0 ], 
              [ 2, -1, 0, -1, 0, 0, 1, 0, -1, 0, 0 ], [ 0, 1, 0, 0, 1, 0, 1, 0, 0, -1, 0 ], [ 0, 0, 1, 1, 0, 0, 0, 1, -1, 0, 0 ], 
              [ 0, 1, 0, 0, 0, -1, 1, 0, 0, 0, 1 ], [ 0, 0, 1, 0, -1, 0, 0, 1, 0, 1, 0 ], [ 0, 1, 0, 0, 0, 1, -1, 0, 0, 0, 1 ], 
              [ 0, 0, 1, 0, 1, 0, 0, -1, 0, 1, 0 ], [ 0, 0, -1, 0, 0, 1, 0, 1, 0, 0, 1 ], [ 0, 0, 0, -1, 1, 0, 0, 0, 1, 1, 0 ], 
              [ 2, 1, 0, -1, 0, 0, -1, 0, -1, 0, 0 ], [ 2, -1, 0, 0, 1, 0, -1, 0, 0, -1, 0 ], 
              [ 2, 0, -1, 1, 0, 0, 0, -1, -1, 0, 0 ], [ 2, -1, 0, 0, 0, -1, -1, 0, 0, 0, 1 ], 
              [ 2, 0, -1, 0, -1, 0, 0, -1, 0, 1, 0 ], [ 2, 0, -1, -1, 0, 0, 0, 1, -1, 0, 0 ], 
              [ 2, -1, 0, 0, -1, 0, 1, 0, 0, -1, 0 ], [ 0, 1, 0, 0, 0, 1, 1, 0, 0, 0, -1 ], [ 0, 0, 1, 0, 1, 0, 0, 1, 0, -1, 0 ], 
              [ 0, 0, 1, 0, 0, -1, 0, 1, 0, 0, 1 ], [ 0, 0, 0, 1, -1, 0, 0, 0, 1, 1, 0 ], [ 0, 0, 1, 0, 0, 1, 0, -1, 0, 0, 1 ], 
              [ 0, 0, 0, 1, 1, 0, 0, 0, -1, 1, 0 ], [ 0, 0, 0, -1, 0, 1, 0, 0, 1, 0, 1 ], [ 2, 1, 0, 0, -1, 0, -1, 0, 0, -1, 0 ], 
              [ 2, 0, 1, -1, 0, 0, 0, -1, -1, 0, 0 ], [ 2, -1, 0, 0, 0, 1, -1, 0, 0, 0, -1 ], 
              [ 2, 0, -1, 0, 1, 0, 0, -1, 0, -1, 0 ], [ 2, 0, -1, 0, 0, -1, 0, -1, 0, 0, 1 ], 
              [ 2, 0, 0, -1, -1, 0, 0, 0, -1, 1, 0 ], [ 2, 0, -1, 0, -1, 0, 0, 1, 0, -1, 0 ], 
              [ 2, -1, 0, 0, 0, -1, 1, 0, 0, 0, -1 ], [ 0, 0, 1, 0, 0, 1, 0, 1, 0, 0, -1 ], [ 0, 0, 0, 1, 1, 0, 0, 0, 1, -1, 0 ], 
              [ 0, 0, 0, 1, 0, -1, 0, 0, 1, 0, 1 ], [ 0, 0, 0, 1, 0, 1, 0, 0, -1, 0, 1 ], [ 0, 0, 0, 0, -1, 1, 0, 0, 0, 1, 1 ], 
              [ 2, 1, 0, 0, 0, -1, -1, 0, 0, 0, -1 ], [ 2, 0, 1, 0, -1, 0, 0, -1, 0, -1, 0 ], 
              [ 2, 0, -1, 0, 0, 1, 0, -1, 0, 0, -1 ], [ 2, 0, 0, -1, 1, 0, 0, 0, -1, -1, 0 ], 
              [ 2, 0, 0, -1, 0, -1, 0, 0, -1, 0, 1 ], [ 2, 0, 0, -1, -1, 0, 0, 0, 1, -1, 0 ], 
              [ 2, 0, -1, 0, 0, -1, 0, 1, 0, 0, -1 ], [ 0, 0, 0, 1, 0, 1, 0, 0, 1, 0, -1 ], [ 0, 0, 0, 0, 1, -1, 0, 0, 0, 1, 1 ], 
              [ 0, 0, 0, 0, 1, 1, 0, 0, 0, -1, 1 ], [ 2, 0, 1, 0, 0, -1, 0, -1, 0, 0, -1 ], [ 2, 0, 0, 1, -1, 0, 0, 0, -1, -1, 0 ]
                , [ 2, 0, 0, -1, 0, 1, 0, 0, -1, 0, -1 ], [ 2, 0, 0, 0, -1, -1, 0, 0, 0, -1, 1 ], 
              [ 2, 0, 0, -1, 0, -1, 0, 0, 1, 0, -1 ], [ 0, 0, 0, 0, 1, 1, 0, 0, 0, 1, -1 ], [ 2, 0, 0, 1, 0, -1, 0, 0, -1, 0, -1 ]
                , [ 2, 0, 0, 0, -1, 1, 0, 0, 0, -1, -1 ], [ 2, 0, 0, 0, -1, -1, 0, 0, 0, 1, -1 ], 
              [ 2, 0, 0, 0, 1, -1, 0, 0, 0, -1, -1 ], [ 0, 1, 0, 0, 0, 0, 0, 0, 0, 0, 0 ], [ 1, -1, 0, 0, 0, 0, 0, 0, 0, 0, 0 ], 
              [ 0, 0, 0, 0, 0, 0, 1, 0, 0, 0, 0 ], [ 0, 0, 1, 0, 0, 0, 0, 0, 0, 0, 0 ], [ 1, 0, 0, 0, 0, 0, -1, 0, 0, 0, 0 ], 
              [ 1, 0, -1, 0, 0, 0, 0, 0, 0, 0, 0 ], [ 0, 0, 0, 0, 0, 0, 0, 1, 0, 0, 0 ], [ 0, 0, 0, 1, 0, 0, 0, 0, 0, 0, 0 ], 
              [ 1, 0, 0, 0, 0, 0, 0, -1, 0, 0, 0 ], [ 1, 0, 0, -1, 0, 0, 0, 0, 0, 0, 0 ], [ 0, 0, 0, 0, 0, 0, 0, 0, 1, 0, 0 ], 
              [ 0, 0, 0, 0, 1, 0, 0, 0, 0, 0, 0 ], [ 1, 0, 0, 0, 0, 0, 0, 0, -1, 0, 0 ], [ 1, 0, 0, 0, -1, 0, 0, 0, 0, 0, 0 ], 
              [ 0, 0, 0, 0, 0, 0, 0, 0, 0, 1, 0 ], [ 0, 0, 0, 0, 0, 1, 0, 0, 0, 0, 0 ], [ 1, 0, 0, 0, 0, 0, 0, 0, 0, -1, 0 ], 
              [ 1, 0, 0, 0, 0, -1, 0, 0, 0, 0, 0 ], [ 0, 0, 0, 0, 0, 0, 0, 0, 0, 0, 1 ], [ 1, 0, 0, 0, 0, 0, 0, 0, 0, 0, -1 ] ],
          GRP := Group( [ (  1,  2)(  3,  5)(  4,  7)(  6, 13)(  8, 12)(  9, 15)( 10, 16)( 11, 21)( 14, 25)( 17, 23)( 18, 24)
                ( 19, 28)( 20, 29)( 22, 34)( 26, 40)( 27, 39)( 30, 37)( 31, 38)( 32, 43)( 33, 44)( 35, 48)( 36, 49)( 41, 55)
                ( 42, 54)( 45, 52)( 46, 53)( 47, 58)( 50, 61)( 51, 62)( 56, 67)( 57, 66)( 59, 65)( 60, 69)( 63, 71)( 64, 72)
                ( 68, 75)( 70, 74)( 73, 77)( 76, 79)( 78, 80)( 81, 82)( 84, 86)( 88, 90)( 92, 94)( 96, 98), 
              (  1,  3)(  2,  5)(  4,  8)(  6, 11)(  7, 12)(  9, 17)( 13, 21)( 14, 22)( 15, 23)( 19, 30)( 25, 34)( 26, 35)
                ( 28, 37)( 40, 48)( 41, 50)( 55, 61)( 81, 82)( 83, 85), (  1,  3)(  2,  6)(  4,  8)(  5, 11)(  7, 14)(  9, 17)
                ( 10, 18)( 12, 22)( 13, 21)( 15, 26)( 16, 27)( 19, 30)( 20, 31)( 23, 35)( 24, 36)( 25, 34)( 28, 41)( 29, 42)
                ( 32, 45)( 33, 46)( 37, 50)( 38, 51)( 39, 49)( 40, 48)( 43, 56)( 44, 57)( 47, 59)( 52, 63)( 53, 64)( 54, 62)
                ( 55, 61)( 58, 68)( 60, 70)( 65, 73)( 66, 72)( 67, 71)( 69, 76)( 74, 78)( 75, 77)( 79, 80)( 81, 83)( 82, 85)
                ( 84, 87)( 86, 89)( 88, 91)( 90, 93)( 92, 95)( 94, 97)( 96, 99)( 98,100), (  9, 19)( 15, 28)( 17, 30)( 20, 32)
                ( 23, 37)( 26, 41)( 29, 43)( 31, 45)( 33, 47)( 35, 50)( 38, 52)( 40, 55)( 42, 56)( 44, 58)( 46, 59)( 48, 61)
                ( 51, 63)( 53, 65)( 54, 67)( 57, 68)( 60, 69)( 62, 71)( 64, 73)( 66, 75)( 70, 76)( 72, 77)( 74, 79)( 78, 80)
                ( 92, 96)( 94, 98)( 95, 99)( 97,100), (  4,  9)(  7, 15)(  8, 17)( 10, 20)( 12, 23)( 14, 26)( 16, 29)( 18, 31)
                ( 22, 35)( 24, 38)( 25, 40)( 27, 42)( 33, 44)( 34, 48)( 36, 51)( 39, 54)( 46, 57)( 47, 60)( 49, 62)( 53, 66)
                ( 58, 69)( 59, 70)( 64, 72)( 65, 74)( 68, 76)( 73, 78)( 75, 79)( 77, 80)( 88, 92)( 90, 94)( 91, 95)( 93, 97), 
              (  1,  4)(  2,  7)(  3,  8)(  5, 12)(  6, 14)( 10, 16)( 11, 22)( 13, 25)( 18, 27)( 20, 33)( 21, 34)( 24, 39)
                ( 29, 44)( 31, 46)( 32, 47)( 36, 49)( 38, 53)( 42, 57)( 43, 58)( 45, 59)( 51, 64)( 52, 65)( 54, 66)( 56, 68)
                ( 62, 72)( 63, 73)( 67, 75)( 71, 77)( 84, 88)( 86, 90)( 87, 91)( 89, 93), (  1,  2)(  3,  6)(  4, 10)(  5, 13)
                (  7, 16)(  8, 18)(  9, 20)( 11, 21)( 12, 24)( 14, 27)( 15, 29)( 17, 31)( 19, 32)( 22, 36)( 23, 38)( 25, 39)
                ( 26, 42)( 28, 43)( 30, 45)( 34, 49)( 35, 51)( 37, 52)( 40, 54)( 41, 56)( 48, 62)( 50, 63)( 55, 67)( 61, 71)
                ( 81, 84)( 82, 86)( 83, 87)( 85, 89) ] ) ) ) );
