return rec(
  EXT := [ [ 1, 0, 0, 0, 0, 0, 0, 0, 0, 0, 0, 0, 0 ], [ 1, 1, 1, 1, 0, 0, 0, 0, 0, 0, 0, 0, 0 ], 
      [ 1, 0, 1, 1, 1, 1, 0, 0, 0, 0, 0, 0, 0 ], [ 1, 0, 0, 1, 1, 1, 1, 1, 0, 0, 0, 0, 0 ], 
      [ 1, 0, 0, 0, 1, 1, 1, 1, 1, 1, 0, 0, 0 ], [ 1, 0, 0, 0, 0, 1, 1, 1, 0, 1, 1, 0, 0 ], 
      [ 1, 0, 0, 0, 0, 0, 0, 1, 0, 1, 1, 1, 0 ], [ 1, 0, 0, 0, 0, 0, 0, 0, 0, 0, 1, 1, 1 ], 
      [ 1, 0, 0, 0, 0, 1, 1, 0, 0, 0, 1, 0, 1 ], [ 1, 0, 0, 0, 1, 0, 0, 1, 1, 1, 0, 1, 0 ], 
      [ 1, 0, 0, 0, 1, 0, 0, 0, 1, 0, 0, 1, 1 ], [ 1, 0, 0, 0, 1, 1, 1, 0, 1, 0, 0, 0, 1 ], 
      [ 1, 0, 0, 1, 0, 1, 1, 1, 1, 0, 1, 0, 0 ], [ 1, 0, 0, 1, 0, 0, 0, 1, 1, 0, 1, 1, 0 ], 
      [ 1, 0, 0, 1, 0, 0, 0, 0, 1, 1, 1, 1, 1 ], [ 1, 0, 0, 1, 0, 1, 1, 0, 1, 1, 1, 0, 1 ], 
      [ 1, 0, 0, 1, 1, 0, 0, 1, 0, 0, 0, 1, 0 ], [ 1, 0, 0, 1, 1, 0, 0, 0, 0, 1, 0, 1, 1 ], 
      [ 1, 0, 0, 1, 1, 1, 1, 0, 0, 1, 0, 0, 1 ], [ 1, 0, 1, 0, 1, 1, 0, 0, 1, 1, 0, 0, 0 ], 
      [ 1, 0, 1, 0, 0, 1, 0, 0, 0, 1, 1, 0, 0 ], [ 1, 0, 1, 0, 0, 0, 1, 0, 0, 1, 1, 1, 0 ], 
      [ 1, 0, 1, 0, 0, 0, 1, 1, 0, 0, 1, 1, 1 ], [ 1, 0, 1, 0, 0, 1, 0, 1, 0, 0, 1, 0, 1 ], 
      [ 1, 0, 1, 0, 1, 0, 1, 0, 1, 1, 0, 1, 0 ], [ 1, 0, 1, 0, 1, 0, 1, 1, 1, 0, 0, 1, 1 ], 
      [ 1, 0, 1, 0, 1, 1, 0, 1, 1, 0, 0, 0, 1 ], [ 1, 0, 1, 1, 0, 1, 0, 0, 1, 0, 1, 0, 0 ], 
      [ 1, 0, 1, 1, 0, 0, 1, 0, 1, 0, 1, 1, 0 ], [ 1, 0, 1, 1, 0, 0, 1, 1, 1, 1, 1, 1, 1 ], 
      [ 1, 0, 1, 1, 0, 1, 0, 1, 1, 1, 1, 0, 1 ], [ 1, 0, 1, 1, 1, 0, 1, 0, 0, 0, 0, 1, 0 ], 
      [ 1, 0, 1, 1, 1, 0, 1, 1, 0, 1, 0, 1, 1 ], [ 1, 0, 1, 1, 1, 1, 0, 1, 0, 1, 0, 0, 1 ], 
      [ 1, 1, 0, 1, 0, 0, 1, 1, 0, 0, 0, 0, 0 ], [ 1, 1, 0, 0, 0, 0, 1, 1, 1, 1, 0, 0, 0 ], 
      [ 1, 1, 0, 0, 1, 0, 1, 1, 0, 1, 1, 0, 0 ], [ 1, 1, 0, 0, 1, 1, 0, 1, 0, 1, 1, 1, 0 ], 
      [ 1, 1, 0, 0, 1, 1, 0, 0, 0, 0, 1, 1, 1 ], [ 1, 1, 0, 0, 1, 0, 1, 0, 0, 0, 1, 0, 1 ], 
      [ 1, 1, 0, 0, 0, 1, 0, 1, 1, 1, 0, 1, 0 ], [ 1, 1, 0, 0, 0, 1, 0, 0, 1, 0, 0, 1, 1 ], 
      [ 1, 1, 0, 0, 0, 0, 1, 0, 1, 0, 0, 0, 1 ], [ 1, 1, 0, 1, 1, 0, 1, 1, 1, 0, 1, 0, 0 ], 
      [ 1, 1, 0, 1, 1, 1, 0, 1, 1, 0, 1, 1, 0 ], [ 1, 1, 0, 1, 1, 1, 0, 0, 1, 1, 1, 1, 1 ], 
      [ 1, 1, 0, 1, 1, 0, 1, 0, 1, 1, 1, 0, 1 ], [ 1, 1, 0, 1, 0, 1, 0, 1, 0, 0, 0, 1, 0 ], 
      [ 1, 1, 0, 1, 0, 1, 0, 0, 0, 1, 0, 1, 1 ], [ 1, 1, 0, 1, 0, 0, 1, 0, 0, 1, 0, 0, 1 ], 
      [ 1, 1, 1, 0, 0, 0, 0, 0, 1, 1, 0, 0, 0 ], [ 1, 1, 1, 0, 1, 0, 0, 0, 0, 1, 1, 0, 0 ], 
      [ 1, 1, 1, 0, 1, 1, 1, 0, 0, 1, 1, 1, 0 ], [ 1, 1, 1, 0, 1, 1, 1, 1, 0, 0, 1, 1, 1 ], 
      [ 1, 1, 1, 0, 1, 0, 0, 1, 0, 0, 1, 0, 1 ], [ 1, 1, 1, 0, 0, 1, 1, 0, 1, 1, 0, 1, 0 ], 
      [ 1, 1, 1, 0, 0, 1, 1, 1, 1, 0, 0, 1, 1 ], [ 1, 1, 1, 0, 0, 0, 0, 1, 1, 0, 0, 0, 1 ], 
      [ 1, 1, 1, 1, 1, 0, 0, 0, 1, 0, 1, 0, 0 ], [ 1, 1, 1, 1, 1, 1, 1, 0, 1, 0, 1, 1, 0 ], 
      [ 1, 1, 1, 1, 1, 1, 1, 1, 1, 1, 1, 1, 1 ], [ 1, 1, 1, 1, 1, 0, 0, 1, 1, 1, 1, 0, 1 ], 
      [ 1, 1, 1, 1, 0, 1, 1, 0, 0, 0, 0, 1, 0 ], [ 1, 1, 1, 1, 0, 1, 1, 1, 0, 1, 0, 1, 1 ], 
      [ 1, 1, 1, 1, 0, 0, 0, 1, 0, 1, 0, 0, 1 ], [ 1, 1, 0, 0, 1, 1, 0, 0, 0, 0, 0, 0, 0 ], 
      [ 1, 1, 1, 0, 1, 1, 1, 1, 0, 0, 0, 0, 0 ], [ 1, 1, 1, 1, 1, 1, 1, 1, 1, 1, 0, 0, 0 ], 
      [ 1, 1, 1, 1, 0, 1, 1, 1, 0, 1, 1, 0, 0 ], [ 1, 1, 1, 1, 0, 0, 0, 1, 0, 1, 1, 1, 0 ], 
      [ 1, 1, 1, 1, 0, 0, 0, 0, 0, 0, 1, 1, 1 ], [ 1, 1, 1, 1, 0, 1, 1, 0, 0, 0, 1, 0, 1 ], 
      [ 1, 1, 1, 1, 1, 0, 0, 1, 1, 1, 0, 1, 0 ], [ 1, 1, 1, 1, 1, 0, 0, 0, 1, 0, 0, 1, 1 ], 
      [ 1, 1, 1, 1, 1, 1, 1, 0, 1, 0, 0, 0, 1 ], [ 1, 1, 1, 0, 0, 1, 1, 1, 1, 0, 1, 0, 0 ], 
      [ 1, 1, 1, 0, 0, 0, 0, 1, 1, 0, 1, 1, 0 ], [ 1, 1, 1, 0, 0, 0, 0, 0, 1, 1, 1, 1, 1 ], 
      [ 1, 1, 1, 0, 0, 1, 1, 0, 1, 1, 1, 0, 1 ], [ 1, 1, 1, 0, 1, 0, 0, 1, 0, 0, 0, 1, 0 ], 
      [ 1, 1, 1, 0, 1, 0, 0, 0, 0, 1, 0, 1, 1 ], [ 1, 1, 1, 0, 1, 1, 1, 0, 0, 1, 0, 0, 1 ], 
      [ 1, 1, 0, 1, 1, 1, 0, 0, 1, 1, 0, 0, 0 ], [ 1, 1, 0, 1, 0, 1, 0, 0, 0, 1, 1, 0, 0 ], 
      [ 1, 1, 0, 1, 0, 0, 1, 0, 0, 1, 1, 1, 0 ], [ 1, 1, 0, 1, 0, 0, 1, 1, 0, 0, 1, 1, 1 ], 
      [ 1, 1, 0, 1, 0, 1, 0, 1, 0, 0, 1, 0, 1 ], [ 1, 1, 0, 1, 1, 0, 1, 0, 1, 1, 0, 1, 0 ], 
      [ 1, 1, 0, 1, 1, 0, 1, 1, 1, 0, 0, 1, 1 ], [ 1, 1, 0, 1, 1, 1, 0, 1, 1, 0, 0, 0, 1 ], 
      [ 1, 1, 0, 0, 0, 1, 0, 0, 1, 0, 1, 0, 0 ], [ 1, 1, 0, 0, 0, 0, 1, 0, 1, 0, 1, 1, 0 ], 
      [ 1, 1, 0, 0, 0, 0, 1, 1, 1, 1, 1, 1, 1 ], [ 1, 1, 0, 0, 0, 1, 0, 1, 1, 1, 1, 0, 1 ], 
      [ 1, 1, 0, 0, 1, 0, 1, 0, 0, 0, 0, 1, 0 ], [ 1, 1, 0, 0, 1, 0, 1, 1, 0, 1, 0, 1, 1 ], 
      [ 1, 1, 0, 0, 1, 1, 0, 1, 0, 1, 0, 0, 1 ], [ 1, 0, 1, 0, 0, 0, 1, 1, 0, 0, 0, 0, 0 ], 
      [ 1, 0, 1, 1, 0, 0, 1, 1, 1, 1, 0, 0, 0 ], [ 1, 0, 1, 1, 1, 0, 1, 1, 0, 1, 1, 0, 0 ], 
      [ 1, 0, 1, 1, 1, 1, 0, 1, 0, 1, 1, 1, 0 ], [ 1, 0, 1, 1, 1, 1, 0, 0, 0, 0, 1, 1, 1 ], 
      [ 1, 0, 1, 1, 1, 0, 1, 0, 0, 0, 1, 0, 1 ], [ 1, 0, 1, 1, 0, 1, 0, 1, 1, 1, 0, 1, 0 ], 
      [ 1, 0, 1, 1, 0, 1, 0, 0, 1, 0, 0, 1, 1 ], [ 1, 0, 1, 1, 0, 0, 1, 0, 1, 0, 0, 0, 1 ], 
      [ 1, 0, 1, 0, 1, 0, 1, 1, 1, 0, 1, 0, 0 ], [ 1, 0, 1, 0, 1, 1, 0, 1, 1, 0, 1, 1, 0 ], 
      [ 1, 0, 1, 0, 1, 1, 0, 0, 1, 1, 1, 1, 1 ], [ 1, 0, 1, 0, 1, 0, 1, 0, 1, 1, 1, 0, 1 ], 
      [ 1, 0, 1, 0, 0, 1, 0, 1, 0, 0, 0, 1, 0 ], [ 1, 0, 1, 0, 0, 1, 0, 0, 0, 1, 0, 1, 1 ], 
      [ 1, 0, 1, 0, 0, 0, 1, 0, 0, 1, 0, 0, 1 ], [ 1, 0, 0, 1, 0, 0, 0, 0, 1, 1, 0, 0, 0 ], 
      [ 1, 0, 0, 1, 1, 0, 0, 0, 0, 1, 1, 0, 0 ], [ 1, 0, 0, 1, 1, 1, 1, 0, 0, 1, 1, 1, 0 ], 
      [ 1, 0, 0, 1, 1, 1, 1, 1, 0, 0, 1, 1, 1 ], [ 1, 0, 0, 1, 1, 0, 0, 1, 0, 0, 1, 0, 1 ], 
      [ 1, 0, 0, 1, 0, 1, 1, 0, 1, 1, 0, 1, 0 ], [ 1, 0, 0, 1, 0, 1, 1, 1, 1, 0, 0, 1, 1 ], 
      [ 1, 0, 0, 1, 0, 0, 0, 1, 1, 0, 0, 0, 1 ], [ 1, 0, 0, 0, 1, 0, 0, 0, 1, 0, 1, 0, 0 ], 
      [ 1, 0, 0, 0, 1, 1, 1, 0, 1, 0, 1, 1, 0 ], [ 1, 0, 0, 0, 1, 1, 1, 1, 1, 1, 1, 1, 1 ], 
      [ 1, 0, 0, 0, 1, 0, 0, 1, 1, 1, 1, 0, 1 ], [ 1, 0, 0, 0, 0, 1, 1, 0, 0, 0, 0, 1, 0 ], 
      [ 1, 0, 0, 0, 0, 1, 1, 1, 0, 1, 0, 1, 1 ], [ 1, 0, 0, 0, 0, 0, 0, 1, 0, 1, 0, 0, 1 ] ],
  GRP := Group( [ (  3, 35)(  6, 12)(  7, 11)( 13, 19)( 14, 18)( 20, 36)( 21, 43)( 22, 42)( 23, 39)( 24, 40)( 25, 41)
        ( 26, 38)( 27, 37)( 28, 50)( 29, 49)( 30, 46)( 31, 47)( 32, 48)( 33, 45)( 34, 44)( 52, 58)( 53, 57)( 59, 65)
        ( 60, 64)( 66, 98)( 69, 75)( 70, 74)( 76, 82)( 77, 81)( 83, 99)( 84,106)( 85,105)( 86,102)( 87,103)( 88,104)
        ( 89,101)( 90,100)( 91,113)( 92,112)( 93,109)( 94,110)( 95,111)( 96,108)( 97,107)(115,121)(116,120)(122,128)
        (123,127), (  4, 20)(  6, 10)(  9, 11)( 13, 25)( 14, 22)( 15, 23)( 16, 26)( 17, 21)( 18, 24)( 19, 27)
        ( 28, 32)( 31, 33)( 35, 51)( 37, 41)( 40, 42)( 44, 56)( 45, 53)( 46, 54)( 47, 57)( 48, 52)( 49, 55)( 50, 58)
        ( 59, 63)( 62, 64)( 67, 83)( 69, 73)( 72, 74)( 76, 88)( 77, 85)( 78, 86)( 79, 89)( 80, 84)( 81, 87)( 82, 90)
        ( 91, 95)( 94, 96)( 98,114)(100,104)(103,105)(107,119)(108,116)(109,117)(110,120)(111,115)(112,118)(113,121)
        (122,126)(125,127), (  2,  8)(  3, 11, 51,  7, 35,  9)(  4, 12, 20, 10, 36,  6)( 13, 19, 27, 25, 41, 37)
        ( 14, 50, 24, 32, 42, 52)( 15, 65, 23, 63, 39, 59)( 16, 34, 26, 56, 38, 44)( 17, 43, 21)( 18, 58, 22, 48, 40,
         28)( 29, 49, 55)( 30, 64, 54, 60, 46, 62)( 31, 33, 57, 53, 45, 47)( 66,122,114,128, 98,126)( 67,123, 83,125,
         99,127)( 68,124)( 69,117, 75,109, 73, 93)( 70, 86, 72,102, 74, 78)( 76,116, 90,110,104, 96)( 77, 85, 87,103,
         105, 81)( 79,101, 89)( 80, 92, 84,118,106,112)( 82,108, 88, 94,100,120)( 91,115,121,113,111, 95)
        ( 97,107,119), (  2, 66,122,114)(  3, 91,115, 51)(  4, 92, 18, 58)(  5, 29, 49, 55)(  6, 22,112, 24)
        (  7,113,111,  9)(  8,128, 98,126)( 10,106, 48, 40)( 11,121, 35, 95)( 12, 14, 50, 80)( 13, 85, 81, 27)
        ( 15, 65, 67,123)( 16, 70, 82,108)( 17, 43)( 19, 77)( 20, 28, 84, 52)( 23,127)( 25,105, 87, 37)
        ( 26,120, 86, 96)( 30, 64, 54,124)( 31, 69, 53,109)( 32, 42,118, 36)( 33, 57,117, 93)( 34, 76,116, 78)
        ( 38,110,104, 72)( 39,125, 99, 63)( 41,103)( 44, 88, 74, 90)( 45, 47, 73, 75)( 46, 62, 68, 60)
        ( 56,102, 94,100)( 59, 83)( 71, 97,107,119)( 79,101), (  1,  2,  3, 28, 21, 84,115,114)(  4, 29,112, 87,100,
         119,  8, 65)(  5, 92, 81, 90,107, 56, 39, 62)(  6, 85, 18,121, 98, 63,102, 31)(  7, 50, 17,106,111, 72,101,
          16)(  9, 70, 19, 14,113, 48,103,104)( 10, 43, 80, 75,108, 79, 38, 47)( 11, 58, 67, 60,109, 94, 37, 88)
        ( 12, 77, 82, 45,110, 41, 40, 73)( 13, 22, 49,118, 99,126, 71, 34)( 15,128, 35, 32,105, 24, 69,116)
        ( 20, 91, 52, 83,122, 51, 66, 59)( 23, 64,117, 30,127, 86, 33,120)( 25, 42, 55, 68,123, 78, 97, 44)
        ( 26, 57, 54, 61,124, 93, 96, 89)( 27, 76, 53, 46,125, 36, 95, 74) ] ),
  LOrb := 
   [ [ 4, 5, 6, 7, 10, 13, 14, 15, 16, 17, 18, 19, 30, 31, 33, 34, 35, 36, 37, 38, 41, 44, 45, 46, 47, 48, 49, 50, 
          61, 62, 64, 65, 68, 69, 70, 73, 83, 84, 85, 86, 87, 88, 89, 90, 93, 94, 96, 97, 99, 100, 101, 104, 114, 
          115, 116, 117, 118, 119, 120, 121, 124, 125, 127, 128 ], 
      [ 1, 2, 3, 4, 5, 6, 9, 12, 13, 16, 19, 20, 21, 24, 27, 28, 31, 34, 35, 36, 37, 40, 43, 44, 47, 50, 51, 52, 55, 
          58, 59, 62, 65, 66, 67, 68, 69, 72, 75, 76, 79, 82, 83, 84, 87, 90, 91, 94, 97, 98, 99, 100, 103, 106, 
          107, 110, 113, 114, 115, 118, 121, 122, 125, 128 ], 
      [ 4, 5, 10, 17, 35, 36, 37, 38, 41, 44, 45, 48, 66, 67, 68, 73, 80, 83, 88, 89, 90, 95, 96, 97 ] ],
  eRec := rec(
      GRA := rec(
          adjacencies := [ [ 2, 3, 4 ], [ 1, 5, 6 ], [ 1, 6, 7 ], [ 1, 5, 7 ], [ 2, 4, 8 ], [ 2, 3, 8 ], 
              [ 3, 4, 8 ], [ 5, 6, 7 ] ],
          group := Group( [ () ] ),
          isGraph := true,
          order := 8,
          representatives := [ 1, 2, 3, 4, 5, 6, 7, 8 ],
          schreierVector := [ -1, -2, -3, -4, -5, -6, -7, -8 ] ),
      ListEdges := [ [ 1, 2 ], [ 1, 3 ], [ 1, 4 ], [ 2, 5 ], [ 2, 6 ], [ 3, 6 ], [ 3, 7 ], [ 4, 5 ], [ 4, 7 ], 
          [ 5, 8 ], [ 6, 8 ], [ 7, 8 ] ],
      ListSet := [ [  ], [ 1 ], [ 1, 2 ], [ 1, 2, 3 ], [ 1, 2, 3, 4 ], [ 1, 2, 3, 4, 5 ], [ 1, 2, 3, 4, 5, 6 ], 
          [ 1, 2, 3, 4, 5, 6, 7 ], [ 1, 2, 3, 4, 5, 7 ], [ 1, 2, 3, 4, 6 ], [ 1, 2, 3, 4, 6, 7 ], [ 1, 2, 3, 4, 7 ], 
          [ 1, 2, 3, 5 ], [ 1, 2, 3, 5, 6 ], [ 1, 2, 3, 5, 6, 7 ], [ 1, 2, 3, 5, 7 ], [ 1, 2, 3, 6 ], 
          [ 1, 2, 3, 6, 7 ], [ 1, 2, 3, 7 ], [ 1, 2, 4 ], [ 1, 2, 4, 5 ], [ 1, 2, 4, 5, 6 ], [ 1, 2, 4, 5, 6, 7 ], 
          [ 1, 2, 4, 5, 7 ], [ 1, 2, 4, 6 ], [ 1, 2, 4, 6, 7 ], [ 1, 2, 4, 7 ], [ 1, 2, 5 ], [ 1, 2, 5, 6 ], 
          [ 1, 2, 5, 6, 7 ], [ 1, 2, 5, 7 ], [ 1, 2, 6 ], [ 1, 2, 6, 7 ], [ 1, 2, 7 ], [ 1, 3 ], [ 1, 3, 4 ], 
          [ 1, 3, 4, 5 ], [ 1, 3, 4, 5, 6 ], [ 1, 3, 4, 5, 6, 7 ], [ 1, 3, 4, 5, 7 ], [ 1, 3, 4, 6 ], 
          [ 1, 3, 4, 6, 7 ], [ 1, 3, 4, 7 ], [ 1, 3, 5 ], [ 1, 3, 5, 6 ], [ 1, 3, 5, 6, 7 ], [ 1, 3, 5, 7 ], 
          [ 1, 3, 6 ], [ 1, 3, 6, 7 ], [ 1, 3, 7 ], [ 1, 4 ], [ 1, 4, 5 ], [ 1, 4, 5, 6 ], [ 1, 4, 5, 6, 7 ], 
          [ 1, 4, 5, 7 ], [ 1, 4, 6 ], [ 1, 4, 6, 7 ], [ 1, 4, 7 ], [ 1, 5 ], [ 1, 5, 6 ], [ 1, 5, 6, 7 ], 
          [ 1, 5, 7 ], [ 1, 6 ], [ 1, 6, 7 ], [ 1, 7 ], [ 2 ], [ 2, 3 ], [ 2, 3, 4 ], [ 2, 3, 4, 5 ], 
          [ 2, 3, 4, 5, 6 ], [ 2, 3, 4, 5, 6, 7 ], [ 2, 3, 4, 5, 7 ], [ 2, 3, 4, 6 ], [ 2, 3, 4, 6, 7 ], 
          [ 2, 3, 4, 7 ], [ 2, 3, 5 ], [ 2, 3, 5, 6 ], [ 2, 3, 5, 6, 7 ], [ 2, 3, 5, 7 ], [ 2, 3, 6 ], 
          [ 2, 3, 6, 7 ], [ 2, 3, 7 ], [ 2, 4 ], [ 2, 4, 5 ], [ 2, 4, 5, 6 ], [ 2, 4, 5, 6, 7 ], [ 2, 4, 5, 7 ], 
          [ 2, 4, 6 ], [ 2, 4, 6, 7 ], [ 2, 4, 7 ], [ 2, 5 ], [ 2, 5, 6 ], [ 2, 5, 6, 7 ], [ 2, 5, 7 ], [ 2, 6 ], 
          [ 2, 6, 7 ], [ 2, 7 ], [ 3 ], [ 3, 4 ], [ 3, 4, 5 ], [ 3, 4, 5, 6 ], [ 3, 4, 5, 6, 7 ], [ 3, 4, 5, 7 ], 
          [ 3, 4, 6 ], [ 3, 4, 6, 7 ], [ 3, 4, 7 ], [ 3, 5 ], [ 3, 5, 6 ], [ 3, 5, 6, 7 ], [ 3, 5, 7 ], [ 3, 6 ], 
          [ 3, 6, 7 ], [ 3, 7 ], [ 4 ], [ 4, 5 ], [ 4, 5, 6 ], [ 4, 5, 6, 7 ], [ 4, 5, 7 ], [ 4, 6 ], [ 4, 6, 7 ], 
          [ 4, 7 ], [ 5 ], [ 5, 6 ], [ 5, 6, 7 ], [ 5, 7 ], [ 6 ], [ 6, 7 ], [ 7 ] ],
      ListVect := [ [ 1, 0, 0, 0, 0, 0, 0, 0, 0, 0, 0, 0, 0 ], [ 1, 1, 1, 1, 0, 0, 0, 0, 0, 0, 0, 0, 0 ], 
          [ 1, 0, 1, 1, 1, 1, 0, 0, 0, 0, 0, 0, 0 ], [ 1, 0, 0, 1, 1, 1, 1, 1, 0, 0, 0, 0, 0 ], 
          [ 1, 0, 0, 0, 1, 1, 1, 1, 1, 1, 0, 0, 0 ], [ 1, 0, 0, 0, 0, 1, 1, 1, 0, 1, 1, 0, 0 ], 
          [ 1, 0, 0, 0, 0, 0, 0, 1, 0, 1, 1, 1, 0 ], [ 1, 0, 0, 0, 0, 0, 0, 0, 0, 0, 1, 1, 1 ], 
          [ 1, 0, 0, 0, 0, 1, 1, 0, 0, 0, 1, 0, 1 ], [ 1, 0, 0, 0, 1, 0, 0, 1, 1, 1, 0, 1, 0 ], 
          [ 1, 0, 0, 0, 1, 0, 0, 0, 1, 0, 0, 1, 1 ], [ 1, 0, 0, 0, 1, 1, 1, 0, 1, 0, 0, 0, 1 ], 
          [ 1, 0, 0, 1, 0, 1, 1, 1, 1, 0, 1, 0, 0 ], [ 1, 0, 0, 1, 0, 0, 0, 1, 1, 0, 1, 1, 0 ], 
          [ 1, 0, 0, 1, 0, 0, 0, 0, 1, 1, 1, 1, 1 ], [ 1, 0, 0, 1, 0, 1, 1, 0, 1, 1, 1, 0, 1 ], 
          [ 1, 0, 0, 1, 1, 0, 0, 1, 0, 0, 0, 1, 0 ], [ 1, 0, 0, 1, 1, 0, 0, 0, 0, 1, 0, 1, 1 ], 
          [ 1, 0, 0, 1, 1, 1, 1, 0, 0, 1, 0, 0, 1 ], [ 1, 0, 1, 0, 1, 1, 0, 0, 1, 1, 0, 0, 0 ], 
          [ 1, 0, 1, 0, 0, 1, 0, 0, 0, 1, 1, 0, 0 ], [ 1, 0, 1, 0, 0, 0, 1, 0, 0, 1, 1, 1, 0 ], 
          [ 1, 0, 1, 0, 0, 0, 1, 1, 0, 0, 1, 1, 1 ], [ 1, 0, 1, 0, 0, 1, 0, 1, 0, 0, 1, 0, 1 ], 
          [ 1, 0, 1, 0, 1, 0, 1, 0, 1, 1, 0, 1, 0 ], [ 1, 0, 1, 0, 1, 0, 1, 1, 1, 0, 0, 1, 1 ], 
          [ 1, 0, 1, 0, 1, 1, 0, 1, 1, 0, 0, 0, 1 ], [ 1, 0, 1, 1, 0, 1, 0, 0, 1, 0, 1, 0, 0 ], 
          [ 1, 0, 1, 1, 0, 0, 1, 0, 1, 0, 1, 1, 0 ], [ 1, 0, 1, 1, 0, 0, 1, 1, 1, 1, 1, 1, 1 ], 
          [ 1, 0, 1, 1, 0, 1, 0, 1, 1, 1, 1, 0, 1 ], [ 1, 0, 1, 1, 1, 0, 1, 0, 0, 0, 0, 1, 0 ], 
          [ 1, 0, 1, 1, 1, 0, 1, 1, 0, 1, 0, 1, 1 ], [ 1, 0, 1, 1, 1, 1, 0, 1, 0, 1, 0, 0, 1 ], 
          [ 1, 1, 0, 1, 0, 0, 1, 1, 0, 0, 0, 0, 0 ], [ 1, 1, 0, 0, 0, 0, 1, 1, 1, 1, 0, 0, 0 ], 
          [ 1, 1, 0, 0, 1, 0, 1, 1, 0, 1, 1, 0, 0 ], [ 1, 1, 0, 0, 1, 1, 0, 1, 0, 1, 1, 1, 0 ], 
          [ 1, 1, 0, 0, 1, 1, 0, 0, 0, 0, 1, 1, 1 ], [ 1, 1, 0, 0, 1, 0, 1, 0, 0, 0, 1, 0, 1 ], 
          [ 1, 1, 0, 0, 0, 1, 0, 1, 1, 1, 0, 1, 0 ], [ 1, 1, 0, 0, 0, 1, 0, 0, 1, 0, 0, 1, 1 ], 
          [ 1, 1, 0, 0, 0, 0, 1, 0, 1, 0, 0, 0, 1 ], [ 1, 1, 0, 1, 1, 0, 1, 1, 1, 0, 1, 0, 0 ], 
          [ 1, 1, 0, 1, 1, 1, 0, 1, 1, 0, 1, 1, 0 ], [ 1, 1, 0, 1, 1, 1, 0, 0, 1, 1, 1, 1, 1 ], 
          [ 1, 1, 0, 1, 1, 0, 1, 0, 1, 1, 1, 0, 1 ], [ 1, 1, 0, 1, 0, 1, 0, 1, 0, 0, 0, 1, 0 ], 
          [ 1, 1, 0, 1, 0, 1, 0, 0, 0, 1, 0, 1, 1 ], [ 1, 1, 0, 1, 0, 0, 1, 0, 0, 1, 0, 0, 1 ], 
          [ 1, 1, 1, 0, 0, 0, 0, 0, 1, 1, 0, 0, 0 ], [ 1, 1, 1, 0, 1, 0, 0, 0, 0, 1, 1, 0, 0 ], 
          [ 1, 1, 1, 0, 1, 1, 1, 0, 0, 1, 1, 1, 0 ], [ 1, 1, 1, 0, 1, 1, 1, 1, 0, 0, 1, 1, 1 ], 
          [ 1, 1, 1, 0, 1, 0, 0, 1, 0, 0, 1, 0, 1 ], [ 1, 1, 1, 0, 0, 1, 1, 0, 1, 1, 0, 1, 0 ], 
          [ 1, 1, 1, 0, 0, 1, 1, 1, 1, 0, 0, 1, 1 ], [ 1, 1, 1, 0, 0, 0, 0, 1, 1, 0, 0, 0, 1 ], 
          [ 1, 1, 1, 1, 1, 0, 0, 0, 1, 0, 1, 0, 0 ], [ 1, 1, 1, 1, 1, 1, 1, 0, 1, 0, 1, 1, 0 ], 
          [ 1, 1, 1, 1, 1, 1, 1, 1, 1, 1, 1, 1, 1 ], [ 1, 1, 1, 1, 1, 0, 0, 1, 1, 1, 1, 0, 1 ], 
          [ 1, 1, 1, 1, 0, 1, 1, 0, 0, 0, 0, 1, 0 ], [ 1, 1, 1, 1, 0, 1, 1, 1, 0, 1, 0, 1, 1 ], 
          [ 1, 1, 1, 1, 0, 0, 0, 1, 0, 1, 0, 0, 1 ], [ 1, 1, 0, 0, 1, 1, 0, 0, 0, 0, 0, 0, 0 ], 
          [ 1, 1, 1, 0, 1, 1, 1, 1, 0, 0, 0, 0, 0 ], [ 1, 1, 1, 1, 1, 1, 1, 1, 1, 1, 0, 0, 0 ], 
          [ 1, 1, 1, 1, 0, 1, 1, 1, 0, 1, 1, 0, 0 ], [ 1, 1, 1, 1, 0, 0, 0, 1, 0, 1, 1, 1, 0 ], 
          [ 1, 1, 1, 1, 0, 0, 0, 0, 0, 0, 1, 1, 1 ], [ 1, 1, 1, 1, 0, 1, 1, 0, 0, 0, 1, 0, 1 ], 
          [ 1, 1, 1, 1, 1, 0, 0, 1, 1, 1, 0, 1, 0 ], [ 1, 1, 1, 1, 1, 0, 0, 0, 1, 0, 0, 1, 1 ], 
          [ 1, 1, 1, 1, 1, 1, 1, 0, 1, 0, 0, 0, 1 ], [ 1, 1, 1, 0, 0, 1, 1, 1, 1, 0, 1, 0, 0 ], 
          [ 1, 1, 1, 0, 0, 0, 0, 1, 1, 0, 1, 1, 0 ], [ 1, 1, 1, 0, 0, 0, 0, 0, 1, 1, 1, 1, 1 ], 
          [ 1, 1, 1, 0, 0, 1, 1, 0, 1, 1, 1, 0, 1 ], [ 1, 1, 1, 0, 1, 0, 0, 1, 0, 0, 0, 1, 0 ], 
          [ 1, 1, 1, 0, 1, 0, 0, 0, 0, 1, 0, 1, 1 ], [ 1, 1, 1, 0, 1, 1, 1, 0, 0, 1, 0, 0, 1 ], 
          [ 1, 1, 0, 1, 1, 1, 0, 0, 1, 1, 0, 0, 0 ], [ 1, 1, 0, 1, 0, 1, 0, 0, 0, 1, 1, 0, 0 ], 
          [ 1, 1, 0, 1, 0, 0, 1, 0, 0, 1, 1, 1, 0 ], [ 1, 1, 0, 1, 0, 0, 1, 1, 0, 0, 1, 1, 1 ], 
          [ 1, 1, 0, 1, 0, 1, 0, 1, 0, 0, 1, 0, 1 ], [ 1, 1, 0, 1, 1, 0, 1, 0, 1, 1, 0, 1, 0 ], 
          [ 1, 1, 0, 1, 1, 0, 1, 1, 1, 0, 0, 1, 1 ], [ 1, 1, 0, 1, 1, 1, 0, 1, 1, 0, 0, 0, 1 ], 
          [ 1, 1, 0, 0, 0, 1, 0, 0, 1, 0, 1, 0, 0 ], [ 1, 1, 0, 0, 0, 0, 1, 0, 1, 0, 1, 1, 0 ], 
          [ 1, 1, 0, 0, 0, 0, 1, 1, 1, 1, 1, 1, 1 ], [ 1, 1, 0, 0, 0, 1, 0, 1, 1, 1, 1, 0, 1 ], 
          [ 1, 1, 0, 0, 1, 0, 1, 0, 0, 0, 0, 1, 0 ], [ 1, 1, 0, 0, 1, 0, 1, 1, 0, 1, 0, 1, 1 ], 
          [ 1, 1, 0, 0, 1, 1, 0, 1, 0, 1, 0, 0, 1 ], [ 1, 0, 1, 0, 0, 0, 1, 1, 0, 0, 0, 0, 0 ], 
          [ 1, 0, 1, 1, 0, 0, 1, 1, 1, 1, 0, 0, 0 ], [ 1, 0, 1, 1, 1, 0, 1, 1, 0, 1, 1, 0, 0 ], 
          [ 1, 0, 1, 1, 1, 1, 0, 1, 0, 1, 1, 1, 0 ], [ 1, 0, 1, 1, 1, 1, 0, 0, 0, 0, 1, 1, 1 ], 
          [ 1, 0, 1, 1, 1, 0, 1, 0, 0, 0, 1, 0, 1 ], [ 1, 0, 1, 1, 0, 1, 0, 1, 1, 1, 0, 1, 0 ], 
          [ 1, 0, 1, 1, 0, 1, 0, 0, 1, 0, 0, 1, 1 ], [ 1, 0, 1, 1, 0, 0, 1, 0, 1, 0, 0, 0, 1 ], 
          [ 1, 0, 1, 0, 1, 0, 1, 1, 1, 0, 1, 0, 0 ], [ 1, 0, 1, 0, 1, 1, 0, 1, 1, 0, 1, 1, 0 ], 
          [ 1, 0, 1, 0, 1, 1, 0, 0, 1, 1, 1, 1, 1 ], [ 1, 0, 1, 0, 1, 0, 1, 0, 1, 1, 1, 0, 1 ], 
          [ 1, 0, 1, 0, 0, 1, 0, 1, 0, 0, 0, 1, 0 ], [ 1, 0, 1, 0, 0, 1, 0, 0, 0, 1, 0, 1, 1 ], 
          [ 1, 0, 1, 0, 0, 0, 1, 0, 0, 1, 0, 0, 1 ], [ 1, 0, 0, 1, 0, 0, 0, 0, 1, 1, 0, 0, 0 ], 
          [ 1, 0, 0, 1, 1, 0, 0, 0, 0, 1, 1, 0, 0 ], [ 1, 0, 0, 1, 1, 1, 1, 0, 0, 1, 1, 1, 0 ], 
          [ 1, 0, 0, 1, 1, 1, 1, 1, 0, 0, 1, 1, 1 ], [ 1, 0, 0, 1, 1, 0, 0, 1, 0, 0, 1, 0, 1 ], 
          [ 1, 0, 0, 1, 0, 1, 1, 0, 1, 1, 0, 1, 0 ], [ 1, 0, 0, 1, 0, 1, 1, 1, 1, 0, 0, 1, 1 ], 
          [ 1, 0, 0, 1, 0, 0, 0, 1, 1, 0, 0, 0, 1 ], [ 1, 0, 0, 0, 1, 0, 0, 0, 1, 0, 1, 0, 0 ], 
          [ 1, 0, 0, 0, 1, 1, 1, 0, 1, 0, 1, 1, 0 ], [ 1, 0, 0, 0, 1, 1, 1, 1, 1, 1, 1, 1, 1 ], 
          [ 1, 0, 0, 0, 1, 0, 0, 1, 1, 1, 1, 0, 1 ], [ 1, 0, 0, 0, 0, 1, 1, 0, 0, 0, 0, 1, 0 ], 
          [ 1, 0, 0, 0, 0, 1, 1, 1, 0, 1, 0, 1, 1 ], [ 1, 0, 0, 0, 0, 0, 0, 1, 0, 1, 0, 0, 1 ] ] ) );
