return rec(
  EXT := [ [ 1, 0, 0, 0, 0, 0, 0, 0, 0, 0, 0, 0, 0 ], [ 1, 1, 1, 1, 0, 0, 0, 0, 0, 0, 0, 0, 0 ], 
      [ 1, 0, 1, 1, 1, 1, 0, 0, 0, 0, 0, 0, 0 ], [ 1, 0, 0, 1, 1, 1, 1, 1, 0, 0, 0, 0, 0 ], 
      [ 1, 0, 0, 1, 0, 1, 0, 1, 1, 0, 0, 0, 0 ], [ 1, 0, 0, 1, 0, 1, 0, 0, 1, 1, 1, 0, 0 ], 
      [ 1, 0, 0, 1, 0, 1, 0, 0, 0, 0, 1, 1, 0 ], [ 1, 0, 0, 1, 0, 0, 0, 0, 0, 0, 0, 1, 1 ], 
      [ 1, 0, 0, 1, 0, 0, 0, 0, 1, 1, 0, 0, 1 ], [ 1, 0, 0, 1, 0, 1, 0, 1, 0, 1, 0, 1, 0 ], 
      [ 1, 0, 0, 1, 0, 0, 0, 1, 0, 1, 1, 1, 1 ], [ 1, 0, 0, 1, 0, 0, 0, 1, 1, 0, 1, 0, 1 ], 
      [ 1, 0, 0, 1, 1, 1, 1, 0, 0, 1, 1, 0, 0 ], [ 1, 0, 0, 1, 1, 1, 1, 0, 1, 0, 1, 1, 0 ], 
      [ 1, 0, 0, 1, 1, 0, 1, 0, 1, 0, 0, 1, 1 ], [ 1, 0, 0, 1, 1, 0, 1, 0, 0, 1, 0, 0, 1 ], 
      [ 1, 0, 0, 1, 1, 1, 1, 1, 1, 1, 0, 1, 0 ], [ 1, 0, 0, 1, 1, 0, 1, 1, 1, 1, 1, 1, 1 ], 
      [ 1, 0, 0, 1, 1, 0, 1, 1, 0, 0, 1, 0, 1 ], [ 1, 0, 1, 1, 0, 1, 1, 0, 1, 0, 0, 0, 0 ], 
      [ 1, 0, 1, 1, 0, 1, 1, 1, 1, 1, 1, 0, 0 ], [ 1, 0, 1, 1, 0, 1, 1, 1, 0, 0, 1, 1, 0 ], 
      [ 1, 0, 1, 1, 0, 0, 1, 1, 0, 0, 0, 1, 1 ], [ 1, 0, 1, 1, 0, 0, 1, 1, 1, 1, 0, 0, 1 ], 
      [ 1, 0, 1, 1, 0, 1, 1, 0, 0, 1, 0, 1, 0 ], [ 1, 0, 1, 1, 0, 0, 1, 0, 0, 1, 1, 1, 1 ], 
      [ 1, 0, 1, 1, 0, 0, 1, 0, 1, 0, 1, 0, 1 ], [ 1, 0, 1, 1, 1, 1, 0, 1, 0, 1, 1, 0, 0 ], 
      [ 1, 0, 1, 1, 1, 1, 0, 1, 1, 0, 1, 1, 0 ], [ 1, 0, 1, 1, 1, 0, 0, 1, 1, 0, 0, 1, 1 ], 
      [ 1, 0, 1, 1, 1, 0, 0, 1, 0, 1, 0, 0, 1 ], [ 1, 0, 1, 1, 1, 1, 0, 0, 1, 1, 0, 1, 0 ], 
      [ 1, 0, 1, 1, 1, 0, 0, 0, 1, 1, 1, 1, 1 ], [ 1, 0, 1, 1, 1, 0, 0, 0, 0, 0, 1, 0, 1 ], 
      [ 1, 1, 0, 1, 0, 0, 1, 1, 0, 0, 0, 0, 0 ], [ 1, 1, 0, 1, 1, 0, 0, 1, 1, 0, 0, 0, 0 ], 
      [ 1, 1, 0, 1, 1, 0, 0, 0, 1, 1, 1, 0, 0 ], [ 1, 1, 0, 1, 1, 0, 0, 0, 0, 0, 1, 1, 0 ], 
      [ 1, 1, 0, 1, 1, 1, 0, 0, 0, 0, 0, 1, 1 ], [ 1, 1, 0, 1, 1, 1, 0, 0, 1, 1, 0, 0, 1 ], 
      [ 1, 1, 0, 1, 1, 0, 0, 1, 0, 1, 0, 1, 0 ], [ 1, 1, 0, 1, 1, 1, 0, 1, 0, 1, 1, 1, 1 ], 
      [ 1, 1, 0, 1, 1, 1, 0, 1, 1, 0, 1, 0, 1 ], [ 1, 1, 0, 1, 0, 0, 1, 0, 0, 1, 1, 0, 0 ], 
      [ 1, 1, 0, 1, 0, 0, 1, 0, 1, 0, 1, 1, 0 ], [ 1, 1, 0, 1, 0, 1, 1, 0, 1, 0, 0, 1, 1 ], 
      [ 1, 1, 0, 1, 0, 1, 1, 0, 0, 1, 0, 0, 1 ], [ 1, 1, 0, 1, 0, 0, 1, 1, 1, 1, 0, 1, 0 ], 
      [ 1, 1, 0, 1, 0, 1, 1, 1, 1, 1, 1, 1, 1 ], [ 1, 1, 0, 1, 0, 1, 1, 1, 0, 0, 1, 0, 1 ], 
      [ 1, 1, 1, 1, 1, 0, 1, 0, 1, 0, 0, 0, 0 ], [ 1, 1, 1, 1, 1, 0, 1, 1, 1, 1, 1, 0, 0 ], 
      [ 1, 1, 1, 1, 1, 0, 1, 1, 0, 0, 1, 1, 0 ], [ 1, 1, 1, 1, 1, 1, 1, 1, 0, 0, 0, 1, 1 ], 
      [ 1, 1, 1, 1, 1, 1, 1, 1, 1, 1, 0, 0, 1 ], [ 1, 1, 1, 1, 1, 0, 1, 0, 0, 1, 0, 1, 0 ], 
      [ 1, 1, 1, 1, 1, 1, 1, 0, 0, 1, 1, 1, 1 ], [ 1, 1, 1, 1, 1, 1, 1, 0, 1, 0, 1, 0, 1 ], 
      [ 1, 1, 1, 1, 0, 0, 0, 1, 0, 1, 1, 0, 0 ], [ 1, 1, 1, 1, 0, 0, 0, 1, 1, 0, 1, 1, 0 ], 
      [ 1, 1, 1, 1, 0, 1, 0, 1, 1, 0, 0, 1, 1 ], [ 1, 1, 1, 1, 0, 1, 0, 1, 0, 1, 0, 0, 1 ], 
      [ 1, 1, 1, 1, 0, 0, 0, 0, 1, 1, 0, 1, 0 ], [ 1, 1, 1, 1, 0, 1, 0, 0, 1, 1, 1, 1, 1 ], 
      [ 1, 1, 1, 1, 0, 1, 0, 0, 0, 0, 1, 0, 1 ], [ 1, 1, 0, 0, 1, 1, 0, 0, 0, 0, 0, 0, 0 ], 
      [ 1, 1, 1, 0, 1, 1, 1, 1, 0, 0, 0, 0, 0 ], [ 1, 1, 1, 0, 0, 1, 0, 1, 1, 0, 0, 0, 0 ], 
      [ 1, 1, 1, 0, 0, 1, 0, 0, 1, 1, 1, 0, 0 ], [ 1, 1, 1, 0, 0, 1, 0, 0, 0, 0, 1, 1, 0 ], 
      [ 1, 1, 1, 0, 0, 0, 0, 0, 0, 0, 0, 1, 1 ], [ 1, 1, 1, 0, 0, 0, 0, 0, 1, 1, 0, 0, 1 ], 
      [ 1, 1, 1, 0, 0, 1, 0, 1, 0, 1, 0, 1, 0 ], [ 1, 1, 1, 0, 0, 0, 0, 1, 0, 1, 1, 1, 1 ], 
      [ 1, 1, 1, 0, 0, 0, 0, 1, 1, 0, 1, 0, 1 ], [ 1, 1, 1, 0, 1, 1, 1, 0, 0, 1, 1, 0, 0 ], 
      [ 1, 1, 1, 0, 1, 1, 1, 0, 1, 0, 1, 1, 0 ], [ 1, 1, 1, 0, 1, 0, 1, 0, 1, 0, 0, 1, 1 ], 
      [ 1, 1, 1, 0, 1, 0, 1, 0, 0, 1, 0, 0, 1 ], [ 1, 1, 1, 0, 1, 1, 1, 1, 1, 1, 0, 1, 0 ], 
      [ 1, 1, 1, 0, 1, 0, 1, 1, 1, 1, 1, 1, 1 ], [ 1, 1, 1, 0, 1, 0, 1, 1, 0, 0, 1, 0, 1 ], 
      [ 1, 1, 0, 0, 0, 1, 1, 0, 1, 0, 0, 0, 0 ], [ 1, 1, 0, 0, 0, 1, 1, 1, 1, 1, 1, 0, 0 ], 
      [ 1, 1, 0, 0, 0, 1, 1, 1, 0, 0, 1, 1, 0 ], [ 1, 1, 0, 0, 0, 0, 1, 1, 0, 0, 0, 1, 1 ], 
      [ 1, 1, 0, 0, 0, 0, 1, 1, 1, 1, 0, 0, 1 ], [ 1, 1, 0, 0, 0, 1, 1, 0, 0, 1, 0, 1, 0 ], 
      [ 1, 1, 0, 0, 0, 0, 1, 0, 0, 1, 1, 1, 1 ], [ 1, 1, 0, 0, 0, 0, 1, 0, 1, 0, 1, 0, 1 ], 
      [ 1, 1, 0, 0, 1, 1, 0, 1, 0, 1, 1, 0, 0 ], [ 1, 1, 0, 0, 1, 1, 0, 1, 1, 0, 1, 1, 0 ], 
      [ 1, 1, 0, 0, 1, 0, 0, 1, 1, 0, 0, 1, 1 ], [ 1, 1, 0, 0, 1, 0, 0, 1, 0, 1, 0, 0, 1 ], 
      [ 1, 1, 0, 0, 1, 1, 0, 0, 1, 1, 0, 1, 0 ], [ 1, 1, 0, 0, 1, 0, 0, 0, 1, 1, 1, 1, 1 ], 
      [ 1, 1, 0, 0, 1, 0, 0, 0, 0, 0, 1, 0, 1 ], [ 1, 0, 1, 0, 0, 0, 1, 1, 0, 0, 0, 0, 0 ], 
      [ 1, 0, 1, 0, 1, 0, 0, 1, 1, 0, 0, 0, 0 ], [ 1, 0, 1, 0, 1, 0, 0, 0, 1, 1, 1, 0, 0 ], 
      [ 1, 0, 1, 0, 1, 0, 0, 0, 0, 0, 1, 1, 0 ], [ 1, 0, 1, 0, 1, 1, 0, 0, 0, 0, 0, 1, 1 ], 
      [ 1, 0, 1, 0, 1, 1, 0, 0, 1, 1, 0, 0, 1 ], [ 1, 0, 1, 0, 1, 0, 0, 1, 0, 1, 0, 1, 0 ], 
      [ 1, 0, 1, 0, 1, 1, 0, 1, 0, 1, 1, 1, 1 ], [ 1, 0, 1, 0, 1, 1, 0, 1, 1, 0, 1, 0, 1 ], 
      [ 1, 0, 1, 0, 0, 0, 1, 0, 0, 1, 1, 0, 0 ], [ 1, 0, 1, 0, 0, 0, 1, 0, 1, 0, 1, 1, 0 ], 
      [ 1, 0, 1, 0, 0, 1, 1, 0, 1, 0, 0, 1, 1 ], [ 1, 0, 1, 0, 0, 1, 1, 0, 0, 1, 0, 0, 1 ], 
      [ 1, 0, 1, 0, 0, 0, 1, 1, 1, 1, 0, 1, 0 ], [ 1, 0, 1, 0, 0, 1, 1, 1, 1, 1, 1, 1, 1 ], 
      [ 1, 0, 1, 0, 0, 1, 1, 1, 0, 0, 1, 0, 1 ], [ 1, 0, 0, 0, 1, 0, 1, 0, 1, 0, 0, 0, 0 ], 
      [ 1, 0, 0, 0, 1, 0, 1, 1, 1, 1, 1, 0, 0 ], [ 1, 0, 0, 0, 1, 0, 1, 1, 0, 0, 1, 1, 0 ], 
      [ 1, 0, 0, 0, 1, 1, 1, 1, 0, 0, 0, 1, 1 ], [ 1, 0, 0, 0, 1, 1, 1, 1, 1, 1, 0, 0, 1 ], 
      [ 1, 0, 0, 0, 1, 0, 1, 0, 0, 1, 0, 1, 0 ], [ 1, 0, 0, 0, 1, 1, 1, 0, 0, 1, 1, 1, 1 ], 
      [ 1, 0, 0, 0, 1, 1, 1, 0, 1, 0, 1, 0, 1 ], [ 1, 0, 0, 0, 0, 0, 0, 1, 0, 1, 1, 0, 0 ], 
      [ 1, 0, 0, 0, 0, 0, 0, 1, 1, 0, 1, 1, 0 ], [ 1, 0, 0, 0, 0, 1, 0, 1, 1, 0, 0, 1, 1 ], 
      [ 1, 0, 0, 0, 0, 1, 0, 1, 0, 1, 0, 0, 1 ], [ 1, 0, 0, 0, 0, 0, 0, 0, 1, 1, 0, 1, 0 ], 
      [ 1, 0, 0, 0, 0, 1, 0, 0, 1, 1, 1, 1, 1 ], [ 1, 0, 0, 0, 0, 1, 0, 0, 0, 0, 1, 0, 1 ] ],
  GRP := Group( [ (  4,102)(  5,101)(  6,100)(  7, 99)(  8, 98)(  9,107)( 10,104)( 11,111)( 12,108)( 13,103)( 14,106)
        ( 15,113)( 16,110)( 17,105)( 18,112)( 19,109)( 20, 34)( 21, 33)( 22, 30)( 24, 26)( 25, 31)( 28, 32)( 35, 71)
        ( 36, 70)( 37, 69)( 38, 68)( 39, 67)( 40, 76)( 41, 73)( 42, 80)( 43, 77)( 44, 72)( 45, 75)( 46, 82)( 47, 79)
        ( 48, 74)( 49, 81)( 50, 78)( 51, 65)( 52, 64)( 53, 61)( 55, 57)( 56, 62)( 59, 63)( 83, 97)( 84, 96)( 85, 93)
        ( 87, 89)( 88, 94)( 91, 95)(114,128)(115,127)(116,124)(118,120)(119,125)(122,126), 
      (  2,114)(  3, 99)(  4, 68)(  6, 12)(  7,123)(  8,126)( 10,124)( 11,127)( 13, 75)( 14, 60)( 15, 63)( 16, 72)
        ( 17, 61)( 18, 64)( 19, 69)( 20, 36)( 21, 43)( 22, 92)( 23, 95)( 24, 40)( 25, 93)( 26, 96)( 27, 37)( 28,106)
        ( 30, 32)( 31,103)( 34,100)( 35, 83)( 38,108)( 39,111)( 41,109)( 42,112)( 44, 90)( 46, 48)( 47, 87)( 50, 84)
        ( 52, 58)( 53, 77)( 54, 80)( 56, 78)( 57, 81)( 59,121)( 62,118)( 65,115)( 66, 98)( 70,116)( 71,119)( 73,117)
        ( 74,120)( 76, 82)( 86, 88)( 91,113)( 94,110)( 97,107)(102,104)(122,128), (  1,  2, 35, 44, 47, 16,  9,  8)
        (  3, 36, 45, 88, 79, 24, 11,128)(  4, 37, 46,119, 72, 23,122, 65)(  5, 38, 83, 56, 87, 26,125, 34)
        (  6, 39,114, 63, 86,107, 62, 19)(  7, 66, 51, 48, 89,110, 31, 12)( 10, 97, 20, 41, 90, 25, 94, 27)
        ( 13, 40, 15,126, 71, 98, 59, 50)( 14, 95, 78,111, 74,113, 28, 43)( 17, 96,109,104, 75, 22, 91, 58)
        ( 18,127,102, 99, 60, 85, 76, 55)( 21, 42,121, 32, 93,108, 73, 82)( 29, 92, 77, 80, 81,112,105,106)
        ( 30,123, 70, 67, 52, 49,120,103)( 33,124,101, 68, 53, 84, 57,118)( 54,115, 64,117,100, 61,116, 69) ] ),
  LOrb := 
   [ [ 38, 39, 41, 42, 53, 54, 56, 57, 66, 67, 70, 71, 73, 74, 76, 77, 78, 79, 80, 81, 82, 85, 86, 88, 89, 91, 92, 
          93, 94, 95, 96, 97, 101, 102, 104, 105, 116, 117, 119, 120 ], 
      [ 39, 40, 42, 43, 46, 47, 49, 50, 54, 55, 57, 58, 61, 62, 64, 65, 66, 67, 68, 69, 70, 71, 72, 73, 74, 75, 76, 
          77, 78, 79, 80, 81, 82, 83, 84, 85, 86, 87, 88, 89, 90, 91, 92, 93, 94, 95, 96, 97, 102, 103, 105, 106, 
          109, 110, 112, 113, 117, 118, 120, 121, 124, 125, 127, 128 ], 
      [ 1, 66, 67, 68, 69, 70, 71, 72, 73, 74, 75, 76, 77, 78, 79, 80, 81, 82, 83, 84, 85, 86, 87, 88, 89, 90, 91, 
          92, 93, 94, 95, 96, 97, 98, 99, 100, 101, 102, 103, 104, 105, 106, 107, 108, 109, 110, 111, 112, 113, 114, 
          115, 116, 117, 118, 119, 120, 121, 122, 123, 124, 125, 126, 127, 128 ], 
      [ 2, 35, 36, 37, 38, 39, 40, 41, 42, 43, 44, 45, 46, 47, 48, 49, 50, 51, 52, 53, 54, 55, 56, 57, 58, 59, 60, 
          61, 62, 63, 64, 65, 66, 67, 68, 69, 70, 71, 72, 73, 74, 75, 76, 77, 78, 79, 80, 81, 82, 83, 84, 85, 86, 
          87, 88, 89, 90, 91, 92, 93, 94, 95, 96, 97 ] ],
  eRec := rec(
      GRA := rec(
          adjacencies := [ [ 2, 3, 8 ], [ 1, 4, 7 ], [ 1, 4, 5 ], [ 2, 3, 6 ], [ 3, 6, 7 ], [ 4, 5, 8 ], 
              [ 2, 5, 8 ], [ 1, 6, 7 ] ],
          group := Group( [ () ] ),
          isGraph := true,
          order := 8,
          representatives := [ 1, 2, 3, 4, 5, 6, 7, 8 ],
          schreierVector := [ -1, -2, -3, -4, -5, -6, -7, -8 ] ),
      ListEdges := [ [ 1, 2 ], [ 1, 3 ], [ 1, 8 ], [ 2, 4 ], [ 2, 7 ], [ 3, 4 ], [ 3, 5 ], [ 4, 6 ], [ 5, 6 ], 
          [ 5, 7 ], [ 6, 8 ], [ 7, 8 ] ],
      ListSet := [ [  ], [ 1 ], [ 1, 2 ], [ 1, 2, 3 ], [ 1, 2, 3, 4 ], [ 1, 2, 3, 4, 5 ], [ 1, 2, 3, 4, 5, 6 ], 
          [ 1, 2, 3, 4, 5, 6, 7 ], [ 1, 2, 3, 4, 5, 7 ], [ 1, 2, 3, 4, 6 ], [ 1, 2, 3, 4, 6, 7 ], [ 1, 2, 3, 4, 7 ], 
          [ 1, 2, 3, 5 ], [ 1, 2, 3, 5, 6 ], [ 1, 2, 3, 5, 6, 7 ], [ 1, 2, 3, 5, 7 ], [ 1, 2, 3, 6 ], 
          [ 1, 2, 3, 6, 7 ], [ 1, 2, 3, 7 ], [ 1, 2, 4 ], [ 1, 2, 4, 5 ], [ 1, 2, 4, 5, 6 ], [ 1, 2, 4, 5, 6, 7 ], 
          [ 1, 2, 4, 5, 7 ], [ 1, 2, 4, 6 ], [ 1, 2, 4, 6, 7 ], [ 1, 2, 4, 7 ], [ 1, 2, 5 ], [ 1, 2, 5, 6 ], 
          [ 1, 2, 5, 6, 7 ], [ 1, 2, 5, 7 ], [ 1, 2, 6 ], [ 1, 2, 6, 7 ], [ 1, 2, 7 ], [ 1, 3 ], [ 1, 3, 4 ], 
          [ 1, 3, 4, 5 ], [ 1, 3, 4, 5, 6 ], [ 1, 3, 4, 5, 6, 7 ], [ 1, 3, 4, 5, 7 ], [ 1, 3, 4, 6 ], 
          [ 1, 3, 4, 6, 7 ], [ 1, 3, 4, 7 ], [ 1, 3, 5 ], [ 1, 3, 5, 6 ], [ 1, 3, 5, 6, 7 ], [ 1, 3, 5, 7 ], 
          [ 1, 3, 6 ], [ 1, 3, 6, 7 ], [ 1, 3, 7 ], [ 1, 4 ], [ 1, 4, 5 ], [ 1, 4, 5, 6 ], [ 1, 4, 5, 6, 7 ], 
          [ 1, 4, 5, 7 ], [ 1, 4, 6 ], [ 1, 4, 6, 7 ], [ 1, 4, 7 ], [ 1, 5 ], [ 1, 5, 6 ], [ 1, 5, 6, 7 ], 
          [ 1, 5, 7 ], [ 1, 6 ], [ 1, 6, 7 ], [ 1, 7 ], [ 2 ], [ 2, 3 ], [ 2, 3, 4 ], [ 2, 3, 4, 5 ], 
          [ 2, 3, 4, 5, 6 ], [ 2, 3, 4, 5, 6, 7 ], [ 2, 3, 4, 5, 7 ], [ 2, 3, 4, 6 ], [ 2, 3, 4, 6, 7 ], 
          [ 2, 3, 4, 7 ], [ 2, 3, 5 ], [ 2, 3, 5, 6 ], [ 2, 3, 5, 6, 7 ], [ 2, 3, 5, 7 ], [ 2, 3, 6 ], 
          [ 2, 3, 6, 7 ], [ 2, 3, 7 ], [ 2, 4 ], [ 2, 4, 5 ], [ 2, 4, 5, 6 ], [ 2, 4, 5, 6, 7 ], [ 2, 4, 5, 7 ], 
          [ 2, 4, 6 ], [ 2, 4, 6, 7 ], [ 2, 4, 7 ], [ 2, 5 ], [ 2, 5, 6 ], [ 2, 5, 6, 7 ], [ 2, 5, 7 ], [ 2, 6 ], 
          [ 2, 6, 7 ], [ 2, 7 ], [ 3 ], [ 3, 4 ], [ 3, 4, 5 ], [ 3, 4, 5, 6 ], [ 3, 4, 5, 6, 7 ], [ 3, 4, 5, 7 ], 
          [ 3, 4, 6 ], [ 3, 4, 6, 7 ], [ 3, 4, 7 ], [ 3, 5 ], [ 3, 5, 6 ], [ 3, 5, 6, 7 ], [ 3, 5, 7 ], [ 3, 6 ], 
          [ 3, 6, 7 ], [ 3, 7 ], [ 4 ], [ 4, 5 ], [ 4, 5, 6 ], [ 4, 5, 6, 7 ], [ 4, 5, 7 ], [ 4, 6 ], [ 4, 6, 7 ], 
          [ 4, 7 ], [ 5 ], [ 5, 6 ], [ 5, 6, 7 ], [ 5, 7 ], [ 6 ], [ 6, 7 ], [ 7 ] ],
      ListVect := [ [ 1, 0, 0, 0, 0, 0, 0, 0, 0, 0, 0, 0, 0 ], [ 1, 1, 1, 1, 0, 0, 0, 0, 0, 0, 0, 0, 0 ], 
          [ 1, 0, 1, 1, 1, 1, 0, 0, 0, 0, 0, 0, 0 ], [ 1, 0, 0, 1, 1, 1, 1, 1, 0, 0, 0, 0, 0 ], 
          [ 1, 0, 0, 1, 0, 1, 0, 1, 1, 0, 0, 0, 0 ], [ 1, 0, 0, 1, 0, 1, 0, 0, 1, 1, 1, 0, 0 ], 
          [ 1, 0, 0, 1, 0, 1, 0, 0, 0, 0, 1, 1, 0 ], [ 1, 0, 0, 1, 0, 0, 0, 0, 0, 0, 0, 1, 1 ], 
          [ 1, 0, 0, 1, 0, 0, 0, 0, 1, 1, 0, 0, 1 ], [ 1, 0, 0, 1, 0, 1, 0, 1, 0, 1, 0, 1, 0 ], 
          [ 1, 0, 0, 1, 0, 0, 0, 1, 0, 1, 1, 1, 1 ], [ 1, 0, 0, 1, 0, 0, 0, 1, 1, 0, 1, 0, 1 ], 
          [ 1, 0, 0, 1, 1, 1, 1, 0, 0, 1, 1, 0, 0 ], [ 1, 0, 0, 1, 1, 1, 1, 0, 1, 0, 1, 1, 0 ], 
          [ 1, 0, 0, 1, 1, 0, 1, 0, 1, 0, 0, 1, 1 ], [ 1, 0, 0, 1, 1, 0, 1, 0, 0, 1, 0, 0, 1 ], 
          [ 1, 0, 0, 1, 1, 1, 1, 1, 1, 1, 0, 1, 0 ], [ 1, 0, 0, 1, 1, 0, 1, 1, 1, 1, 1, 1, 1 ], 
          [ 1, 0, 0, 1, 1, 0, 1, 1, 0, 0, 1, 0, 1 ], [ 1, 0, 1, 1, 0, 1, 1, 0, 1, 0, 0, 0, 0 ], 
          [ 1, 0, 1, 1, 0, 1, 1, 1, 1, 1, 1, 0, 0 ], [ 1, 0, 1, 1, 0, 1, 1, 1, 0, 0, 1, 1, 0 ], 
          [ 1, 0, 1, 1, 0, 0, 1, 1, 0, 0, 0, 1, 1 ], [ 1, 0, 1, 1, 0, 0, 1, 1, 1, 1, 0, 0, 1 ], 
          [ 1, 0, 1, 1, 0, 1, 1, 0, 0, 1, 0, 1, 0 ], [ 1, 0, 1, 1, 0, 0, 1, 0, 0, 1, 1, 1, 1 ], 
          [ 1, 0, 1, 1, 0, 0, 1, 0, 1, 0, 1, 0, 1 ], [ 1, 0, 1, 1, 1, 1, 0, 1, 0, 1, 1, 0, 0 ], 
          [ 1, 0, 1, 1, 1, 1, 0, 1, 1, 0, 1, 1, 0 ], [ 1, 0, 1, 1, 1, 0, 0, 1, 1, 0, 0, 1, 1 ], 
          [ 1, 0, 1, 1, 1, 0, 0, 1, 0, 1, 0, 0, 1 ], [ 1, 0, 1, 1, 1, 1, 0, 0, 1, 1, 0, 1, 0 ], 
          [ 1, 0, 1, 1, 1, 0, 0, 0, 1, 1, 1, 1, 1 ], [ 1, 0, 1, 1, 1, 0, 0, 0, 0, 0, 1, 0, 1 ], 
          [ 1, 1, 0, 1, 0, 0, 1, 1, 0, 0, 0, 0, 0 ], [ 1, 1, 0, 1, 1, 0, 0, 1, 1, 0, 0, 0, 0 ], 
          [ 1, 1, 0, 1, 1, 0, 0, 0, 1, 1, 1, 0, 0 ], [ 1, 1, 0, 1, 1, 0, 0, 0, 0, 0, 1, 1, 0 ], 
          [ 1, 1, 0, 1, 1, 1, 0, 0, 0, 0, 0, 1, 1 ], [ 1, 1, 0, 1, 1, 1, 0, 0, 1, 1, 0, 0, 1 ], 
          [ 1, 1, 0, 1, 1, 0, 0, 1, 0, 1, 0, 1, 0 ], [ 1, 1, 0, 1, 1, 1, 0, 1, 0, 1, 1, 1, 1 ], 
          [ 1, 1, 0, 1, 1, 1, 0, 1, 1, 0, 1, 0, 1 ], [ 1, 1, 0, 1, 0, 0, 1, 0, 0, 1, 1, 0, 0 ], 
          [ 1, 1, 0, 1, 0, 0, 1, 0, 1, 0, 1, 1, 0 ], [ 1, 1, 0, 1, 0, 1, 1, 0, 1, 0, 0, 1, 1 ], 
          [ 1, 1, 0, 1, 0, 1, 1, 0, 0, 1, 0, 0, 1 ], [ 1, 1, 0, 1, 0, 0, 1, 1, 1, 1, 0, 1, 0 ], 
          [ 1, 1, 0, 1, 0, 1, 1, 1, 1, 1, 1, 1, 1 ], [ 1, 1, 0, 1, 0, 1, 1, 1, 0, 0, 1, 0, 1 ], 
          [ 1, 1, 1, 1, 1, 0, 1, 0, 1, 0, 0, 0, 0 ], [ 1, 1, 1, 1, 1, 0, 1, 1, 1, 1, 1, 0, 0 ], 
          [ 1, 1, 1, 1, 1, 0, 1, 1, 0, 0, 1, 1, 0 ], [ 1, 1, 1, 1, 1, 1, 1, 1, 0, 0, 0, 1, 1 ], 
          [ 1, 1, 1, 1, 1, 1, 1, 1, 1, 1, 0, 0, 1 ], [ 1, 1, 1, 1, 1, 0, 1, 0, 0, 1, 0, 1, 0 ], 
          [ 1, 1, 1, 1, 1, 1, 1, 0, 0, 1, 1, 1, 1 ], [ 1, 1, 1, 1, 1, 1, 1, 0, 1, 0, 1, 0, 1 ], 
          [ 1, 1, 1, 1, 0, 0, 0, 1, 0, 1, 1, 0, 0 ], [ 1, 1, 1, 1, 0, 0, 0, 1, 1, 0, 1, 1, 0 ], 
          [ 1, 1, 1, 1, 0, 1, 0, 1, 1, 0, 0, 1, 1 ], [ 1, 1, 1, 1, 0, 1, 0, 1, 0, 1, 0, 0, 1 ], 
          [ 1, 1, 1, 1, 0, 0, 0, 0, 1, 1, 0, 1, 0 ], [ 1, 1, 1, 1, 0, 1, 0, 0, 1, 1, 1, 1, 1 ], 
          [ 1, 1, 1, 1, 0, 1, 0, 0, 0, 0, 1, 0, 1 ], [ 1, 1, 0, 0, 1, 1, 0, 0, 0, 0, 0, 0, 0 ], 
          [ 1, 1, 1, 0, 1, 1, 1, 1, 0, 0, 0, 0, 0 ], [ 1, 1, 1, 0, 0, 1, 0, 1, 1, 0, 0, 0, 0 ], 
          [ 1, 1, 1, 0, 0, 1, 0, 0, 1, 1, 1, 0, 0 ], [ 1, 1, 1, 0, 0, 1, 0, 0, 0, 0, 1, 1, 0 ], 
          [ 1, 1, 1, 0, 0, 0, 0, 0, 0, 0, 0, 1, 1 ], [ 1, 1, 1, 0, 0, 0, 0, 0, 1, 1, 0, 0, 1 ], 
          [ 1, 1, 1, 0, 0, 1, 0, 1, 0, 1, 0, 1, 0 ], [ 1, 1, 1, 0, 0, 0, 0, 1, 0, 1, 1, 1, 1 ], 
          [ 1, 1, 1, 0, 0, 0, 0, 1, 1, 0, 1, 0, 1 ], [ 1, 1, 1, 0, 1, 1, 1, 0, 0, 1, 1, 0, 0 ], 
          [ 1, 1, 1, 0, 1, 1, 1, 0, 1, 0, 1, 1, 0 ], [ 1, 1, 1, 0, 1, 0, 1, 0, 1, 0, 0, 1, 1 ], 
          [ 1, 1, 1, 0, 1, 0, 1, 0, 0, 1, 0, 0, 1 ], [ 1, 1, 1, 0, 1, 1, 1, 1, 1, 1, 0, 1, 0 ], 
          [ 1, 1, 1, 0, 1, 0, 1, 1, 1, 1, 1, 1, 1 ], [ 1, 1, 1, 0, 1, 0, 1, 1, 0, 0, 1, 0, 1 ], 
          [ 1, 1, 0, 0, 0, 1, 1, 0, 1, 0, 0, 0, 0 ], [ 1, 1, 0, 0, 0, 1, 1, 1, 1, 1, 1, 0, 0 ], 
          [ 1, 1, 0, 0, 0, 1, 1, 1, 0, 0, 1, 1, 0 ], [ 1, 1, 0, 0, 0, 0, 1, 1, 0, 0, 0, 1, 1 ], 
          [ 1, 1, 0, 0, 0, 0, 1, 1, 1, 1, 0, 0, 1 ], [ 1, 1, 0, 0, 0, 1, 1, 0, 0, 1, 0, 1, 0 ], 
          [ 1, 1, 0, 0, 0, 0, 1, 0, 0, 1, 1, 1, 1 ], [ 1, 1, 0, 0, 0, 0, 1, 0, 1, 0, 1, 0, 1 ], 
          [ 1, 1, 0, 0, 1, 1, 0, 1, 0, 1, 1, 0, 0 ], [ 1, 1, 0, 0, 1, 1, 0, 1, 1, 0, 1, 1, 0 ], 
          [ 1, 1, 0, 0, 1, 0, 0, 1, 1, 0, 0, 1, 1 ], [ 1, 1, 0, 0, 1, 0, 0, 1, 0, 1, 0, 0, 1 ], 
          [ 1, 1, 0, 0, 1, 1, 0, 0, 1, 1, 0, 1, 0 ], [ 1, 1, 0, 0, 1, 0, 0, 0, 1, 1, 1, 1, 1 ], 
          [ 1, 1, 0, 0, 1, 0, 0, 0, 0, 0, 1, 0, 1 ], [ 1, 0, 1, 0, 0, 0, 1, 1, 0, 0, 0, 0, 0 ], 
          [ 1, 0, 1, 0, 1, 0, 0, 1, 1, 0, 0, 0, 0 ], [ 1, 0, 1, 0, 1, 0, 0, 0, 1, 1, 1, 0, 0 ], 
          [ 1, 0, 1, 0, 1, 0, 0, 0, 0, 0, 1, 1, 0 ], [ 1, 0, 1, 0, 1, 1, 0, 0, 0, 0, 0, 1, 1 ], 
          [ 1, 0, 1, 0, 1, 1, 0, 0, 1, 1, 0, 0, 1 ], [ 1, 0, 1, 0, 1, 0, 0, 1, 0, 1, 0, 1, 0 ], 
          [ 1, 0, 1, 0, 1, 1, 0, 1, 0, 1, 1, 1, 1 ], [ 1, 0, 1, 0, 1, 1, 0, 1, 1, 0, 1, 0, 1 ], 
          [ 1, 0, 1, 0, 0, 0, 1, 0, 0, 1, 1, 0, 0 ], [ 1, 0, 1, 0, 0, 0, 1, 0, 1, 0, 1, 1, 0 ], 
          [ 1, 0, 1, 0, 0, 1, 1, 0, 1, 0, 0, 1, 1 ], [ 1, 0, 1, 0, 0, 1, 1, 0, 0, 1, 0, 0, 1 ], 
          [ 1, 0, 1, 0, 0, 0, 1, 1, 1, 1, 0, 1, 0 ], [ 1, 0, 1, 0, 0, 1, 1, 1, 1, 1, 1, 1, 1 ], 
          [ 1, 0, 1, 0, 0, 1, 1, 1, 0, 0, 1, 0, 1 ], [ 1, 0, 0, 0, 1, 0, 1, 0, 1, 0, 0, 0, 0 ], 
          [ 1, 0, 0, 0, 1, 0, 1, 1, 1, 1, 1, 0, 0 ], [ 1, 0, 0, 0, 1, 0, 1, 1, 0, 0, 1, 1, 0 ], 
          [ 1, 0, 0, 0, 1, 1, 1, 1, 0, 0, 0, 1, 1 ], [ 1, 0, 0, 0, 1, 1, 1, 1, 1, 1, 0, 0, 1 ], 
          [ 1, 0, 0, 0, 1, 0, 1, 0, 0, 1, 0, 1, 0 ], [ 1, 0, 0, 0, 1, 1, 1, 0, 0, 1, 1, 1, 1 ], 
          [ 1, 0, 0, 0, 1, 1, 1, 0, 1, 0, 1, 0, 1 ], [ 1, 0, 0, 0, 0, 0, 0, 1, 0, 1, 1, 0, 0 ], 
          [ 1, 0, 0, 0, 0, 0, 0, 1, 1, 0, 1, 1, 0 ], [ 1, 0, 0, 0, 0, 1, 0, 1, 1, 0, 0, 1, 1 ], 
          [ 1, 0, 0, 0, 0, 1, 0, 1, 0, 1, 0, 0, 1 ], [ 1, 0, 0, 0, 0, 0, 0, 0, 1, 1, 0, 1, 0 ], 
          [ 1, 0, 0, 0, 0, 1, 0, 0, 1, 1, 1, 1, 1 ], [ 1, 0, 0, 0, 0, 1, 0, 0, 0, 0, 1, 0, 1 ] ] ) );
