return rec(
  EXT := [ [ 1, 0, 0, 0, 0, 0, 0, 0, 0, 0, 0, 0, 0, 0, 0, 0, 0, 0, 0, 0, 0, 0, 0, 0, 0 ], 
      [ 1, 1, 1, 1, 1, 1, 0, 0, 0, 0, 0, 0, 0, 0, 0, 0, 0, 0, 0, 0, 0, 0, 0, 0, 0 ], 
      [ 1, 0, 1, 1, 1, 1, 1, 1, 1, 1, 0, 0, 0, 0, 0, 0, 0, 0, 0, 0, 0, 0, 0, 0, 0 ], 
      [ 1, 0, 1, 1, 1, 1, 0, 1, 1, 1, 1, 1, 1, 1, 0, 0, 0, 0, 0, 0, 0, 0, 0, 0, 0 ], 
      [ 1, 0, 0, 1, 1, 1, 0, 1, 1, 1, 0, 1, 1, 1, 1, 1, 1, 0, 0, 0, 0, 0, 0, 0, 0 ], 
      [ 1, 0, 0, 0, 1, 1, 0, 0, 1, 1, 0, 1, 1, 1, 1, 1, 1, 1, 1, 1, 0, 0, 0, 0, 0 ], 
      [ 1, 0, 0, 0, 1, 1, 0, 0, 0, 1, 0, 0, 1, 1, 1, 1, 1, 0, 1, 1, 1, 1, 0, 0, 0 ], 
      [ 1, 0, 0, 0, 1, 1, 0, 0, 0, 1, 0, 0, 0, 1, 0, 1, 1, 0, 1, 1, 0, 1, 1, 1, 0 ], 
      [ 1, 0, 0, 0, 0, 1, 0, 0, 0, 1, 0, 0, 0, 1, 0, 0, 1, 0, 0, 1, 0, 1, 0, 1, 1 ], 
      [ 1, 0, 0, 0, 0, 1, 0, 0, 0, 1, 0, 0, 1, 1, 1, 0, 1, 0, 0, 1, 1, 1, 1, 0, 1 ], 
      [ 1, 0, 0, 0, 1, 1, 0, 0, 1, 1, 0, 1, 0, 1, 0, 1, 1, 1, 1, 1, 1, 0, 1, 1, 0 ], 
      [ 1, 0, 0, 0, 0, 1, 0, 0, 1, 1, 0, 1, 0, 1, 0, 0, 1, 1, 0, 1, 1, 0, 0, 1, 1 ], 
      [ 1, 0, 0, 0, 0, 1, 0, 0, 1, 1, 0, 1, 1, 1, 1, 0, 1, 1, 0, 1, 0, 0, 1, 0, 1 ], 
      [ 1, 0, 0, 1, 1, 1, 0, 1, 0, 1, 0, 0, 1, 1, 1, 1, 1, 1, 0, 0, 1, 1, 0, 0, 0 ], 
      [ 1, 0, 0, 1, 1, 1, 0, 1, 0, 1, 0, 0, 0, 1, 0, 1, 1, 1, 0, 0, 0, 1, 1, 1, 0 ], 
      [ 1, 0, 0, 1, 0, 1, 0, 1, 0, 1, 0, 0, 0, 1, 0, 0, 1, 1, 1, 0, 0, 1, 0, 1, 1 ], 
      [ 1, 0, 0, 1, 0, 1, 0, 1, 0, 1, 0, 0, 1, 1, 1, 0, 1, 1, 1, 0, 1, 1, 1, 0, 1 ], 
      [ 1, 0, 0, 1, 1, 1, 0, 1, 1, 1, 0, 1, 0, 1, 0, 1, 1, 0, 0, 0, 1, 0, 1, 1, 0 ], 
      [ 1, 0, 0, 1, 0, 1, 0, 1, 1, 1, 0, 1, 0, 1, 0, 0, 1, 0, 1, 0, 1, 0, 0, 1, 1 ], 
      [ 1, 0, 0, 1, 0, 1, 0, 1, 1, 1, 0, 1, 1, 1, 1, 0, 1, 0, 1, 0, 0, 0, 1, 0, 1 ], 
      [ 1, 0, 1, 0, 1, 1, 0, 0, 1, 1, 1, 1, 1, 1, 0, 0, 0, 1, 1, 1, 0, 0, 0, 0, 0 ], 
      [ 1, 0, 1, 0, 1, 1, 0, 0, 0, 1, 1, 0, 1, 1, 0, 0, 0, 0, 1, 1, 1, 1, 0, 0, 0 ], 
      [ 1, 0, 1, 0, 1, 1, 0, 0, 0, 1, 1, 0, 0, 1, 1, 0, 0, 0, 1, 1, 0, 1, 1, 1, 0 ], 
      [ 1, 0, 1, 0, 0, 1, 0, 0, 0, 1, 1, 0, 0, 1, 1, 1, 0, 0, 0, 1, 0, 1, 0, 1, 1 ], 
      [ 1, 0, 1, 0, 0, 1, 0, 0, 0, 1, 1, 0, 1, 1, 0, 1, 0, 0, 0, 1, 1, 1, 1, 0, 1 ], 
      [ 1, 0, 1, 0, 1, 1, 0, 0, 1, 1, 1, 1, 0, 1, 1, 0, 0, 1, 1, 1, 1, 0, 1, 1, 0 ], 
      [ 1, 0, 1, 0, 0, 1, 0, 0, 1, 1, 1, 1, 0, 1, 1, 1, 0, 1, 0, 1, 1, 0, 0, 1, 1 ], 
      [ 1, 0, 1, 0, 0, 1, 0, 0, 1, 1, 1, 1, 1, 1, 0, 1, 0, 1, 0, 1, 0, 0, 1, 0, 1 ], 
      [ 1, 0, 1, 1, 1, 1, 0, 1, 0, 1, 1, 0, 1, 1, 0, 0, 0, 1, 0, 0, 1, 1, 0, 0, 0 ], 
      [ 1, 0, 1, 1, 1, 1, 0, 1, 0, 1, 1, 0, 0, 1, 1, 0, 0, 1, 0, 0, 0, 1, 1, 1, 0 ], 
      [ 1, 0, 1, 1, 0, 1, 0, 1, 0, 1, 1, 0, 0, 1, 1, 1, 0, 1, 1, 0, 0, 1, 0, 1, 1 ], 
      [ 1, 0, 1, 1, 0, 1, 0, 1, 0, 1, 1, 0, 1, 1, 0, 1, 0, 1, 1, 0, 1, 1, 1, 0, 1 ], 
      [ 1, 0, 1, 1, 1, 1, 0, 1, 1, 1, 1, 1, 0, 1, 1, 0, 0, 0, 0, 0, 1, 0, 1, 1, 0 ], 
      [ 1, 0, 1, 1, 0, 1, 0, 1, 1, 1, 1, 1, 0, 1, 1, 1, 0, 0, 1, 0, 1, 0, 0, 1, 1 ], 
      [ 1, 0, 1, 1, 0, 1, 0, 1, 1, 1, 1, 1, 1, 1, 0, 1, 0, 0, 1, 0, 0, 0, 1, 0, 1 ], 
      [ 1, 0, 0, 1, 1, 1, 1, 1, 1, 1, 1, 0, 0, 0, 1, 1, 1, 0, 0, 0, 0, 0, 0, 0, 0 ], 
      [ 1, 0, 0, 0, 1, 1, 1, 0, 1, 1, 1, 0, 0, 0, 1, 1, 1, 1, 1, 1, 0, 0, 0, 0, 0 ], 
      [ 1, 0, 0, 0, 1, 1, 1, 0, 0, 1, 1, 1, 0, 0, 1, 1, 1, 0, 1, 1, 1, 1, 0, 0, 0 ], 
      [ 1, 0, 0, 0, 1, 1, 1, 0, 0, 1, 1, 1, 1, 0, 0, 1, 1, 0, 1, 1, 0, 1, 1, 1, 0 ], 
      [ 1, 0, 0, 0, 0, 1, 1, 0, 0, 1, 1, 1, 1, 0, 0, 0, 1, 0, 0, 1, 0, 1, 0, 1, 1 ], 
      [ 1, 0, 0, 0, 0, 1, 1, 0, 0, 1, 1, 1, 0, 0, 1, 0, 1, 0, 0, 1, 1, 1, 1, 0, 1 ], 
      [ 1, 0, 0, 0, 1, 1, 1, 0, 1, 1, 1, 0, 1, 0, 0, 1, 1, 1, 1, 1, 1, 0, 1, 1, 0 ], 
      [ 1, 0, 0, 0, 0, 1, 1, 0, 1, 1, 1, 0, 1, 0, 0, 0, 1, 1, 0, 1, 1, 0, 0, 1, 1 ], 
      [ 1, 0, 0, 0, 0, 1, 1, 0, 1, 1, 1, 0, 0, 0, 1, 0, 1, 1, 0, 1, 0, 0, 1, 0, 1 ], 
      [ 1, 0, 0, 1, 1, 1, 1, 1, 0, 1, 1, 1, 0, 0, 1, 1, 1, 1, 0, 0, 1, 1, 0, 0, 0 ], 
      [ 1, 0, 0, 1, 1, 1, 1, 1, 0, 1, 1, 1, 1, 0, 0, 1, 1, 1, 0, 0, 0, 1, 1, 1, 0 ], 
      [ 1, 0, 0, 1, 0, 1, 1, 1, 0, 1, 1, 1, 1, 0, 0, 0, 1, 1, 1, 0, 0, 1, 0, 1, 1 ], 
      [ 1, 0, 0, 1, 0, 1, 1, 1, 0, 1, 1, 1, 0, 0, 1, 0, 1, 1, 1, 0, 1, 1, 1, 0, 1 ], 
      [ 1, 0, 0, 1, 1, 1, 1, 1, 1, 1, 1, 0, 1, 0, 0, 1, 1, 0, 0, 0, 1, 0, 1, 1, 0 ], 
      [ 1, 0, 0, 1, 0, 1, 1, 1, 1, 1, 1, 0, 1, 0, 0, 0, 1, 0, 1, 0, 1, 0, 0, 1, 1 ], 
      [ 1, 0, 0, 1, 0, 1, 1, 1, 1, 1, 1, 0, 0, 0, 1, 0, 1, 0, 1, 0, 0, 0, 1, 0, 1 ], 
      [ 1, 0, 1, 0, 1, 1, 1, 0, 1, 1, 0, 0, 0, 0, 0, 0, 0, 1, 1, 1, 0, 0, 0, 0, 0 ], 
      [ 1, 0, 1, 0, 1, 1, 1, 0, 0, 1, 0, 1, 0, 0, 0, 0, 0, 0, 1, 1, 1, 1, 0, 0, 0 ], 
      [ 1, 0, 1, 0, 1, 1, 1, 0, 0, 1, 0, 1, 1, 0, 1, 0, 0, 0, 1, 1, 0, 1, 1, 1, 0 ], 
      [ 1, 0, 1, 0, 0, 1, 1, 0, 0, 1, 0, 1, 1, 0, 1, 1, 0, 0, 0, 1, 0, 1, 0, 1, 1 ], 
      [ 1, 0, 1, 0, 0, 1, 1, 0, 0, 1, 0, 1, 0, 0, 0, 1, 0, 0, 0, 1, 1, 1, 1, 0, 1 ], 
      [ 1, 0, 1, 0, 1, 1, 1, 0, 1, 1, 0, 0, 1, 0, 1, 0, 0, 1, 1, 1, 1, 0, 1, 1, 0 ], 
      [ 1, 0, 1, 0, 0, 1, 1, 0, 1, 1, 0, 0, 1, 0, 1, 1, 0, 1, 0, 1, 1, 0, 0, 1, 1 ], 
      [ 1, 0, 1, 0, 0, 1, 1, 0, 1, 1, 0, 0, 0, 0, 0, 1, 0, 1, 0, 1, 0, 0, 1, 0, 1 ], 
      [ 1, 0, 1, 1, 1, 1, 1, 1, 0, 1, 0, 1, 0, 0, 0, 0, 0, 1, 0, 0, 1, 1, 0, 0, 0 ], 
      [ 1, 0, 1, 1, 1, 1, 1, 1, 0, 1, 0, 1, 1, 0, 1, 0, 0, 1, 0, 0, 0, 1, 1, 1, 0 ], 
      [ 1, 0, 1, 1, 0, 1, 1, 1, 0, 1, 0, 1, 1, 0, 1, 1, 0, 1, 1, 0, 0, 1, 0, 1, 1 ], 
      [ 1, 0, 1, 1, 0, 1, 1, 1, 0, 1, 0, 1, 0, 0, 0, 1, 0, 1, 1, 0, 1, 1, 1, 0, 1 ], 
      [ 1, 0, 1, 1, 1, 1, 1, 1, 1, 1, 0, 0, 1, 0, 1, 0, 0, 0, 0, 0, 1, 0, 1, 1, 0 ], 
      [ 1, 0, 1, 1, 0, 1, 1, 1, 1, 1, 0, 0, 1, 0, 1, 1, 0, 0, 1, 0, 1, 0, 0, 1, 1 ], 
      [ 1, 0, 1, 1, 0, 1, 1, 1, 1, 1, 0, 0, 0, 0, 0, 1, 0, 0, 1, 0, 0, 0, 1, 0, 1 ], 
      [ 1, 1, 1, 1, 1, 1, 1, 0, 0, 0, 1, 1, 1, 1, 0, 0, 0, 0, 0, 0, 0, 0, 0, 0, 0 ], 
      [ 1, 1, 0, 1, 1, 1, 1, 0, 0, 0, 0, 1, 1, 1, 1, 1, 1, 0, 0, 0, 0, 0, 0, 0, 0 ], 
      [ 1, 1, 0, 0, 1, 1, 1, 1, 0, 0, 0, 1, 1, 1, 1, 1, 1, 1, 1, 1, 0, 0, 0, 0, 0 ], 
      [ 1, 1, 0, 0, 1, 1, 1, 1, 1, 0, 0, 0, 1, 1, 1, 1, 1, 0, 1, 1, 1, 1, 0, 0, 0 ], 
      [ 1, 1, 0, 0, 1, 1, 1, 1, 1, 0, 0, 0, 0, 1, 0, 1, 1, 0, 1, 1, 0, 1, 1, 1, 0 ], 
      [ 1, 1, 0, 0, 0, 1, 1, 1, 1, 0, 0, 0, 0, 1, 0, 0, 1, 0, 0, 1, 0, 1, 0, 1, 1 ], 
      [ 1, 1, 0, 0, 0, 1, 1, 1, 1, 0, 0, 0, 1, 1, 1, 0, 1, 0, 0, 1, 1, 1, 1, 0, 1 ], 
      [ 1, 1, 0, 0, 1, 1, 1, 1, 0, 0, 0, 1, 0, 1, 0, 1, 1, 1, 1, 1, 1, 0, 1, 1, 0 ], 
      [ 1, 1, 0, 0, 0, 1, 1, 1, 0, 0, 0, 1, 0, 1, 0, 0, 1, 1, 0, 1, 1, 0, 0, 1, 1 ], 
      [ 1, 1, 0, 0, 0, 1, 1, 1, 0, 0, 0, 1, 1, 1, 1, 0, 1, 1, 0, 1, 0, 0, 1, 0, 1 ], 
      [ 1, 1, 0, 1, 1, 1, 1, 0, 1, 0, 0, 0, 1, 1, 1, 1, 1, 1, 0, 0, 1, 1, 0, 0, 0 ], 
      [ 1, 1, 0, 1, 1, 1, 1, 0, 1, 0, 0, 0, 0, 1, 0, 1, 1, 1, 0, 0, 0, 1, 1, 1, 0 ], 
      [ 1, 1, 0, 1, 0, 1, 1, 0, 1, 0, 0, 0, 0, 1, 0, 0, 1, 1, 1, 0, 0, 1, 0, 1, 1 ], 
      [ 1, 1, 0, 1, 0, 1, 1, 0, 1, 0, 0, 0, 1, 1, 1, 0, 1, 1, 1, 0, 1, 1, 1, 0, 1 ], 
      [ 1, 1, 0, 1, 1, 1, 1, 0, 0, 0, 0, 1, 0, 1, 0, 1, 1, 0, 0, 0, 1, 0, 1, 1, 0 ], 
      [ 1, 1, 0, 1, 0, 1, 1, 0, 0, 0, 0, 1, 0, 1, 0, 0, 1, 0, 1, 0, 1, 0, 0, 1, 1 ], 
      [ 1, 1, 0, 1, 0, 1, 1, 0, 0, 0, 0, 1, 1, 1, 1, 0, 1, 0, 1, 0, 0, 0, 1, 0, 1 ], 
      [ 1, 1, 1, 0, 1, 1, 1, 1, 0, 0, 1, 1, 1, 1, 0, 0, 0, 1, 1, 1, 0, 0, 0, 0, 0 ], 
      [ 1, 1, 1, 0, 1, 1, 1, 1, 1, 0, 1, 0, 1, 1, 0, 0, 0, 0, 1, 1, 1, 1, 0, 0, 0 ], 
      [ 1, 1, 1, 0, 1, 1, 1, 1, 1, 0, 1, 0, 0, 1, 1, 0, 0, 0, 1, 1, 0, 1, 1, 1, 0 ], 
      [ 1, 1, 1, 0, 0, 1, 1, 1, 1, 0, 1, 0, 0, 1, 1, 1, 0, 0, 0, 1, 0, 1, 0, 1, 1 ], 
      [ 1, 1, 1, 0, 0, 1, 1, 1, 1, 0, 1, 0, 1, 1, 0, 1, 0, 0, 0, 1, 1, 1, 1, 0, 1 ], 
      [ 1, 1, 1, 0, 1, 1, 1, 1, 0, 0, 1, 1, 0, 1, 1, 0, 0, 1, 1, 1, 1, 0, 1, 1, 0 ], 
      [ 1, 1, 1, 0, 0, 1, 1, 1, 0, 0, 1, 1, 0, 1, 1, 1, 0, 1, 0, 1, 1, 0, 0, 1, 1 ], 
      [ 1, 1, 1, 0, 0, 1, 1, 1, 0, 0, 1, 1, 1, 1, 0, 1, 0, 1, 0, 1, 0, 0, 1, 0, 1 ], 
      [ 1, 1, 1, 1, 1, 1, 1, 0, 1, 0, 1, 0, 1, 1, 0, 0, 0, 1, 0, 0, 1, 1, 0, 0, 0 ], 
      [ 1, 1, 1, 1, 1, 1, 1, 0, 1, 0, 1, 0, 0, 1, 1, 0, 0, 1, 0, 0, 0, 1, 1, 1, 0 ], 
      [ 1, 1, 1, 1, 0, 1, 1, 0, 1, 0, 1, 0, 0, 1, 1, 1, 0, 1, 1, 0, 0, 1, 0, 1, 1 ], 
      [ 1, 1, 1, 1, 0, 1, 1, 0, 1, 0, 1, 0, 1, 1, 0, 1, 0, 1, 1, 0, 1, 1, 1, 0, 1 ], 
      [ 1, 1, 1, 1, 1, 1, 1, 0, 0, 0, 1, 1, 0, 1, 1, 0, 0, 0, 0, 0, 1, 0, 1, 1, 0 ], 
      [ 1, 1, 1, 1, 0, 1, 1, 0, 0, 0, 1, 1, 0, 1, 1, 1, 0, 0, 1, 0, 1, 0, 0, 1, 1 ], 
      [ 1, 1, 1, 1, 0, 1, 1, 0, 0, 0, 1, 1, 1, 1, 0, 1, 0, 0, 1, 0, 0, 0, 1, 0, 1 ], 
      [ 1, 1, 0, 1, 1, 1, 0, 0, 0, 0, 1, 0, 0, 0, 1, 1, 1, 0, 0, 0, 0, 0, 0, 0, 0 ], 
      [ 1, 1, 0, 0, 1, 1, 0, 1, 0, 0, 1, 0, 0, 0, 1, 1, 1, 1, 1, 1, 0, 0, 0, 0, 0 ], 
      [ 1, 1, 0, 0, 1, 1, 0, 1, 1, 0, 1, 1, 0, 0, 1, 1, 1, 0, 1, 1, 1, 1, 0, 0, 0 ], 
      [ 1, 1, 0, 0, 1, 1, 0, 1, 1, 0, 1, 1, 1, 0, 0, 1, 1, 0, 1, 1, 0, 1, 1, 1, 0 ], 
      [ 1, 1, 0, 0, 0, 1, 0, 1, 1, 0, 1, 1, 1, 0, 0, 0, 1, 0, 0, 1, 0, 1, 0, 1, 1 ], 
      [ 1, 1, 0, 0, 0, 1, 0, 1, 1, 0, 1, 1, 0, 0, 1, 0, 1, 0, 0, 1, 1, 1, 1, 0, 1 ], 
      [ 1, 1, 0, 0, 1, 1, 0, 1, 0, 0, 1, 0, 1, 0, 0, 1, 1, 1, 1, 1, 1, 0, 1, 1, 0 ], 
      [ 1, 1, 0, 0, 0, 1, 0, 1, 0, 0, 1, 0, 1, 0, 0, 0, 1, 1, 0, 1, 1, 0, 0, 1, 1 ], 
      [ 1, 1, 0, 0, 0, 1, 0, 1, 0, 0, 1, 0, 0, 0, 1, 0, 1, 1, 0, 1, 0, 0, 1, 0, 1 ], 
      [ 1, 1, 0, 1, 1, 1, 0, 0, 1, 0, 1, 1, 0, 0, 1, 1, 1, 1, 0, 0, 1, 1, 0, 0, 0 ], 
      [ 1, 1, 0, 1, 1, 1, 0, 0, 1, 0, 1, 1, 1, 0, 0, 1, 1, 1, 0, 0, 0, 1, 1, 1, 0 ], 
      [ 1, 1, 0, 1, 0, 1, 0, 0, 1, 0, 1, 1, 1, 0, 0, 0, 1, 1, 1, 0, 0, 1, 0, 1, 1 ], 
      [ 1, 1, 0, 1, 0, 1, 0, 0, 1, 0, 1, 1, 0, 0, 1, 0, 1, 1, 1, 0, 1, 1, 1, 0, 1 ], 
      [ 1, 1, 0, 1, 1, 1, 0, 0, 0, 0, 1, 0, 1, 0, 0, 1, 1, 0, 0, 0, 1, 0, 1, 1, 0 ], 
      [ 1, 1, 0, 1, 0, 1, 0, 0, 0, 0, 1, 0, 1, 0, 0, 0, 1, 0, 1, 0, 1, 0, 0, 1, 1 ], 
      [ 1, 1, 0, 1, 0, 1, 0, 0, 0, 0, 1, 0, 0, 0, 1, 0, 1, 0, 1, 0, 0, 0, 1, 0, 1 ], 
      [ 1, 1, 1, 0, 1, 1, 0, 1, 0, 0, 0, 0, 0, 0, 0, 0, 0, 1, 1, 1, 0, 0, 0, 0, 0 ], 
      [ 1, 1, 1, 0, 1, 1, 0, 1, 1, 0, 0, 1, 0, 0, 0, 0, 0, 0, 1, 1, 1, 1, 0, 0, 0 ], 
      [ 1, 1, 1, 0, 1, 1, 0, 1, 1, 0, 0, 1, 1, 0, 1, 0, 0, 0, 1, 1, 0, 1, 1, 1, 0 ], 
      [ 1, 1, 1, 0, 0, 1, 0, 1, 1, 0, 0, 1, 1, 0, 1, 1, 0, 0, 0, 1, 0, 1, 0, 1, 1 ], 
      [ 1, 1, 1, 0, 0, 1, 0, 1, 1, 0, 0, 1, 0, 0, 0, 1, 0, 0, 0, 1, 1, 1, 1, 0, 1 ], 
      [ 1, 1, 1, 0, 1, 1, 0, 1, 0, 0, 0, 0, 1, 0, 1, 0, 0, 1, 1, 1, 1, 0, 1, 1, 0 ], 
      [ 1, 1, 1, 0, 0, 1, 0, 1, 0, 0, 0, 0, 1, 0, 1, 1, 0, 1, 0, 1, 1, 0, 0, 1, 1 ], 
      [ 1, 1, 1, 0, 0, 1, 0, 1, 0, 0, 0, 0, 0, 0, 0, 1, 0, 1, 0, 1, 0, 0, 1, 0, 1 ], 
      [ 1, 1, 1, 1, 1, 1, 0, 0, 1, 0, 0, 1, 0, 0, 0, 0, 0, 1, 0, 0, 1, 1, 0, 0, 0 ], 
      [ 1, 1, 1, 1, 1, 1, 0, 0, 1, 0, 0, 1, 1, 0, 1, 0, 0, 1, 0, 0, 0, 1, 1, 1, 0 ], 
      [ 1, 1, 1, 1, 0, 1, 0, 0, 1, 0, 0, 1, 1, 0, 1, 1, 0, 1, 1, 0, 0, 1, 0, 1, 1 ], 
      [ 1, 1, 1, 1, 0, 1, 0, 0, 1, 0, 0, 1, 0, 0, 0, 1, 0, 1, 1, 0, 1, 1, 1, 0, 1 ], 
      [ 1, 1, 1, 1, 1, 1, 0, 0, 0, 0, 0, 0, 1, 0, 1, 0, 0, 0, 0, 0, 1, 0, 1, 1, 0 ], 
      [ 1, 1, 1, 1, 0, 1, 0, 0, 0, 0, 0, 0, 1, 0, 1, 1, 0, 0, 1, 0, 1, 0, 0, 1, 1 ], 
      [ 1, 1, 1, 1, 0, 1, 0, 0, 0, 0, 0, 0, 0, 0, 0, 1, 0, 0, 1, 0, 0, 0, 1, 0, 1 ], 
      [ 1, 1, 0, 0, 0, 0, 1, 1, 1, 1, 0, 0, 0, 0, 0, 0, 0, 0, 0, 0, 0, 0, 0, 0, 0 ], 
      [ 1, 1, 0, 0, 0, 0, 0, 1, 1, 1, 1, 1, 1, 1, 0, 0, 0, 0, 0, 0, 0, 0, 0, 0, 0 ], 
      [ 1, 1, 1, 0, 0, 0, 0, 1, 1, 1, 0, 1, 1, 1, 1, 1, 1, 0, 0, 0, 0, 0, 0, 0, 0 ], 
      [ 1, 1, 1, 1, 0, 0, 0, 0, 1, 1, 0, 1, 1, 1, 1, 1, 1, 1, 1, 1, 0, 0, 0, 0, 0 ], 
      [ 1, 1, 1, 1, 0, 0, 0, 0, 0, 1, 0, 0, 1, 1, 1, 1, 1, 0, 1, 1, 1, 1, 0, 0, 0 ], 
      [ 1, 1, 1, 1, 0, 0, 0, 0, 0, 1, 0, 0, 0, 1, 0, 1, 1, 0, 1, 1, 0, 1, 1, 1, 0 ], 
      [ 1, 1, 1, 1, 1, 0, 0, 0, 0, 1, 0, 0, 0, 1, 0, 0, 1, 0, 0, 1, 0, 1, 0, 1, 1 ], 
      [ 1, 1, 1, 1, 1, 0, 0, 0, 0, 1, 0, 0, 1, 1, 1, 0, 1, 0, 0, 1, 1, 1, 1, 0, 1 ], 
      [ 1, 1, 1, 1, 0, 0, 0, 0, 1, 1, 0, 1, 0, 1, 0, 1, 1, 1, 1, 1, 1, 0, 1, 1, 0 ], 
      [ 1, 1, 1, 1, 1, 0, 0, 0, 1, 1, 0, 1, 0, 1, 0, 0, 1, 1, 0, 1, 1, 0, 0, 1, 1 ], 
      [ 1, 1, 1, 1, 1, 0, 0, 0, 1, 1, 0, 1, 1, 1, 1, 0, 1, 1, 0, 1, 0, 0, 1, 0, 1 ], 
      [ 1, 1, 1, 0, 0, 0, 0, 1, 0, 1, 0, 0, 1, 1, 1, 1, 1, 1, 0, 0, 1, 1, 0, 0, 0 ], 
      [ 1, 1, 1, 0, 0, 0, 0, 1, 0, 1, 0, 0, 0, 1, 0, 1, 1, 1, 0, 0, 0, 1, 1, 1, 0 ], 
      [ 1, 1, 1, 0, 1, 0, 0, 1, 0, 1, 0, 0, 0, 1, 0, 0, 1, 1, 1, 0, 0, 1, 0, 1, 1 ], 
      [ 1, 1, 1, 0, 1, 0, 0, 1, 0, 1, 0, 0, 1, 1, 1, 0, 1, 1, 1, 0, 1, 1, 1, 0, 1 ], 
      [ 1, 1, 1, 0, 0, 0, 0, 1, 1, 1, 0, 1, 0, 1, 0, 1, 1, 0, 0, 0, 1, 0, 1, 1, 0 ], 
      [ 1, 1, 1, 0, 1, 0, 0, 1, 1, 1, 0, 1, 0, 1, 0, 0, 1, 0, 1, 0, 1, 0, 0, 1, 1 ], 
      [ 1, 1, 1, 0, 1, 0, 0, 1, 1, 1, 0, 1, 1, 1, 1, 0, 1, 0, 1, 0, 0, 0, 1, 0, 1 ], 
      [ 1, 1, 0, 1, 0, 0, 0, 0, 1, 1, 1, 1, 1, 1, 0, 0, 0, 1, 1, 1, 0, 0, 0, 0, 0 ], 
      [ 1, 1, 0, 1, 0, 0, 0, 0, 0, 1, 1, 0, 1, 1, 0, 0, 0, 0, 1, 1, 1, 1, 0, 0, 0 ], 
      [ 1, 1, 0, 1, 0, 0, 0, 0, 0, 1, 1, 0, 0, 1, 1, 0, 0, 0, 1, 1, 0, 1, 1, 1, 0 ], 
      [ 1, 1, 0, 1, 1, 0, 0, 0, 0, 1, 1, 0, 0, 1, 1, 1, 0, 0, 0, 1, 0, 1, 0, 1, 1 ], 
      [ 1, 1, 0, 1, 1, 0, 0, 0, 0, 1, 1, 0, 1, 1, 0, 1, 0, 0, 0, 1, 1, 1, 1, 0, 1 ], 
      [ 1, 1, 0, 1, 0, 0, 0, 0, 1, 1, 1, 1, 0, 1, 1, 0, 0, 1, 1, 1, 1, 0, 1, 1, 0 ], 
      [ 1, 1, 0, 1, 1, 0, 0, 0, 1, 1, 1, 1, 0, 1, 1, 1, 0, 1, 0, 1, 1, 0, 0, 1, 1 ], 
      [ 1, 1, 0, 1, 1, 0, 0, 0, 1, 1, 1, 1, 1, 1, 0, 1, 0, 1, 0, 1, 0, 0, 1, 0, 1 ], 
      [ 1, 1, 0, 0, 0, 0, 0, 1, 0, 1, 1, 0, 1, 1, 0, 0, 0, 1, 0, 0, 1, 1, 0, 0, 0 ], 
      [ 1, 1, 0, 0, 0, 0, 0, 1, 0, 1, 1, 0, 0, 1, 1, 0, 0, 1, 0, 0, 0, 1, 1, 1, 0 ], 
      [ 1, 1, 0, 0, 1, 0, 0, 1, 0, 1, 1, 0, 0, 1, 1, 1, 0, 1, 1, 0, 0, 1, 0, 1, 1 ], 
      [ 1, 1, 0, 0, 1, 0, 0, 1, 0, 1, 1, 0, 1, 1, 0, 1, 0, 1, 1, 0, 1, 1, 1, 0, 1 ], 
      [ 1, 1, 0, 0, 0, 0, 0, 1, 1, 1, 1, 1, 0, 1, 1, 0, 0, 0, 0, 0, 1, 0, 1, 1, 0 ], 
      [ 1, 1, 0, 0, 1, 0, 0, 1, 1, 1, 1, 1, 0, 1, 1, 1, 0, 0, 1, 0, 1, 0, 0, 1, 1 ], 
      [ 1, 1, 0, 0, 1, 0, 0, 1, 1, 1, 1, 1, 1, 1, 0, 1, 0, 0, 1, 0, 0, 0, 1, 0, 1 ], 
      [ 1, 1, 1, 0, 0, 0, 1, 1, 1, 1, 1, 0, 0, 0, 1, 1, 1, 0, 0, 0, 0, 0, 0, 0, 0 ], 
      [ 1, 1, 1, 1, 0, 0, 1, 0, 1, 1, 1, 0, 0, 0, 1, 1, 1, 1, 1, 1, 0, 0, 0, 0, 0 ], 
      [ 1, 1, 1, 1, 0, 0, 1, 0, 0, 1, 1, 1, 0, 0, 1, 1, 1, 0, 1, 1, 1, 1, 0, 0, 0 ], 
      [ 1, 1, 1, 1, 0, 0, 1, 0, 0, 1, 1, 1, 1, 0, 0, 1, 1, 0, 1, 1, 0, 1, 1, 1, 0 ], 
      [ 1, 1, 1, 1, 1, 0, 1, 0, 0, 1, 1, 1, 1, 0, 0, 0, 1, 0, 0, 1, 0, 1, 0, 1, 1 ], 
      [ 1, 1, 1, 1, 1, 0, 1, 0, 0, 1, 1, 1, 0, 0, 1, 0, 1, 0, 0, 1, 1, 1, 1, 0, 1 ], 
      [ 1, 1, 1, 1, 0, 0, 1, 0, 1, 1, 1, 0, 1, 0, 0, 1, 1, 1, 1, 1, 1, 0, 1, 1, 0 ], 
      [ 1, 1, 1, 1, 1, 0, 1, 0, 1, 1, 1, 0, 1, 0, 0, 0, 1, 1, 0, 1, 1, 0, 0, 1, 1 ], 
      [ 1, 1, 1, 1, 1, 0, 1, 0, 1, 1, 1, 0, 0, 0, 1, 0, 1, 1, 0, 1, 0, 0, 1, 0, 1 ], 
      [ 1, 1, 1, 0, 0, 0, 1, 1, 0, 1, 1, 1, 0, 0, 1, 1, 1, 1, 0, 0, 1, 1, 0, 0, 0 ], 
      [ 1, 1, 1, 0, 0, 0, 1, 1, 0, 1, 1, 1, 1, 0, 0, 1, 1, 1, 0, 0, 0, 1, 1, 1, 0 ], 
      [ 1, 1, 1, 0, 1, 0, 1, 1, 0, 1, 1, 1, 1, 0, 0, 0, 1, 1, 1, 0, 0, 1, 0, 1, 1 ], 
      [ 1, 1, 1, 0, 1, 0, 1, 1, 0, 1, 1, 1, 0, 0, 1, 0, 1, 1, 1, 0, 1, 1, 1, 0, 1 ], 
      [ 1, 1, 1, 0, 0, 0, 1, 1, 1, 1, 1, 0, 1, 0, 0, 1, 1, 0, 0, 0, 1, 0, 1, 1, 0 ], 
      [ 1, 1, 1, 0, 1, 0, 1, 1, 1, 1, 1, 0, 1, 0, 0, 0, 1, 0, 1, 0, 1, 0, 0, 1, 1 ], 
      [ 1, 1, 1, 0, 1, 0, 1, 1, 1, 1, 1, 0, 0, 0, 1, 0, 1, 0, 1, 0, 0, 0, 1, 0, 1 ], 
      [ 1, 1, 0, 1, 0, 0, 1, 0, 1, 1, 0, 0, 0, 0, 0, 0, 0, 1, 1, 1, 0, 0, 0, 0, 0 ], 
      [ 1, 1, 0, 1, 0, 0, 1, 0, 0, 1, 0, 1, 0, 0, 0, 0, 0, 0, 1, 1, 1, 1, 0, 0, 0 ], 
      [ 1, 1, 0, 1, 0, 0, 1, 0, 0, 1, 0, 1, 1, 0, 1, 0, 0, 0, 1, 1, 0, 1, 1, 1, 0 ], 
      [ 1, 1, 0, 1, 1, 0, 1, 0, 0, 1, 0, 1, 1, 0, 1, 1, 0, 0, 0, 1, 0, 1, 0, 1, 1 ], 
      [ 1, 1, 0, 1, 1, 0, 1, 0, 0, 1, 0, 1, 0, 0, 0, 1, 0, 0, 0, 1, 1, 1, 1, 0, 1 ], 
      [ 1, 1, 0, 1, 0, 0, 1, 0, 1, 1, 0, 0, 1, 0, 1, 0, 0, 1, 1, 1, 1, 0, 1, 1, 0 ], 
      [ 1, 1, 0, 1, 1, 0, 1, 0, 1, 1, 0, 0, 1, 0, 1, 1, 0, 1, 0, 1, 1, 0, 0, 1, 1 ], 
      [ 1, 1, 0, 1, 1, 0, 1, 0, 1, 1, 0, 0, 0, 0, 0, 1, 0, 1, 0, 1, 0, 0, 1, 0, 1 ], 
      [ 1, 1, 0, 0, 0, 0, 1, 1, 0, 1, 0, 1, 0, 0, 0, 0, 0, 1, 0, 0, 1, 1, 0, 0, 0 ], 
      [ 1, 1, 0, 0, 0, 0, 1, 1, 0, 1, 0, 1, 1, 0, 1, 0, 0, 1, 0, 0, 0, 1, 1, 1, 0 ], 
      [ 1, 1, 0, 0, 1, 0, 1, 1, 0, 1, 0, 1, 1, 0, 1, 1, 0, 1, 1, 0, 0, 1, 0, 1, 1 ], 
      [ 1, 1, 0, 0, 1, 0, 1, 1, 0, 1, 0, 1, 0, 0, 0, 1, 0, 1, 1, 0, 1, 1, 1, 0, 1 ], 
      [ 1, 1, 0, 0, 0, 0, 1, 1, 1, 1, 0, 0, 1, 0, 1, 0, 0, 0, 0, 0, 1, 0, 1, 1, 0 ], 
      [ 1, 1, 0, 0, 1, 0, 1, 1, 1, 1, 0, 0, 1, 0, 1, 1, 0, 0, 1, 0, 1, 0, 0, 1, 1 ], 
      [ 1, 1, 0, 0, 1, 0, 1, 1, 1, 1, 0, 0, 0, 0, 0, 1, 0, 0, 1, 0, 0, 0, 1, 0, 1 ], 
      [ 1, 0, 0, 0, 0, 0, 1, 0, 0, 0, 1, 1, 1, 1, 0, 0, 0, 0, 0, 0, 0, 0, 0, 0, 0 ], 
      [ 1, 0, 1, 0, 0, 0, 1, 0, 0, 0, 0, 1, 1, 1, 1, 1, 1, 0, 0, 0, 0, 0, 0, 0, 0 ], 
      [ 1, 0, 1, 1, 0, 0, 1, 1, 0, 0, 0, 1, 1, 1, 1, 1, 1, 1, 1, 1, 0, 0, 0, 0, 0 ], 
      [ 1, 0, 1, 1, 0, 0, 1, 1, 1, 0, 0, 0, 1, 1, 1, 1, 1, 0, 1, 1, 1, 1, 0, 0, 0 ], 
      [ 1, 0, 1, 1, 0, 0, 1, 1, 1, 0, 0, 0, 0, 1, 0, 1, 1, 0, 1, 1, 0, 1, 1, 1, 0 ], 
      [ 1, 0, 1, 1, 1, 0, 1, 1, 1, 0, 0, 0, 0, 1, 0, 0, 1, 0, 0, 1, 0, 1, 0, 1, 1 ], 
      [ 1, 0, 1, 1, 1, 0, 1, 1, 1, 0, 0, 0, 1, 1, 1, 0, 1, 0, 0, 1, 1, 1, 1, 0, 1 ], 
      [ 1, 0, 1, 1, 0, 0, 1, 1, 0, 0, 0, 1, 0, 1, 0, 1, 1, 1, 1, 1, 1, 0, 1, 1, 0 ], 
      [ 1, 0, 1, 1, 1, 0, 1, 1, 0, 0, 0, 1, 0, 1, 0, 0, 1, 1, 0, 1, 1, 0, 0, 1, 1 ], 
      [ 1, 0, 1, 1, 1, 0, 1, 1, 0, 0, 0, 1, 1, 1, 1, 0, 1, 1, 0, 1, 0, 0, 1, 0, 1 ], 
      [ 1, 0, 1, 0, 0, 0, 1, 0, 1, 0, 0, 0, 1, 1, 1, 1, 1, 1, 0, 0, 1, 1, 0, 0, 0 ], 
      [ 1, 0, 1, 0, 0, 0, 1, 0, 1, 0, 0, 0, 0, 1, 0, 1, 1, 1, 0, 0, 0, 1, 1, 1, 0 ], 
      [ 1, 0, 1, 0, 1, 0, 1, 0, 1, 0, 0, 0, 0, 1, 0, 0, 1, 1, 1, 0, 0, 1, 0, 1, 1 ], 
      [ 1, 0, 1, 0, 1, 0, 1, 0, 1, 0, 0, 0, 1, 1, 1, 0, 1, 1, 1, 0, 1, 1, 1, 0, 1 ], 
      [ 1, 0, 1, 0, 0, 0, 1, 0, 0, 0, 0, 1, 0, 1, 0, 1, 1, 0, 0, 0, 1, 0, 1, 1, 0 ], 
      [ 1, 0, 1, 0, 1, 0, 1, 0, 0, 0, 0, 1, 0, 1, 0, 0, 1, 0, 1, 0, 1, 0, 0, 1, 1 ], 
      [ 1, 0, 1, 0, 1, 0, 1, 0, 0, 0, 0, 1, 1, 1, 1, 0, 1, 0, 1, 0, 0, 0, 1, 0, 1 ], 
      [ 1, 0, 0, 1, 0, 0, 1, 1, 0, 0, 1, 1, 1, 1, 0, 0, 0, 1, 1, 1, 0, 0, 0, 0, 0 ], 
      [ 1, 0, 0, 1, 0, 0, 1, 1, 1, 0, 1, 0, 1, 1, 0, 0, 0, 0, 1, 1, 1, 1, 0, 0, 0 ], 
      [ 1, 0, 0, 1, 0, 0, 1, 1, 1, 0, 1, 0, 0, 1, 1, 0, 0, 0, 1, 1, 0, 1, 1, 1, 0 ], 
      [ 1, 0, 0, 1, 1, 0, 1, 1, 1, 0, 1, 0, 0, 1, 1, 1, 0, 0, 0, 1, 0, 1, 0, 1, 1 ], 
      [ 1, 0, 0, 1, 1, 0, 1, 1, 1, 0, 1, 0, 1, 1, 0, 1, 0, 0, 0, 1, 1, 1, 1, 0, 1 ], 
      [ 1, 0, 0, 1, 0, 0, 1, 1, 0, 0, 1, 1, 0, 1, 1, 0, 0, 1, 1, 1, 1, 0, 1, 1, 0 ], 
      [ 1, 0, 0, 1, 1, 0, 1, 1, 0, 0, 1, 1, 0, 1, 1, 1, 0, 1, 0, 1, 1, 0, 0, 1, 1 ], 
      [ 1, 0, 0, 1, 1, 0, 1, 1, 0, 0, 1, 1, 1, 1, 0, 1, 0, 1, 0, 1, 0, 0, 1, 0, 1 ], 
      [ 1, 0, 0, 0, 0, 0, 1, 0, 1, 0, 1, 0, 1, 1, 0, 0, 0, 1, 0, 0, 1, 1, 0, 0, 0 ], 
      [ 1, 0, 0, 0, 0, 0, 1, 0, 1, 0, 1, 0, 0, 1, 1, 0, 0, 1, 0, 0, 0, 1, 1, 1, 0 ], 
      [ 1, 0, 0, 0, 1, 0, 1, 0, 1, 0, 1, 0, 0, 1, 1, 1, 0, 1, 1, 0, 0, 1, 0, 1, 1 ], 
      [ 1, 0, 0, 0, 1, 0, 1, 0, 1, 0, 1, 0, 1, 1, 0, 1, 0, 1, 1, 0, 1, 1, 1, 0, 1 ], 
      [ 1, 0, 0, 0, 0, 0, 1, 0, 0, 0, 1, 1, 0, 1, 1, 0, 0, 0, 0, 0, 1, 0, 1, 1, 0 ], 
      [ 1, 0, 0, 0, 1, 0, 1, 0, 0, 0, 1, 1, 0, 1, 1, 1, 0, 0, 1, 0, 1, 0, 0, 1, 1 ], 
      [ 1, 0, 0, 0, 1, 0, 1, 0, 0, 0, 1, 1, 1, 1, 0, 1, 0, 0, 1, 0, 0, 0, 1, 0, 1 ], 
      [ 1, 0, 1, 0, 0, 0, 0, 0, 0, 0, 1, 0, 0, 0, 1, 1, 1, 0, 0, 0, 0, 0, 0, 0, 0 ], 
      [ 1, 0, 1, 1, 0, 0, 0, 1, 0, 0, 1, 0, 0, 0, 1, 1, 1, 1, 1, 1, 0, 0, 0, 0, 0 ], 
      [ 1, 0, 1, 1, 0, 0, 0, 1, 1, 0, 1, 1, 0, 0, 1, 1, 1, 0, 1, 1, 1, 1, 0, 0, 0 ], 
      [ 1, 0, 1, 1, 0, 0, 0, 1, 1, 0, 1, 1, 1, 0, 0, 1, 1, 0, 1, 1, 0, 1, 1, 1, 0 ], 
      [ 1, 0, 1, 1, 1, 0, 0, 1, 1, 0, 1, 1, 1, 0, 0, 0, 1, 0, 0, 1, 0, 1, 0, 1, 1 ], 
      [ 1, 0, 1, 1, 1, 0, 0, 1, 1, 0, 1, 1, 0, 0, 1, 0, 1, 0, 0, 1, 1, 1, 1, 0, 1 ], 
      [ 1, 0, 1, 1, 0, 0, 0, 1, 0, 0, 1, 0, 1, 0, 0, 1, 1, 1, 1, 1, 1, 0, 1, 1, 0 ], 
      [ 1, 0, 1, 1, 1, 0, 0, 1, 0, 0, 1, 0, 1, 0, 0, 0, 1, 1, 0, 1, 1, 0, 0, 1, 1 ], 
      [ 1, 0, 1, 1, 1, 0, 0, 1, 0, 0, 1, 0, 0, 0, 1, 0, 1, 1, 0, 1, 0, 0, 1, 0, 1 ], 
      [ 1, 0, 1, 0, 0, 0, 0, 0, 1, 0, 1, 1, 0, 0, 1, 1, 1, 1, 0, 0, 1, 1, 0, 0, 0 ], 
      [ 1, 0, 1, 0, 0, 0, 0, 0, 1, 0, 1, 1, 1, 0, 0, 1, 1, 1, 0, 0, 0, 1, 1, 1, 0 ], 
      [ 1, 0, 1, 0, 1, 0, 0, 0, 1, 0, 1, 1, 1, 0, 0, 0, 1, 1, 1, 0, 0, 1, 0, 1, 1 ], 
      [ 1, 0, 1, 0, 1, 0, 0, 0, 1, 0, 1, 1, 0, 0, 1, 0, 1, 1, 1, 0, 1, 1, 1, 0, 1 ], 
      [ 1, 0, 1, 0, 0, 0, 0, 0, 0, 0, 1, 0, 1, 0, 0, 1, 1, 0, 0, 0, 1, 0, 1, 1, 0 ], 
      [ 1, 0, 1, 0, 1, 0, 0, 0, 0, 0, 1, 0, 1, 0, 0, 0, 1, 0, 1, 0, 1, 0, 0, 1, 1 ], 
      [ 1, 0, 1, 0, 1, 0, 0, 0, 0, 0, 1, 0, 0, 0, 1, 0, 1, 0, 1, 0, 0, 0, 1, 0, 1 ], 
      [ 1, 0, 0, 1, 0, 0, 0, 1, 0, 0, 0, 0, 0, 0, 0, 0, 0, 1, 1, 1, 0, 0, 0, 0, 0 ], 
      [ 1, 0, 0, 1, 0, 0, 0, 1, 1, 0, 0, 1, 0, 0, 0, 0, 0, 0, 1, 1, 1, 1, 0, 0, 0 ], 
      [ 1, 0, 0, 1, 0, 0, 0, 1, 1, 0, 0, 1, 1, 0, 1, 0, 0, 0, 1, 1, 0, 1, 1, 1, 0 ], 
      [ 1, 0, 0, 1, 1, 0, 0, 1, 1, 0, 0, 1, 1, 0, 1, 1, 0, 0, 0, 1, 0, 1, 0, 1, 1 ], 
      [ 1, 0, 0, 1, 1, 0, 0, 1, 1, 0, 0, 1, 0, 0, 0, 1, 0, 0, 0, 1, 1, 1, 1, 0, 1 ], 
      [ 1, 0, 0, 1, 0, 0, 0, 1, 0, 0, 0, 0, 1, 0, 1, 0, 0, 1, 1, 1, 1, 0, 1, 1, 0 ], 
      [ 1, 0, 0, 1, 1, 0, 0, 1, 0, 0, 0, 0, 1, 0, 1, 1, 0, 1, 0, 1, 1, 0, 0, 1, 1 ], 
      [ 1, 0, 0, 1, 1, 0, 0, 1, 0, 0, 0, 0, 0, 0, 0, 1, 0, 1, 0, 1, 0, 0, 1, 0, 1 ], 
      [ 1, 0, 0, 0, 0, 0, 0, 0, 1, 0, 0, 1, 0, 0, 0, 0, 0, 1, 0, 0, 1, 1, 0, 0, 0 ], 
      [ 1, 0, 0, 0, 0, 0, 0, 0, 1, 0, 0, 1, 1, 0, 1, 0, 0, 1, 0, 0, 0, 1, 1, 1, 0 ], 
      [ 1, 0, 0, 0, 1, 0, 0, 0, 1, 0, 0, 1, 1, 0, 1, 1, 0, 1, 1, 0, 0, 1, 0, 1, 1 ], 
      [ 1, 0, 0, 0, 1, 0, 0, 0, 1, 0, 0, 1, 0, 0, 0, 1, 0, 1, 1, 0, 1, 1, 1, 0, 1 ], 
      [ 1, 0, 0, 0, 0, 0, 0, 0, 0, 0, 0, 0, 1, 0, 1, 0, 0, 0, 0, 0, 1, 0, 1, 1, 0 ], 
      [ 1, 0, 0, 0, 1, 0, 0, 0, 0, 0, 0, 0, 1, 0, 1, 1, 0, 0, 1, 0, 1, 0, 0, 1, 1 ], 
      [ 1, 0, 0, 0, 1, 0, 0, 0, 0, 0, 0, 0, 0, 0, 0, 1, 0, 0, 1, 0, 0, 0, 1, 0, 1 ] ],
  GRP := Group( [ (  2,194)(  3,131)(  6, 14)(  8, 10)( 11, 17)( 12, 16)( 13, 15)( 18, 20)( 21, 29)( 23, 25)( 26, 32)
        ( 27, 31)( 28, 30)( 33, 35)( 36,132)( 37,141)( 38,134)( 39,137)( 40,136)( 41,135)( 42,144)( 43,143)( 44,142)
        ( 45,133)( 46,140)( 47,139)( 48,138)( 49,147)( 50,146)( 51,145)( 52,156)( 53,149)( 54,152)( 55,151)( 56,150)
        ( 57,159)( 58,158)( 59,157)( 60,148)( 61,155)( 62,154)( 63,153)( 64,162)( 65,161)( 66,160)( 69, 77)( 71, 73)
        ( 74, 80)( 75, 79)( 76, 78)( 81, 83)( 84, 92)( 86, 88)( 89, 95)( 90, 94)( 91, 93)( 96, 98)( 99,195)(100,204)
        (101,197)(102,200)(103,199)(104,198)(105,207)(106,206)(107,205)(108,196)(109,203)(110,202)(111,201)(112,210)
        (113,209)(114,208)(115,219)(116,212)(117,215)(118,214)(119,213)(120,222)(121,221)(122,220)(123,211)(124,218)
        (125,217)(126,216)(127,225)(128,224)(129,223)(164,172)(166,168)(169,175)(170,174)(171,173)(176,178)(179,187)
        (181,183)(184,190)(185,189)(186,188)(191,193)(227,235)(229,231)(232,238)(233,237)(234,236)(239,241)(242,250)
        (244,246)(247,253)(248,252)(249,251)(254,256), (  2,130)(  4, 36)(  7, 13)(  8, 12)( 14, 20)( 15, 19)
        ( 21, 37)( 22, 44)( 23, 43)( 24, 40)( 25, 41)( 26, 42)( 27, 39)( 28, 38)( 29, 51)( 30, 50)( 31, 47)( 32, 48)
        ( 33, 49)( 34, 46)( 35, 45)( 53, 59)( 54, 58)( 60, 66)( 61, 65)( 67,163)( 68,132)( 69,133)( 70,140)( 71,139)
        ( 72,136)( 73,137)( 74,138)( 75,135)( 76,134)( 77,147)( 78,146)( 79,143)( 80,144)( 81,145)( 82,142)( 83,141)
        ( 84,164)( 85,171)( 86,170)( 87,167)( 88,168)( 89,169)( 90,166)( 91,165)( 92,178)( 93,177)( 94,174)( 95,175)
        ( 96,176)( 97,173)( 98,172)( 99,131)(100,148)(101,155)(102,154)(103,151)(104,152)(105,153)(106,150)(107,149)
        (108,162)(109,161)(110,158)(111,159)(112,160)(113,157)(114,156)(115,179)(116,186)(117,185)(118,182)(119,183)
        (120,184)(121,181)(122,180)(123,193)(124,192)(125,189)(126,190)(127,191)(128,188)(129,187)(194,226)(197,203)
        (198,202)(204,210)(205,209)(211,227)(212,234)(213,233)(214,230)(215,231)(216,232)(217,229)(218,228)(219,241)
        (220,240)(221,237)(222,238)(223,239)(224,236)(225,235)(243,249)(244,248)(250,256)(251,255), 
      (  2,256,226,254,194,250,130,242)(  3,249, 99,255,195,251,131,243)(  4,246, 36,248, 68,252,132,244)(  5,245)
        (  6,118, 20,230, 18,214, 14,182)(  7, 55, 13,103, 19,199, 15,151)(  8, 24, 10, 40, 12, 72, 16,136)
        ( 11, 87, 17,167)( 21,119, 51,233, 81,221,141,181)( 22, 56, 44,106, 82,206,142,150)( 23, 25, 41, 43, 75, 79,
         143,135)( 26, 88, 48,170, 74, 94,144,166)( 27, 73, 47,139, 71, 31,137, 39)( 28,104, 50,202, 78,158,134, 54)
        ( 29,183, 37,121, 83,237,145,213)( 30,152, 38, 58, 76,110,146,198)( 32,168, 42, 90, 80,174,138, 86)
        ( 33,215, 45,185, 69,125,147,229)( 34,200, 46,154, 70, 62,140,102)( 35,231, 49,217, 77,189,133,117)
        ( 52,122,114,240,208,220,156,180)( 53, 59,107,113,209,205,157,149)( 57, 91,111,177,201, 93,159,165)
        ( 60,186,100,128,210,236,160,212)( 61,155,101, 65,203,109,161,197)( 63,171,105, 97,207,173,153, 85)
        ( 64,218,108,192,196,124,162,228)( 66,234,112,224,204,188,148,116)( 67,253,163,247)( 84,126,178,232, 96,222,
         172,184)( 89, 95,175,169)( 92,190,164,120, 98,238,176,216)(115,129,241,239,223,219,187,179)(123,193,227,127,
         225,235,191,211), (  1,  2,  3,  4,  5,132,195,226)(  6,141,208,241,242,123, 64, 35)(  7,142,209,234,243,
         124, 65, 28)(  8,143,202,231,244,125, 58, 25)(  9,136,199,230,245,118, 55, 24)( 10,135,206,233,246,117, 62,
          27)( 11,144,201,238,247,126, 57, 32)( 12,137,198,237,248,119, 54, 31)( 13,134,205,240,249,116, 61, 34)
        ( 14,145,210,227,250,127, 66, 21)( 15,146,203,228,251,128, 59, 22)( 16,139,200,229,252,121, 56, 23)
        ( 17,138,207,232,253,120, 63, 26)( 18,147,196,235,254,129, 52, 29)( 19,140,197,236,255,122, 53, 30)
        ( 20,133,204,239,256,115, 60, 33)( 36,131, 68,163,194, 99,130, 67)( 37,156, 81,178,211,108,191, 98)
        ( 38,157, 82,171,212,109,192, 91)( 39,158, 75,168,213,110,185, 88)( 40,151, 72,167,214,103,182, 87)
        ( 41,150, 79,170,215,102,189, 90)( 42,159, 74,175,216,111,184, 95)( 43,152, 71,174,217,104,181, 94)
        ( 44,149, 78,177,218,101,188, 97)( 45,160, 83,164,219,112,193, 84)( 46,161, 76,165,220,113,186, 85)
        ( 47,154, 73,166,221,106,183, 86)( 48,153, 80,169,222,105,190, 89)( 49,162, 69,172,223,114,179, 92)
        ( 50,155, 70,173,224,107,180, 93)( 51,148, 77,176,225,100,187, 96) ] ),
  LOrb := 
   [ [ 1, 2, 6, 7, 8, 9, 10, 11, 12, 13, 21, 22, 23, 24, 25, 26, 27, 28, 37, 38, 39, 40, 41, 42, 43, 44, 52, 53, 54, 
          55, 56, 57, 58, 59, 67, 68, 69, 70, 71, 72, 73, 74, 75, 76, 77, 78, 79, 80, 81, 82, 83, 84, 85, 86, 87, 
          88, 89, 90, 91, 92, 93, 94, 95, 96, 97, 98, 99, 100, 101, 102, 103, 104, 105, 106, 107, 108, 109, 110, 
          111, 112, 113, 114, 115, 116, 117, 118, 119, 120, 121, 122, 123, 124, 125, 126, 127, 128, 129, 133, 134, 
          135, 136, 137, 138, 139, 140, 148, 149, 150, 151, 152, 153, 154, 155, 164, 165, 166, 167, 168, 169, 170, 
          171, 179, 180, 181, 182, 183, 184, 185, 186, 194, 195, 196, 197, 198, 199, 200, 201, 202, 203, 204, 205, 
          206, 207, 208, 209, 210, 211, 212, 213, 214, 215, 216, 217, 218, 219, 220, 221, 222, 223, 224, 225, 226, 
          227, 228, 229, 230, 231, 232, 233, 234, 235, 236, 237, 238, 239, 240, 241, 242, 243, 244, 245, 246, 247, 
          248, 249, 250, 251, 252, 253, 254, 255, 256 ], 
      [ 10, 11, 12, 13, 18, 27, 58, 73, 77, 78, 80, 81, 104, 108, 109, 111, 112, 118, 119, 121, 124, 125, 126, 127, 
          128, 137, 138, 139, 140, 145, 154, 185, 200, 204, 205, 207, 208, 231, 235, 236, 238, 239, 245, 246, 248, 
          251, 252, 253, 254, 255 ], [ 10, 11, 12, 13, 18, 27, 58, 73, 104, 118, 119, 121, 127, 128, 145, 200, 204, 
          205, 207, 208, 226, 231, 235, 238, 239, 241, 254, 255 ], 
      [ 10, 11, 12, 13, 18, 27, 44, 58, 73, 77, 78, 80, 81, 99, 104, 108, 111, 112, 114, 127, 128, 154, 185, 200, 
          214, 231, 245, 246, 248, 254, 255 ], [ 10, 11, 12, 13, 18, 27, 44, 58, 73, 77, 78, 80, 81, 99, 104, 108, 
          111, 112, 114, 127, 128, 138, 153, 154, 184, 185, 197, 198, 200, 213, 214, 228, 231, 244, 245, 246, 247, 
          248, 254 ], [ 10, 11, 12, 13, 18, 27, 58, 73, 77, 78, 80, 81, 104, 108, 109, 111, 112, 124, 127, 138, 153, 
          154, 184, 185, 200, 231, 244, 245, 246, 247, 248, 251, 254 ], 
      [ 10, 11, 12, 13, 17, 18, 27, 58, 80, 111, 121, 124, 125, 126, 127, 128, 138, 200, 201, 204, 205, 207, 208, 
          231, 232, 235, 236, 238, 239, 247, 248, 251, 254 ], 
      [ 10, 11, 12, 13, 18, 73, 77, 78, 80, 81, 99, 104, 108, 111, 112, 114, 127, 128, 137, 138, 139, 140, 154, 185, 
          200, 231, 245, 246, 248, 254, 255 ], [ 11, 14, 15, 17, 18, 26, 27, 30, 31, 32, 33, 34, 42, 45, 46, 48, 49, 
          57, 58, 61, 62, 63, 64, 65, 74, 77, 78, 80, 81, 89, 90, 93, 94, 95, 96, 97, 105, 108, 109, 111, 112, 120, 
          121, 124, 125, 126, 127, 128, 137, 138, 139, 140, 144, 154, 168, 169, 170, 171, 175, 185, 200, 201, 202, 
          203, 207, 217, 231, 232, 233, 234, 238, 248 ], 
      [ 10, 11, 12, 13, 14, 15, 17, 18, 26, 27, 30, 33, 41, 42, 43, 44, 45, 46, 48, 49, 57, 58, 61, 64, 73, 74, 75, 
          76, 77, 78, 80, 81, 89, 90, 93, 96, 104, 105, 106, 107, 108, 109, 111, 112, 120, 121, 124, 127, 144, 154, 
          157, 158, 159, 160, 161, 175, 185, 188, 189, 190, 191, 192, 207, 217, 220, 221, 222, 223, 224, 238, 248, 
          251, 252, 253, 254, 255 ], [ 10, 11, 12, 13, 18, 73, 77, 78, 80, 81, 104, 108, 109, 111, 112, 124, 127, 
          137, 138, 139, 140, 153, 154, 184, 185, 200, 231, 244, 245, 246, 247, 248, 251, 254 ], 
      [ 10, 11, 12, 13, 18, 27, 58, 73, 77, 78, 80, 81, 104, 108, 109, 111, 112, 121, 124, 127, 144, 145, 154, 160, 
          161, 185, 191, 192, 207, 238, 251, 252, 253, 254, 255 ], 
      [ 10, 11, 12, 13, 18, 27, 58, 73, 77, 78, 80, 81, 104, 108, 109, 111, 112, 118, 119, 121, 124, 125, 126, 127, 
          128, 138, 145, 153, 154, 160, 184, 185, 191, 251, 254 ], 
      [ 10, 11, 12, 13, 18, 27, 44, 58, 73, 77, 78, 80, 81, 99, 104, 108, 111, 112, 114, 128, 138, 154, 185, 197, 
          198, 200, 204, 205, 208, 214, 226, 228, 231, 235, 239, 245, 246, 248, 254, 255 ], 
      [ 10, 11, 12, 13, 18, 73, 77, 78, 80, 81, 104, 108, 109, 111, 112, 121, 124, 127, 137, 139, 140, 144, 145, 
          154, 185, 207, 238, 248, 251, 252, 253, 254, 255 ], 
      [ 1, 3, 4, 5, 6, 7, 8, 9, 10, 11, 12, 13, 14, 15, 16, 17, 18, 19, 20, 21, 22, 23, 24, 25, 26, 27, 28, 29, 30, 
          31, 32, 33, 34, 35, 36, 37, 38, 39, 40, 41, 42, 43, 44, 45, 46, 47, 48, 49, 50, 51, 52, 53, 54, 55, 56, 
          57, 58, 59, 60, 61, 62, 63, 64, 65, 66, 130, 131, 132, 133, 134, 135, 136, 137, 138, 139, 140, 141, 142, 
          143, 144, 145, 146, 147, 148, 149, 150, 151, 152, 153, 154, 155, 156, 157, 158, 159, 160, 161, 162, 163, 
          164, 165, 166, 167, 168, 169, 170, 171, 172, 173, 174, 175, 176, 177, 178, 179, 180, 181, 182, 183, 184, 
          185, 186, 187, 188, 189, 190, 191, 192, 193, 194, 195, 196, 197, 198, 199, 200, 201, 202, 203, 204, 205, 
          206, 207, 208, 209, 210, 211, 212, 213, 214, 215, 216, 217, 218, 219, 220, 221, 222, 223, 224, 225, 226, 
          227, 228, 229, 230, 231, 232, 233, 234, 235, 236, 237, 238, 239, 240, 241, 242, 243, 244, 245, 246, 247, 
          248, 249, 250, 251, 252, 253, 254, 255, 256 ], 
      [ 10, 11, 12, 13, 18, 26, 27, 33, 41, 42, 43, 44, 49, 57, 58, 64, 73, 77, 78, 80, 81, 93, 96, 104, 108, 109, 
          111, 112, 124, 127, 154, 185, 200, 207, 214, 215, 217, 220, 221, 222, 223, 224, 231, 238, 245, 246, 248, 
          251, 252, 253, 254, 255 ], [ 10, 11, 12, 13, 18, 27, 41, 42, 43, 44, 49, 58, 73, 77, 78, 80, 81, 104, 108, 
          109, 111, 112, 138, 153, 154, 169, 184, 185, 197, 198, 200, 201, 204, 205, 208, 213, 214, 215, 216, 217, 
          220, 223, 228, 229, 231, 232, 235, 236, 239, 244, 245, 246, 247, 248, 251, 254 ], 
      [ 10, 11, 12, 13, 18, 27, 58, 73, 77, 78, 80, 81, 104, 108, 109, 111, 112, 118, 119, 121, 124, 125, 126, 127, 
          128, 138, 153, 154, 184, 185, 244, 245, 246, 247, 248, 251, 254 ], 
      [ 10, 11, 12, 13, 18, 27, 58, 73, 77, 78, 80, 81, 104, 108, 109, 111, 112, 118, 119, 121, 124, 125, 126, 127, 
          128, 145, 154, 160, 161, 185, 191, 192, 251, 252, 253, 254, 255 ], 
      [ 10, 11, 12, 13, 17, 18, 19, 20, 27, 34, 41, 42, 43, 44, 48, 49, 50, 51, 58, 65, 73, 80, 104, 111, 138, 145, 
          153, 154, 160, 161, 169, 176, 184, 185, 191, 192, 197, 198, 200, 201, 204, 205, 207, 208, 213, 214, 215, 
          216, 217, 220, 221, 222, 223, 224, 228, 229, 231, 232, 235, 236, 238, 239, 244, 245, 246, 247, 248, 251, 
          252, 253, 254, 255 ], [ 10, 11, 12, 13, 17, 18, 19, 20, 26, 27, 33, 34, 57, 58, 64, 65, 73, 80, 104, 111, 
          117, 118, 119, 120, 121, 124, 125, 126, 127, 128, 138, 145, 197, 198, 200, 201, 204, 205, 207, 208, 228, 
          229, 231, 232, 235, 236, 238, 239, 244, 247, 251, 254 ], 
      [ 10, 11, 12, 13, 18, 27, 58, 73, 77, 78, 81, 99, 104, 108, 112, 118, 119, 121, 127, 128, 137, 139, 140, 145, 
          200, 204, 205, 207, 208, 226, 231, 235, 238, 239, 241, 255 ], 
      [ 1, 2, 3, 4, 5, 6, 7, 8, 9, 10, 11, 12, 13, 14, 15, 16, 17, 18, 19, 20, 21, 22, 23, 26, 29, 30, 33, 36, 37, 
          38, 39, 40, 41, 42, 43, 44, 45, 46, 47, 48, 49, 50, 51, 52, 53, 54, 57, 60, 61, 64, 67, 68, 69, 70, 71, 
          72, 73, 74, 75, 76, 77, 78, 79, 80, 81, 82, 83, 84, 85, 86, 89, 92, 93, 96, 99, 100, 101, 102, 103, 104, 
          105, 106, 107, 108, 109, 110, 111, 112, 113, 114, 115, 116, 117, 120, 123, 124, 127, 130, 131, 136, 137, 
          139, 140, 143, 144, 146, 147, 148, 149, 150, 151, 152, 153, 154, 155, 156, 157, 158, 159, 160, 161, 162, 
          167, 168, 170, 171, 174, 175, 177, 178, 179, 180, 181, 182, 183, 184, 185, 186, 187, 188, 189, 190, 191, 
          192, 193, 194, 199, 200, 202, 203, 206, 207, 209, 210, 211, 212, 213, 214, 215, 216, 217, 218, 219, 220, 
          221, 222, 223, 224, 225, 230, 231, 233, 234, 237, 238, 240, 241, 242, 243, 244, 245, 246, 247, 248, 249, 
          250, 251, 252, 253, 254, 255, 256 ], [ 10, 11, 12, 13, 14, 15, 17, 18, 27, 58, 77, 78, 80, 81, 108, 109, 
          111, 112, 121, 124, 125, 126, 127, 128, 137, 138, 139, 140, 200, 201, 202, 203, 204, 205, 207, 208, 231, 
          232, 233, 234, 235, 236, 238, 239, 248 ], [ 10, 11, 12, 13, 18, 27, 58, 73, 77, 78, 80, 81, 104, 108, 109, 
          111, 112, 118, 119, 121, 124, 125, 126, 127, 128, 137, 139, 140, 144, 145, 146, 147, 154, 161, 185, 192, 
          207, 238, 252, 253, 255 ], [ 10, 11, 12, 13, 17, 18, 19, 20, 27, 34, 58, 65, 73, 80, 104, 111, 118, 119, 
          121, 125, 126, 128, 138, 145, 197, 198, 200, 201, 204, 205, 207, 208, 228, 229, 231, 232, 235, 236, 238, 
          239, 244, 245, 246, 247, 248, 251, 252, 253, 254, 255 ], 
      [ 10, 11, 12, 13, 18, 27, 58, 73, 77, 78, 81, 99, 104, 108, 112, 118, 119, 121, 127, 128, 137, 138, 139, 140, 
          145, 154, 185, 200, 204, 205, 208, 226, 231, 235, 239, 245, 246, 248, 254, 255 ], 
      [ 1, 2, 3, 4, 5, 6, 7, 8, 9, 10, 11, 12, 13, 14, 15, 16, 17, 18, 19, 20, 21, 22, 23, 24, 25, 26, 27, 28, 29, 
          30, 31, 32, 33, 34, 35, 52, 53, 54, 55, 56, 57, 58, 59, 60, 61, 62, 63, 64, 65, 66, 115, 116, 117, 118, 
          119, 120, 121, 122, 123, 124, 125, 126, 127, 128, 129, 132, 133, 134, 135, 136, 137, 138, 139, 140, 141, 
          142, 143, 144, 145, 146, 147, 195, 196, 197, 198, 199, 200, 201, 202, 203, 204, 205, 206, 207, 208, 209, 
          210, 226, 227, 228, 229, 230, 231, 232, 233, 234, 235, 236, 237, 238, 239, 240, 241, 242, 243, 244, 245, 
          246, 247, 248, 249, 250, 251, 252, 253, 254, 255, 256 ], 
      [ 10, 11, 12, 13, 18, 27, 58, 73, 77, 78, 80, 81, 104, 108, 109, 111, 112, 118, 119, 121, 124, 125, 126, 127, 
          128, 138, 197, 198, 200, 201, 204, 205, 208, 228, 229, 231, 232, 235, 236, 239, 244, 245, 246, 247, 248, 
          251, 254 ], [ 10, 11, 12, 13, 14, 15, 17, 18, 27, 58, 77, 78, 80, 81, 108, 109, 111, 112, 121, 124, 125, 
          126, 127, 128, 137, 138, 139, 140, 141, 142, 144, 145, 154, 185, 204, 205, 207, 208, 235, 236, 238, 239, 
          248, 251, 252, 253, 254, 255 ], [ 1, 2, 5, 6, 7, 8, 9, 10, 11, 12, 13, 14, 15, 18, 24, 25, 27, 28, 55, 56, 
          58, 59, 68, 77, 78, 81, 99, 108, 109, 112, 118, 119, 121, 122, 123, 124, 125, 126, 127, 128, 129, 132, 
          133, 134, 135, 136, 137, 138, 139, 140, 141, 142, 145, 151, 152, 154, 155, 182, 183, 185, 186, 195, 204, 
          205, 208, 226, 235, 236, 239, 245, 246, 248, 249, 250, 251, 252, 253, 254, 255, 256 ], 
      [ 8, 9, 10, 11, 12, 13, 18, 24, 27, 44, 58, 59, 71, 72, 73, 78, 81, 87, 99, 104, 107, 112, 114, 118, 119, 121, 
          122, 127, 128, 129, 135, 136, 137, 138, 139, 140, 145, 151, 154, 171, 185, 186, 198, 199, 200, 205, 208, 
          214, 226, 231, 234, 239, 241, 245, 246, 248, 249, 254, 255, 256 ], 
      [ 10, 11, 12, 13, 18, 19, 20, 26, 27, 33, 34, 57, 58, 64, 65, 73, 104, 117, 118, 119, 120, 121, 127, 128, 145, 
          197, 198, 200, 204, 205, 207, 208, 226, 228, 231, 235, 238, 239, 241, 254 ], 
      [ 10, 11, 12, 13, 18, 19, 20, 27, 34, 58, 65, 73, 104, 118, 119, 121, 128, 145, 197, 198, 200, 204, 205, 207, 
          208, 226, 228, 231, 235, 238, 239, 241, 254, 255 ], 
      [ 7, 8, 9, 10, 11, 12, 18, 19, 23, 24, 26, 27, 33, 34, 57, 58, 64, 65, 70, 71, 72, 73, 86, 87, 101, 104, 116, 
          117, 118, 119, 120, 121, 127, 128, 145, 146, 197, 198, 199, 200, 204, 205, 206, 207, 208, 209, 226, 228, 
          231, 235, 238, 239, 240, 241, 254, 255 ], [ 10, 11, 12, 13, 18, 27, 58, 73, 77, 78, 80, 81, 112, 127, 128, 
          154, 185, 200, 214, 215, 245, 246, 248, 254, 255 ], 
      [ 10, 11, 12, 13, 18, 27, 44, 58, 59, 73, 77, 78, 80, 81, 99, 112, 114, 127, 128, 129, 154, 185, 186, 200, 
          214, 215, 246, 248, 249, 254, 255, 256 ], 
      [ 10, 11, 12, 13, 18, 26, 27, 33, 44, 73, 77, 78, 80, 81, 93, 96, 99, 104, 107, 108, 111, 112, 114, 127, 154, 
          200, 207, 214, 215, 217, 220, 221, 222, 223, 224, 231, 234, 238, 241, 246, 248, 249, 253, 254, 255, 256 ], 
      [ 11, 18, 70, 71, 73, 77, 78, 80, 81, 99, 101, 104, 108, 111, 112, 114, 127, 128, 137, 138, 139, 140, 154, 
          185, 200, 231, 245, 246, 248, 255 ], [ 11, 18, 19, 20, 70, 71, 73, 74, 80, 81, 82, 83, 101, 102, 104, 105, 
          111, 112, 113, 114, 117, 120, 127, 128, 137, 138, 139, 140, 146, 147, 153, 154, 161, 184, 185, 192, 200, 
          231, 244, 245, 246, 247, 248, 255 ], [ 1, 2, 10, 11, 12, 13, 18, 26, 27, 33, 44, 59, 73, 77, 78, 80, 81, 
          93, 96, 99, 114, 127, 129, 153, 154, 186, 200, 213, 214, 215, 220, 223, 246, 249, 254, 256 ], 
      [ 10, 11, 12, 13, 18, 27, 44, 58, 59, 73, 77, 78, 80, 81, 112, 127, 154, 185, 186, 200, 207, 215, 222, 246, 
          248, 249, 253, 254, 255, 256 ], [ 10, 11, 12, 13, 18, 26, 27, 33, 44, 57, 58, 59, 64, 73, 77, 78, 80, 81, 
          93, 96, 127, 154, 185, 186, 200, 207, 214, 215, 217, 220, 221, 222, 223, 224, 246, 248, 249, 253, 254, 
          255, 256 ], [ 1, 2, 3, 5, 6, 7, 10, 11, 12, 13, 18, 19, 20, 26, 27, 33, 34, 36, 37, 44, 51, 52, 57, 58, 
          59, 64, 65, 66, 68, 70, 73, 77, 80, 81, 82, 83, 96, 97, 99, 114, 127, 128, 129, 153, 154, 179, 184, 185, 
          186, 197, 200, 212, 213, 214, 215, 216, 217, 223, 224, 242, 243, 246, 247, 248, 249, 254, 255, 256 ], 
      [ 10, 11, 12, 13, 18, 27, 44, 58, 59, 73, 77, 78, 80, 81, 99, 112, 114, 127, 128, 129, 138, 153, 154, 184, 
          185, 186, 197, 198, 200, 213, 214, 215, 246, 247, 248, 249, 254 ], 
      [ 10, 11, 12, 13, 18, 27, 44, 58, 59, 73, 77, 78, 80, 81, 107, 112, 121, 122, 127, 154, 185, 186, 207, 222, 
          248, 249, 253, 254, 255, 256 ], [ 10, 11, 12, 13, 18, 42, 43, 44, 49, 57, 58, 59, 64, 73, 77, 78, 80, 81, 
          112, 127, 185, 186, 200, 207, 215, 222, 246, 248, 249, 253, 254, 255, 256 ], 
      [ 10, 11, 12, 13, 18, 73, 77, 78, 80, 81, 107, 112, 121, 122, 127, 144, 154, 159, 185, 186, 207, 222, 248, 
          249, 253, 254, 255, 256 ], [ 10, 11, 12, 13, 18, 27, 44, 58, 59, 73, 77, 78, 80, 81, 107, 112, 121, 122, 
          127, 144, 145, 154, 159, 160, 161, 185, 186, 191, 192, 193, 207, 222, 253, 254, 255, 256 ], 
      [ 10, 11, 12, 13, 14, 15, 17, 18, 26, 27, 30, 33, 44, 57, 58, 59, 64, 73, 74, 75, 76, 77, 78, 80, 81, 89, 90, 
          93, 96, 107, 120, 121, 122, 127, 144, 154, 157, 158, 159, 160, 161, 185, 186, 190, 191, 192, 193, 207, 
          217, 220, 221, 222, 223, 224, 248, 249, 253, 254, 255, 256 ], 
      [ 10, 11, 12, 13, 14, 15, 17, 18, 27, 44, 58, 59, 77, 78, 80, 81, 107, 112, 121, 122, 127, 144, 154, 159, 185, 
          186, 207, 222, 248, 249, 253, 254, 255, 256 ], 
      [ 10, 11, 12, 13, 18, 73, 77, 78, 80, 81, 107, 112, 122, 127, 137, 139, 140, 144, 145, 152, 154, 155, 159, 
          160, 186, 207, 222, 249, 253, 254, 256 ], 
      [ 10, 11, 12, 13, 18, 73, 77, 78, 80, 81, 107, 112, 121, 122, 127, 137, 139, 140, 144, 145, 154, 185, 186, 
          207, 248, 249, 253, 254, 255, 256 ], [ 10, 11, 12, 13, 18, 73, 77, 78, 80, 81, 107, 112, 121, 122, 144, 
          145, 154, 159, 185, 186, 207, 222, 248, 249, 253, 254, 255, 256 ], 
      [ 10, 11, 12, 13, 73, 74, 75, 76, 77, 78, 80, 81, 105, 106, 107, 112, 120, 121, 122, 127, 137, 139, 140, 144, 
          152, 154, 155, 159, 185, 186, 207, 222, 248, 249, 253, 254, 255, 256 ], 
      [ 10, 11, 12, 13, 18, 73, 77, 78, 80, 81, 104, 107, 108, 111, 112, 121, 127, 137, 139, 140, 144, 145, 154, 
          185, 207, 238, 248, 253, 254, 255 ], [ 10, 11, 12, 13, 18, 44, 73, 77, 78, 80, 81, 99, 104, 107, 108, 111, 
          112, 114, 127, 137, 139, 140, 144, 145, 146, 147, 154, 160, 161, 171, 178, 185, 186, 191, 192, 193, 207, 
          238, 241, 253, 254, 255, 256 ], [ 10, 11, 12, 13, 18, 27, 44, 58, 59, 73, 77, 78, 80, 81, 99, 104, 107, 
          108, 111, 112, 114, 119, 121, 122, 126, 127, 128, 129, 137, 139, 140, 144, 145, 146, 147, 154, 161, 171, 
          178, 185, 186, 192, 193, 207, 238, 241, 253, 255, 256 ], 
      [ 10, 11, 12, 13, 18, 27, 44, 58, 73, 77, 78, 80, 81, 104, 107, 108, 111, 112, 121, 127, 144, 145, 154, 160, 
          161, 185, 191, 192, 207, 238, 253, 254, 255 ], 
      [ 10, 11, 12, 13, 15, 18, 78, 81, 104, 107, 108, 109, 111, 112, 121, 124, 127, 137, 139, 140, 142, 144, 145, 
          154, 185, 238, 248, 251, 252, 253, 254, 255 ], 
      [ 2, 11, 12, 18, 73, 77, 78, 80, 81, 92, 107, 112, 122, 123, 127, 139, 152, 154, 155, 159, 160, 186, 222, 249, 
          253, 256 ], [ 1, 2, 11, 12, 73, 74, 75, 77, 78, 80, 81, 92, 105, 106, 107, 112, 115, 120, 122, 123, 127, 
          139, 152, 153, 154, 155, 156, 159, 160, 186, 219, 222, 249, 250, 253, 254, 256 ], 
      [ 1, 11, 12, 73, 74, 75, 77, 78, 80, 81, 105, 106, 107, 112, 122, 138, 139, 145, 152, 153, 154, 155, 156, 159, 
          160, 186, 219, 222, 249, 250, 253, 254, 256 ], 
      [ 10, 11, 12, 13, 18, 25, 27, 28, 58, 59, 73, 77, 78, 80, 81, 88, 95, 112, 119, 121, 122, 126, 127, 128, 129, 
          145, 152, 154, 155, 159, 160, 161, 162, 185, 186, 191, 192, 193, 222, 253, 254, 255, 256 ], 
      [ 2, 10, 11, 12, 13, 18, 26, 33, 73, 77, 78, 80, 81, 92, 93, 96, 107, 122, 123, 127, 137, 139, 140, 144, 152, 
          154, 155, 159, 160, 186, 207, 222, 249, 253, 256 ], 
      [ 10, 11, 12, 13, 18, 73, 77, 78, 80, 81, 112, 127, 137, 139, 140, 144, 145, 146, 147, 152, 154, 155, 159, 
          160, 161, 162, 185, 186, 191, 192, 193, 207, 222, 253, 254, 255, 256 ], 
      [ 1, 2, 10, 11, 12, 13, 26, 73, 74, 75, 76, 77, 78, 80, 81, 89, 92, 93, 96, 107, 115, 120, 122, 123, 127, 137, 
          139, 140, 144, 152, 153, 154, 155, 156, 157, 159, 160, 186, 207, 219, 220, 222, 223, 249, 250, 253, 254, 
          256 ], [ 10, 11, 12, 13, 15, 18, 27, 41, 44, 58, 78, 81, 104, 107, 108, 109, 111, 112, 121, 124, 127, 142, 
          144, 145, 154, 157, 158, 160, 161, 175, 185, 188, 189, 190, 191, 192, 238, 251, 252, 253, 254, 255 ], 
      [ 10, 11, 12, 13, 15, 18, 41, 81, 104, 107, 108, 109, 111, 112, 121, 124, 127, 137, 139, 140, 142, 144, 145, 
          154, 168, 175, 182, 183, 185, 188, 189, 190, 238, 248, 251, 252, 253, 254, 255 ], 
      [ 10, 11, 12, 13, 17, 18, 25, 27, 28, 32, 58, 80, 95, 121, 124, 125, 126, 127, 128, 138, 200, 201, 204, 205, 
          207, 208, 232, 236, 239, 247, 248, 251, 254 ], 
      [ 10, 11, 12, 13, 18, 73, 77, 78, 80, 81, 104, 108, 109, 111, 112, 124, 127, 137, 139, 140, 144, 145, 146, 
          147, 154, 160, 161, 185, 191, 192, 207, 238, 251, 252, 253, 254, 255 ], 
      [ 1, 2, 3, 10, 11, 12, 13, 18, 42, 43, 44, 49, 52, 57, 59, 64, 73, 77, 78, 80, 81, 92, 112, 123, 127, 186, 
          200, 207, 215, 219, 222, 246, 249, 250, 253, 254, 256 ], 
      [ 10, 11, 12, 13, 18, 27, 44, 77, 78, 80, 81, 99, 107, 108, 111, 112, 114, 127, 144, 145, 154, 160, 161, 207, 
          238, 241, 253, 254, 255, 256 ], [ 10, 11, 12, 13, 18, 27, 44, 73, 77, 78, 80, 81, 99, 104, 107, 108, 111, 
          112, 114, 127, 145, 154, 160, 161, 207, 238, 241, 253, 254, 255, 256 ], 
      [ 10, 11, 12, 13, 18, 27, 44, 58, 59, 73, 77, 78, 80, 81, 99, 104, 107, 108, 111, 112, 114, 119, 121, 122, 
          126, 127, 128, 129, 145, 154, 160, 161, 185, 186, 191, 192, 193, 253, 254, 255, 256 ], 
      [ 10, 11, 12, 13, 15, 18, 27, 44, 78, 81, 99, 107, 108, 111, 112, 114, 127, 142, 144, 145, 154, 157, 158, 160, 
          161, 238, 241, 253, 254, 255, 256 ], [ 10, 11, 12, 13, 14, 15, 17, 18, 26, 27, 30, 33, 44, 77, 78, 80, 81, 
          93, 96, 99, 107, 108, 111, 112, 114, 127, 144, 154, 157, 158, 159, 160, 161, 207, 220, 221, 222, 223, 224, 
          238, 241, 253, 254, 255, 256 ], [ 10, 11, 12, 13, 14, 15, 17, 18, 27, 44, 77, 78, 80, 81, 99, 107, 108, 
          111, 112, 114, 141, 142, 144, 145, 154, 157, 158, 159, 160, 161, 204, 205, 207, 208, 220, 221, 222, 223, 
          224, 226, 235, 238, 239, 241, 253, 254, 255, 256 ], 
      [ 8, 9, 10, 11, 12, 13, 15, 18, 24, 27, 41, 44, 78, 81, 99, 104, 107, 108, 109, 111, 112, 114, 124, 127, 142, 
          145, 151, 154, 157, 158, 160, 161, 238, 241, 251, 252, 253, 254, 255, 256 ], 
      [ 10, 11, 12, 13, 18, 26, 27, 33, 44, 73, 77, 78, 80, 81, 93, 96, 99, 104, 107, 108, 111, 112, 114, 127, 154, 
          160, 161, 207, 220, 221, 222, 223, 224, 238, 241, 253, 254, 255, 256 ], 
      [ 10, 11, 12, 13, 18, 27, 44, 73, 77, 78, 80, 81, 99, 104, 107, 108, 111, 112, 114, 145, 154, 160, 161, 204, 
          205, 207, 208, 220, 221, 222, 223, 224, 226, 235, 238, 239, 241, 253, 254, 255, 256 ], 
      [ 10, 11, 12, 13, 15, 18, 27, 41, 44, 81, 99, 107, 108, 111, 112, 114, 127, 142, 144, 145, 154, 157, 158, 160, 
          161, 175, 190, 238, 241, 253, 254, 255, 256 ], 
      [ 1, 2, 10, 11, 12, 13, 73, 74, 75, 76, 77, 78, 80, 81, 92, 105, 106, 107, 112, 115, 120, 122, 123, 127, 137, 
          138, 139, 140, 148, 149, 152, 153, 155, 156, 179, 184, 186, 219, 242, 247, 249, 250, 254 ], 
      [ 1, 12, 73, 75, 77, 78, 80, 81, 106, 107, 112, 122, 138, 139, 145, 152, 154, 155, 186, 204, 205, 208, 219, 
          222, 239, 249, 250, 253, 254, 256 ], [ 1, 12, 73, 75, 77, 78, 80, 106, 107, 122, 138, 139, 141, 142, 145, 
          152, 154, 155, 156, 159, 186, 204, 205, 219, 222, 249, 250, 253, 254, 256 ], 
      [ 1, 12, 75, 77, 78, 80, 81, 106, 107, 112, 122, 138, 139, 141, 142, 145, 152, 154, 155, 156, 159, 186, 204, 
          205, 208, 219, 222, 239, 249, 250, 253, 254, 256 ], 
      [ 1, 12, 72, 73, 75, 78, 79, 80, 106, 107, 122, 138, 139, 142, 145, 152, 153, 154, 155, 156, 157, 159, 160, 
          186, 205, 219, 220, 222, 249, 250, 253, 254, 256 ], 
      [ 1, 11, 12, 73, 74, 75, 77, 78, 81, 105, 106, 107, 112, 122, 138, 139, 145, 152, 154, 155, 186, 204, 205, 
          208, 219, 222, 239, 249, 250, 253, 254, 256 ], 
      [ 1, 11, 12, 73, 74, 75, 77, 78, 105, 106, 107, 122, 138, 139, 141, 142, 145, 152, 154, 155, 156, 159, 186, 
          204, 205, 219, 222, 249, 250, 253, 254, 256 ], 
      [ 1, 12, 75, 78, 79, 80, 81, 82, 95, 106, 107, 111, 112, 113, 114, 122, 126, 129, 138, 139, 142, 145, 152, 
          153, 154, 155, 156, 157, 159, 160, 186, 205, 208, 219, 220, 222, 223, 239, 249, 250, 253, 254, 256 ], 
      [ 1, 11, 12, 74, 75, 77, 78, 81, 105, 106, 107, 112, 122, 138, 139, 141, 142, 145, 152, 154, 155, 156, 159, 
          186, 204, 205, 208, 219, 222, 239, 249, 250, 253, 254, 256 ], 
      [ 1, 12, 72, 73, 75, 77, 78, 79, 80, 81, 82, 88, 95, 99, 104, 106, 107, 108, 111, 112, 113, 114, 119, 122, 
          126, 129, 138, 139, 145, 152, 154, 155, 186, 204, 205, 208, 215, 219, 222, 226, 235, 239, 246, 249, 250, 
          253, 256 ], [ 1, 12, 72, 73, 75, 77, 78, 79, 80, 106, 107, 122, 138, 139, 141, 142, 145, 152, 154, 155, 
          156, 159, 186, 204, 205, 219, 222, 249, 250, 253, 256 ], 
      [ 1, 12, 72, 73, 75, 77, 78, 79, 80, 106, 121, 122, 138, 139, 141, 142, 145, 152, 154, 155, 156, 159, 185, 
          186, 204, 205, 219, 222, 248, 249, 250, 253, 254, 255, 256 ], 
      [ 1, 11, 12, 70, 71, 72, 73, 74, 75, 77, 78, 100, 105, 106, 107, 122, 138, 139, 141, 142, 145, 152, 154, 155, 
          156, 159, 186, 204, 205, 219, 222, 249, 250, 253, 256 ], 
      [ 1, 12, 72, 75, 77, 78, 79, 99, 100, 106, 107, 108, 122, 138, 139, 141, 142, 145, 152, 154, 155, 156, 159, 
          186, 204, 205, 219, 222, 226, 235, 249, 250, 253, 256 ], 
      [ 1, 12, 75, 77, 78, 79, 80, 81, 82, 95, 99, 106, 107, 108, 111, 112, 113, 114, 122, 126, 129, 138, 139, 141, 
          142, 145, 152, 154, 155, 156, 159, 186, 204, 205, 208, 219, 222, 226, 235, 239, 249, 250, 253, 256 ], 
      [ 12, 72, 73, 75, 77, 78, 79, 80, 88, 95, 104, 106, 107, 108, 111, 119, 122, 126, 138, 139, 141, 142, 145, 
          152, 154, 155, 156, 159, 186, 204, 205, 215, 219, 222, 235, 246, 249, 250, 253 ], 
      [ 1, 11, 12, 70, 71, 72, 73, 74, 75, 77, 78, 81, 88, 105, 106, 112, 119, 121, 122, 138, 139, 145, 152, 154, 
          155, 185, 186, 204, 205, 208, 215, 219, 222, 239, 246, 248, 249, 250, 253, 254, 255, 256 ], 
      [ 1, 11, 12, 70, 71, 72, 73, 74, 75, 77, 78, 81, 88, 99, 100, 101, 104, 105, 106, 107, 108, 112, 119, 122, 
          138, 139, 145, 152, 154, 155, 186, 204, 205, 208, 215, 219, 222, 226, 235, 239, 246, 249, 250, 253, 256 ], 
      [ 1, 11, 12, 70, 71, 72, 73, 74, 75, 77, 78, 105, 106, 121, 122, 138, 139, 141, 142, 145, 152, 154, 155, 156, 
          159, 185, 186, 204, 205, 219, 222, 248, 249, 250, 253, 254, 255, 256 ], 
      [ 10, 11, 12, 13, 14, 15, 17, 18, 25, 27, 28, 32, 58, 77, 78, 80, 81, 95, 109, 112, 121, 124, 125, 126, 127, 
          128, 138, 201, 204, 205, 208, 232, 236, 239, 247, 248, 251, 254 ], 
      [ 10, 12, 13, 17, 25, 27, 28, 32, 58, 80, 95, 121, 124, 125, 126, 127, 128, 137, 138, 139, 140, 200, 201, 202, 
          203, 204, 205, 207, 208, 232, 233, 236, 239, 247, 248, 251, 254 ], 
      [ 10, 11, 12, 13, 14, 15, 17, 18, 27, 41, 44, 45, 48, 58, 81, 99, 107, 108, 111, 112, 114, 121, 127, 128, 141, 
          142, 144, 145, 154, 157, 158, 160, 161, 172, 175, 185, 188, 189, 190, 191, 192, 254, 255 ], 
      [ 11, 12, 13, 15, 18, 27, 41, 44, 81, 99, 107, 108, 109, 111, 112, 114, 124, 127, 142, 145, 154, 157, 158, 
          160, 161, 175, 188, 189, 190, 238, 241, 251, 252, 253, 254, 255, 256 ], 
      [ 10, 11, 12, 13, 14, 15, 17, 18, 27, 44, 58, 59, 81, 107, 112, 121, 122, 127, 144, 154, 159, 185, 186, 190, 
          248, 249, 253, 254, 255, 256 ], [ 1, 9, 12, 72, 75, 77, 78, 79, 99, 100, 106, 107, 108, 122, 136, 139, 
          141, 142, 143, 151, 152, 154, 155, 156, 158, 159, 186, 204, 205, 206, 219, 221, 222, 226, 235, 249, 250, 
          253, 256 ], [ 10, 11, 12, 13, 18, 27, 58, 73, 77, 78, 81, 99, 104, 108, 112, 118, 119, 121, 127, 128, 138, 
          145, 153, 154, 160, 184, 185, 191, 254 ], 
      [ 10, 11, 12, 13, 18, 27, 44, 58, 59, 73, 77, 78, 80, 81, 99, 104, 107, 108, 111, 112, 114, 119, 121, 122, 
          126, 127, 128, 129, 138, 145, 153, 154, 160, 184, 185, 186, 191, 254 ], 
      [ 10, 11, 12, 13, 18, 27, 58, 73, 77, 78, 80, 81, 104, 108, 109, 111, 118, 119, 121, 124, 125, 126, 138, 145, 
          153, 154, 160, 184, 185, 188, 191, 251 ], 
      [ 10, 11, 12, 13, 18, 25, 27, 28, 58, 73, 77, 78, 80, 81, 88, 95, 109, 112, 118, 119, 121, 124, 125, 126, 127, 
          128, 138, 145, 152, 153, 154, 155, 160, 184, 185, 191, 251, 254 ], 
      [ 10, 11, 12, 13, 18, 27, 58, 73, 77, 78, 81, 99, 104, 108, 112, 118, 119, 121, 127, 128, 138, 153, 154, 184, 
          185, 244, 245, 246, 247, 248, 254 ], [ 10, 11, 12, 13, 18, 27, 58, 73, 77, 78, 81, 99, 104, 108, 112, 118, 
          119, 121, 127, 128, 138, 197, 198, 228, 244, 245, 246, 247, 248, 254 ], 
      [ 10, 11, 12, 13, 18, 27, 44, 58, 59, 73, 77, 78, 80, 81, 99, 104, 107, 108, 111, 112, 114, 119, 121, 122, 
          126, 127, 128, 129, 138, 153, 154, 184, 185, 186, 246, 247, 248, 249, 254 ], 
      [ 12, 72, 73, 75, 77, 78, 79, 80, 106, 121, 138, 139, 141, 142, 145, 152, 154, 155, 156, 159, 185, 204, 205, 
          219, 222, 248, 250, 251, 252, 253, 254, 255 ], 
      [ 12, 72, 73, 75, 77, 78, 79, 80, 88, 95, 106, 119, 121, 122, 126, 138, 139, 141, 142, 145, 152, 154, 155, 
          156, 159, 185, 186, 204, 205, 215, 219, 222, 246, 248, 249, 250, 253 ], 
      [ 1, 10, 11, 13, 18, 26, 27, 33, 44, 59, 73, 77, 80, 99, 114, 129, 153, 197, 200, 204, 213, 215, 220, 223, 
          226, 246, 249, 254, 256 ], [ 10, 11, 12, 13, 14, 15, 17, 18, 27, 58, 77, 78, 80, 81, 108, 109, 111, 112, 
          121, 124, 125, 126, 127, 128, 138, 153, 154, 184, 185, 247, 248, 251, 254 ], 
      [ 1, 2, 10, 11, 12, 13, 73, 74, 75, 76, 77, 78, 80, 81, 92, 105, 106, 107, 112, 115, 120, 122, 123, 127, 137, 
          139, 140, 144, 152, 155, 156, 159, 186, 207, 219, 222, 249, 250, 253, 254, 256 ], 
      [ 10, 11, 12, 13, 18, 26, 27, 33, 44, 73, 99, 104, 107, 112, 114, 154, 160, 161, 214, 215, 220, 221, 222, 223, 
          224, 241, 254, 255, 256 ], [ 8, 9, 10, 11, 12, 13, 15, 18, 23, 24, 26, 27, 30, 33, 41, 44, 78, 81, 93, 96, 
          99, 104, 107, 108, 109, 111, 112, 114, 124, 127, 151, 154, 157, 158, 160, 161, 220, 221, 223, 224, 238, 
          241, 251, 252, 253, 254, 255, 256 ], [ 1, 2, 10, 12, 13, 26, 27, 33, 44, 73, 77, 80, 92, 93, 96, 99, 104, 
          107, 108, 111, 114, 123, 127, 154, 160, 161, 207, 219, 220, 221, 222, 223, 224, 238, 241, 250, 253, 254, 
          255, 256 ], [ 10, 11, 12, 13, 15, 17, 18, 27, 41, 44, 48, 58, 111, 138, 142, 145, 154, 185, 205, 208, 235, 
          236, 238, 239, 248, 251, 252, 253, 254, 255 ], 
      [ 2, 6, 7, 10, 12, 13, 19, 20, 21, 22, 26, 27, 34, 52, 70, 73, 80, 82, 83, 85, 97, 114, 115, 116, 128, 129, 
          154, 200, 212, 214, 215, 217, 224, 242, 243, 246, 248, 249, 255, 256 ] ],
  eRec := rec(
      GRA := rec(
          adjacencies := [ [ 2, 4, 5, 8, 9 ], [ 1, 3, 5, 6, 9 ], [ 2, 4, 6, 7, 9 ], [ 1, 3, 7, 8, 9 ], 
              [ 1, 2, 6, 8, 9 ], [ 2, 3, 5, 7, 9 ], [ 3, 4, 6, 8, 9 ], [ 1, 4, 5, 7, 9 ], [ 1, 2, 3, 4, 5, 6, 7, 8 ] 
             ],
          autGroup := Group( [ (2,4)(5,8)(6,7), (1,2)(3,4)(6,8), (1,5)(2,8)(3,7)(4,6) ] ),
          group := Group( [ () ] ),
          isGraph := true,
          isSimple := true,
          order := 9,
          representatives := [ 1, 2, 3, 4, 5, 6, 7, 8, 9 ],
          schreierVector := [ -1, -2, -3, -4, -5, -6, -7, -8, -9 ] ),
      GRPcanonic := Group( [ (  3, 99)(  4, 68)(  6, 20)(  7, 19)(  8, 16)( 10, 12)( 11, 17)( 14, 18)( 21, 83)
            ( 22, 82)( 23, 79)( 24, 72)( 25, 75)( 26, 80)( 27, 73)( 28, 76)( 29, 81)( 30, 78)( 31, 71)( 32, 74)
            ( 33, 77)( 34, 70)( 35, 69)( 37, 51)( 38, 50)( 39, 47)( 41, 43)( 42, 48)( 45, 49)( 52,114)( 53,113)
            ( 54,110)( 55,103)( 56,106)( 57,111)( 58,104)( 59,107)( 60,112)( 61,109)( 62,102)( 63,105)( 64,108)
            ( 65,101)( 66,100)( 84, 98)( 85, 97)( 86, 94)( 88, 90)( 89, 95)( 92, 96)(115,129)(116,128)(117,125)
            (119,121)(120,126)(123,127)(130,226)(131,195)(133,147)(134,146)(135,143)(137,139)(138,144)(141,145)
            (148,210)(149,209)(150,206)(151,199)(152,202)(153,207)(154,200)(155,203)(156,208)(157,205)(158,198)
            (159,201)(160,204)(161,197)(162,196)(164,178)(165,177)(166,174)(168,170)(169,175)(172,176)(179,241)
            (180,240)(181,237)(182,230)(183,233)(184,238)(185,231)(186,234)(187,239)(188,236)(189,229)(190,232)
            (191,235)(192,228)(193,227)(211,225)(212,224)(213,221)(215,217)(216,222)(219,223)(242,256)(243,255)
            (244,252)(246,248)(247,253)(250,254), (  2,130)(  4, 36)(  7, 13)(  8, 12)( 14, 20)( 15, 19)( 21, 37)
            ( 22, 44)( 23, 43)( 24, 40)( 25, 41)( 26, 42)( 27, 39)( 28, 38)( 29, 51)( 30, 50)( 31, 47)( 32, 48)
            ( 33, 49)( 34, 46)( 35, 45)( 53, 59)( 54, 58)( 60, 66)( 61, 65)( 67,163)( 68,132)( 69,133)( 70,140)
            ( 71,139)( 72,136)( 73,137)( 74,138)( 75,135)( 76,134)( 77,147)( 78,146)( 79,143)( 80,144)( 81,145)
            ( 82,142)( 83,141)( 84,164)( 85,171)( 86,170)( 87,167)( 88,168)( 89,169)( 90,166)( 91,165)( 92,178)
            ( 93,177)( 94,174)( 95,175)( 96,176)( 97,173)( 98,172)( 99,131)(100,148)(101,155)(102,154)(103,151)
            (104,152)(105,153)(106,150)(107,149)(108,162)(109,161)(110,158)(111,159)(112,160)(113,157)(114,156)
            (115,179)(116,186)(117,185)(118,182)(119,183)(120,184)(121,181)(122,180)(123,193)(124,192)(125,189)
            (126,190)(127,191)(128,188)(129,187)(194,226)(197,203)(198,202)(204,210)(205,209)(211,227)(212,234)
            (213,233)(214,230)(215,231)(216,232)(217,229)(218,228)(219,241)(220,240)(221,237)(222,238)(223,239)
            (224,236)(225,235)(243,249)(244,248)(250,256)(251,255), (  2,242)(  3,249)(  4,248)(  5,245)(  6,118)
            (  7,103)(  8, 72)( 10, 40)( 11, 87)( 12, 24)( 13, 55)( 14,230)( 15,199)( 16,136)( 17,167)( 18,214)
            ( 19,151)( 20,182)( 21,121)( 22,106)( 23, 75)( 25, 43)( 26, 90)( 28, 58)( 29,233)( 30,202)( 31,139)
            ( 32,170)( 33,217)( 34,154)( 35,185)( 36,246)( 37,119)( 38,104)( 39, 73)( 42, 88)( 44, 56)( 45,231)
            ( 46,200)( 47,137)( 48,168)( 49,215)( 50,152)( 51,183)( 52,122)( 53,107)( 54, 76)( 57, 91)( 60,234)
            ( 61,203)( 62,140)( 63,171)( 64,218)( 65,155)( 66,186)( 67,247)( 68,244)( 69,117)( 70,102)( 74, 86)
            ( 77,229)( 78,198)( 79,135)( 80,166)( 81,213)( 82,150)( 83,181)( 84,120)( 85,105)( 92,232)( 93,201)
            ( 94,138)( 95,169)( 96,216)( 97,153)( 98,184)( 99,243)(100,116)(108,228)(109,197)(110,134)(111,165)
            (112,212)(113,149)(114,180)(123,227)(124,196)(125,133)(126,164)(127,211)(128,148)(129,179)(130,256)
            (131,255)(132,252)(141,237)(142,206)(144,174)(145,221)(146,158)(147,189)(156,240)(157,209)(159,177)
            (160,224)(162,192)(163,253)(172,238)(173,207)(176,222)(178,190)(187,241)(188,210)(191,225)(194,254)
            (195,251)(204,236)(208,220)(219,239)(226,250), (  1,  2)(  3,130)(  4,131)(  5,132)(  6,133)(  7,134)
            (  8,135)(  9,136)( 10,137)( 11,138)( 12,139)( 13,140)( 14,141)( 15,142)( 16,143)( 17,144)( 18,145)
            ( 19,146)( 20,147)( 21,148)( 22,149)( 23,150)( 24,151)( 25,152)( 26,153)( 27,154)( 28,155)( 29,156)
            ( 30,157)( 31,158)( 32,159)( 33,160)( 34,161)( 35,162)( 36,163)( 37,164)( 38,165)( 39,166)( 40,167)
            ( 41,168)( 42,169)( 43,170)( 44,171)( 45,172)( 46,173)( 47,174)( 48,175)( 49,176)( 50,177)( 51,178)
            ( 52,179)( 53,180)( 54,181)( 55,182)( 56,183)( 57,184)( 58,185)( 59,186)( 60,187)( 61,188)( 62,189)
            ( 63,190)( 64,191)( 65,192)( 66,193)( 67,194)( 68,195)( 69,196)( 70,197)( 71,198)( 72,199)( 73,200)
            ( 74,201)( 75,202)( 76,203)( 77,204)( 78,205)( 79,206)( 80,207)( 81,208)( 82,209)( 83,210)( 84,211)
            ( 85,212)( 86,213)( 87,214)( 88,215)( 89,216)( 90,217)( 91,218)( 92,219)( 93,220)( 94,221)( 95,222)
            ( 96,223)( 97,224)( 98,225)( 99,226)(100,227)(101,228)(102,229)(103,230)(104,231)(105,232)(106,233)
            (107,234)(108,235)(109,236)(110,237)(111,238)(112,239)(113,240)(114,241)(115,242)(116,243)(117,244)
            (118,245)(119,246)(120,247)(121,248)(122,249)(123,250)(124,251)(125,252)(126,253)(127,254)(128,255)
            (129,256), (  1,130)(  2,  3)(  4, 67)(  5, 68)(  6, 69)(  7, 70)(  8, 71)(  9, 72)( 10, 73)( 11, 74)
            ( 12, 75)( 13, 76)( 14, 77)( 15, 78)( 16, 79)( 17, 80)( 18, 81)( 19, 82)( 20, 83)( 21, 84)( 22, 85)
            ( 23, 86)( 24, 87)( 25, 88)( 26, 89)( 27, 90)( 28, 91)( 29, 92)( 30, 93)( 31, 94)( 32, 95)( 33, 96)
            ( 34, 97)( 35, 98)( 36, 99)( 37,100)( 38,101)( 39,102)( 40,103)( 41,104)( 42,105)( 43,106)( 44,107)
            ( 45,108)( 46,109)( 47,110)( 48,111)( 49,112)( 50,113)( 51,114)( 52,115)( 53,116)( 54,117)( 55,118)
            ( 56,119)( 57,120)( 58,121)( 59,122)( 60,123)( 61,124)( 62,125)( 63,126)( 64,127)( 65,128)( 66,129)
            (131,194)(132,195)(133,196)(134,197)(135,198)(136,199)(137,200)(138,201)(139,202)(140,203)(141,204)
            (142,205)(143,206)(144,207)(145,208)(146,209)(147,210)(148,211)(149,212)(150,213)(151,214)(152,215)
            (153,216)(154,217)(155,218)(156,219)(157,220)(158,221)(159,222)(160,223)(161,224)(162,225)(163,226)
            (164,227)(165,228)(166,229)(167,230)(168,231)(169,232)(170,233)(171,234)(172,235)(173,236)(174,237)
            (175,238)(176,239)(177,240)(178,241)(179,242)(180,243)(181,244)(182,245)(183,246)(184,247)(185,248)
            (186,249)(187,250)(188,251)(189,252)(190,253)(191,254)(192,255)(193,256), 
          (  1,194)(  2, 67)(  3,  4)(  5, 36)(  6, 37)(  7, 38)(  8, 39)(  9, 40)( 10, 41)( 11, 42)( 12, 43)
            ( 13, 44)( 14, 45)( 15, 46)( 16, 47)( 17, 48)( 18, 49)( 19, 50)( 20, 51)( 21, 52)( 22, 53)( 23, 54)
            ( 24, 55)( 25, 56)( 26, 57)( 27, 58)( 28, 59)( 29, 60)( 30, 61)( 31, 62)( 32, 63)( 33, 64)( 34, 65)
            ( 35, 66)( 68, 99)( 69,100)( 70,101)( 71,102)( 72,103)( 73,104)( 74,105)( 75,106)( 76,107)( 77,108)
            ( 78,109)( 79,110)( 80,111)( 81,112)( 82,113)( 83,114)( 84,115)( 85,116)( 86,117)( 87,118)( 88,119)
            ( 89,120)( 90,121)( 91,122)( 92,123)( 93,124)( 94,125)( 95,126)( 96,127)( 97,128)( 98,129)(130,131)
            (132,163)(133,164)(134,165)(135,166)(136,167)(137,168)(138,169)(139,170)(140,171)(141,172)(142,173)
            (143,174)(144,175)(145,176)(146,177)(147,178)(148,179)(149,180)(150,181)(151,182)(152,183)(153,184)
            (154,185)(155,186)(156,187)(157,188)(158,189)(159,190)(160,191)(161,192)(162,193)(195,226)(196,227)
            (197,228)(198,229)(199,230)(200,231)(201,232)(202,233)(203,234)(204,235)(205,236)(206,237)(207,238)
            (208,239)(209,240)(210,241)(211,242)(212,243)(213,244)(214,245)(215,246)(216,247)(217,248)(218,249)
            (219,250)(220,251)(221,252)(222,253)(223,254)(224,255)(225,256), (  1,226)(  2, 99)(  3, 36)(  4,  5)
            (  6, 21)(  7, 22)(  8, 23)(  9, 24)( 10, 25)( 11, 26)( 12, 27)( 13, 28)( 14, 29)( 15, 30)( 16, 31)
            ( 17, 32)( 18, 33)( 19, 34)( 20, 35)( 37, 52)( 38, 53)( 39, 54)( 40, 55)( 41, 56)( 42, 57)( 43, 58)
            ( 44, 59)( 45, 60)( 46, 61)( 47, 62)( 48, 63)( 49, 64)( 50, 65)( 51, 66)( 67, 68)( 69, 84)( 70, 85)
            ( 71, 86)( 72, 87)( 73, 88)( 74, 89)( 75, 90)( 76, 91)( 77, 92)( 78, 93)( 79, 94)( 80, 95)( 81, 96)
            ( 82, 97)( 83, 98)(100,115)(101,116)(102,117)(103,118)(104,119)(105,120)(106,121)(107,122)(108,123)
            (109,124)(110,125)(111,126)(112,127)(113,128)(114,129)(130,163)(131,132)(133,148)(134,149)(135,150)
            (136,151)(137,152)(138,153)(139,154)(140,155)(141,156)(142,157)(143,158)(144,159)(145,160)(146,161)
            (147,162)(164,179)(165,180)(166,181)(167,182)(168,183)(169,184)(170,185)(171,186)(172,187)(173,188)
            (174,189)(175,190)(176,191)(177,192)(178,193)(194,195)(196,211)(197,212)(198,213)(199,214)(200,215)
            (201,216)(202,217)(203,218)(204,219)(205,220)(206,221)(207,222)(208,223)(209,224)(210,225)(227,242)
            (228,243)(229,244)(230,245)(231,246)(232,247)(233,248)(234,249)(235,250)(236,251)(237,252)(238,253)
            (239,254)(240,255)(241,256), (  1,242)(  2,115)(  3, 52)(  4, 21)(  5,  6)(  7, 14)(  8, 15)(  9, 16)
            ( 10, 17)( 11, 18)( 12, 19)( 13, 20)( 22, 29)( 23, 30)( 24, 31)( 25, 32)( 26, 33)( 27, 34)( 28, 35)
            ( 36, 37)( 38, 45)( 39, 46)( 40, 47)( 41, 48)( 42, 49)( 43, 50)( 44, 51)( 53, 60)( 54, 61)( 55, 62)
            ( 56, 63)( 57, 64)( 58, 65)( 59, 66)( 67, 84)( 68, 69)( 70, 77)( 71, 78)( 72, 79)( 73, 80)( 74, 81)
            ( 75, 82)( 76, 83)( 85, 92)( 86, 93)( 87, 94)( 88, 95)( 89, 96)( 90, 97)( 91, 98)( 99,100)(101,108)
            (102,109)(103,110)(104,111)(105,112)(106,113)(107,114)(116,123)(117,124)(118,125)(119,126)(120,127)
            (121,128)(122,129)(130,179)(131,148)(132,133)(134,141)(135,142)(136,143)(137,144)(138,145)(139,146)
            (140,147)(149,156)(150,157)(151,158)(152,159)(153,160)(154,161)(155,162)(163,164)(165,172)(166,173)
            (167,174)(168,175)(169,176)(170,177)(171,178)(180,187)(181,188)(182,189)(183,190)(184,191)(185,192)
            (186,193)(194,211)(195,196)(197,204)(198,205)(199,206)(200,207)(201,208)(202,209)(203,210)(212,219)
            (213,220)(214,221)(215,222)(216,223)(217,224)(218,225)(226,227)(228,235)(229,236)(230,237)(231,238)
            (232,239)(233,240)(234,241)(243,250)(244,251)(245,252)(246,253)(247,254)(248,255)(249,256), 
          (  1,250)(  2,123)(  3, 60)(  4, 29)(  5, 14)(  6,  7)(  8, 11)(  9, 12)( 10, 13)( 15, 18)( 16, 19)
            ( 17, 20)( 21, 22)( 23, 26)( 24, 27)( 25, 28)( 30, 33)( 31, 34)( 32, 35)( 36, 45)( 37, 38)( 39, 42)
            ( 40, 43)( 41, 44)( 46, 49)( 47, 50)( 48, 51)( 52, 53)( 54, 57)( 55, 58)( 56, 59)( 61, 64)( 62, 65)
            ( 63, 66)( 67, 92)( 68, 77)( 69, 70)( 71, 74)( 72, 75)( 73, 76)( 78, 81)( 79, 82)( 80, 83)( 84, 85)
            ( 86, 89)( 87, 90)( 88, 91)( 93, 96)( 94, 97)( 95, 98)( 99,108)(100,101)(102,105)(103,106)(104,107)
            (109,112)(110,113)(111,114)(115,116)(117,120)(118,121)(119,122)(124,127)(125,128)(126,129)(130,187)
            (131,156)(132,141)(133,134)(135,138)(136,139)(137,140)(142,145)(143,146)(144,147)(148,149)(150,153)
            (151,154)(152,155)(157,160)(158,161)(159,162)(163,172)(164,165)(166,169)(167,170)(168,171)(173,176)
            (174,177)(175,178)(179,180)(181,184)(182,185)(183,186)(188,191)(189,192)(190,193)(194,219)(195,204)
            (196,197)(198,201)(199,202)(200,203)(205,208)(206,209)(207,210)(211,212)(213,216)(214,217)(215,218)
            (220,223)(221,224)(222,225)(226,235)(227,228)(229,232)(230,233)(231,234)(236,239)(237,240)(238,241)
            (242,243)(244,247)(245,248)(246,249)(251,254)(252,255)(253,256), (  1,254)(  2,127)(  3, 64)(  4, 33)
            (  5, 18)(  6, 11)(  7,  8)(  9, 10)( 12, 13)( 14, 15)( 16, 17)( 19, 20)( 21, 26)( 22, 23)( 24, 25)
            ( 27, 28)( 29, 30)( 31, 32)( 34, 35)( 36, 49)( 37, 42)( 38, 39)( 40, 41)( 43, 44)( 45, 46)( 47, 48)
            ( 50, 51)( 52, 57)( 53, 54)( 55, 56)( 58, 59)( 60, 61)( 62, 63)( 65, 66)( 67, 96)( 68, 81)( 69, 74)
            ( 70, 71)( 72, 73)( 75, 76)( 77, 78)( 79, 80)( 82, 83)( 84, 89)( 85, 86)( 87, 88)( 90, 91)( 92, 93)
            ( 94, 95)( 97, 98)( 99,112)(100,105)(101,102)(103,104)(106,107)(108,109)(110,111)(113,114)(115,120)
            (116,117)(118,119)(121,122)(123,124)(125,126)(128,129)(130,191)(131,160)(132,145)(133,138)(134,135)
            (136,137)(139,140)(141,142)(143,144)(146,147)(148,153)(149,150)(151,152)(154,155)(156,157)(158,159)
            (161,162)(163,176)(164,169)(165,166)(167,168)(170,171)(172,173)(174,175)(177,178)(179,184)(180,181)
            (182,183)(185,186)(187,188)(189,190)(192,193)(194,223)(195,208)(196,201)(197,198)(199,200)(202,203)
            (204,205)(206,207)(209,210)(211,216)(212,213)(214,215)(217,218)(219,220)(221,222)(224,225)(226,239)
            (227,232)(228,229)(230,231)(233,234)(235,236)(237,238)(240,241)(242,247)(243,244)(245,246)(248,249)
            (250,251)(252,253)(255,256), (  1,256)(  2,129)(  3, 66)(  4, 35)(  5, 20)(  6, 13)(  7, 10)(  8,  9)
            ( 11, 12)( 14, 17)( 15, 16)( 18, 19)( 21, 28)( 22, 25)( 23, 24)( 26, 27)( 29, 32)( 30, 31)( 33, 34)
            ( 36, 51)( 37, 44)( 38, 41)( 39, 40)( 42, 43)( 45, 48)( 46, 47)( 49, 50)( 52, 59)( 53, 56)( 54, 55)
            ( 57, 58)( 60, 63)( 61, 62)( 64, 65)( 67, 98)( 68, 83)( 69, 76)( 70, 73)( 71, 72)( 74, 75)( 77, 80)
            ( 78, 79)( 81, 82)( 84, 91)( 85, 88)( 86, 87)( 89, 90)( 92, 95)( 93, 94)( 96, 97)( 99,114)(100,107)
            (101,104)(102,103)(105,106)(108,111)(109,110)(112,113)(115,122)(116,119)(117,118)(120,121)(123,126)
            (124,125)(127,128)(130,193)(131,162)(132,147)(133,140)(134,137)(135,136)(138,139)(141,144)(142,143)
            (145,146)(148,155)(149,152)(150,151)(153,154)(156,159)(157,158)(160,161)(163,178)(164,171)(165,168)
            (166,167)(169,170)(172,175)(173,174)(176,177)(179,186)(180,183)(181,182)(184,185)(187,190)(188,189)
            (191,192)(194,225)(195,210)(196,203)(197,200)(198,199)(201,202)(204,207)(205,206)(208,209)(211,218)
            (212,215)(213,214)(216,217)(219,222)(220,221)(223,224)(226,241)(227,234)(228,231)(229,230)(232,233)
            (235,238)(236,237)(239,240)(242,249)(243,246)(244,245)(247,248)(250,253)(251,252)(254,255), 
          (  1,  9)(  2,136)(  3,199)(  4,230)(  5,245)(  6,252)(  7,255)(  8,256)( 10,254)( 11,253)( 12,250)
            ( 13,251)( 14,248)( 15,249)( 16,242)( 17,247)( 18,246)( 19,243)( 20,244)( 21,237)( 22,240)( 23,241)
            ( 24,226)( 25,239)( 26,238)( 27,235)( 28,236)( 29,233)( 30,234)( 31,227)( 32,232)( 33,231)( 34,228)
            ( 35,229)( 36,214)( 37,221)( 38,224)( 39,225)( 40,194)( 41,223)( 42,222)( 43,219)( 44,220)( 45,217)
            ( 46,218)( 47,211)( 48,216)( 49,215)( 50,212)( 51,213)( 52,206)( 53,209)( 54,210)( 55,195)( 56,208)
            ( 57,207)( 58,204)( 59,205)( 60,202)( 61,203)( 62,196)( 63,201)( 64,200)( 65,197)( 66,198)( 67,167)
            ( 68,182)( 69,189)( 70,192)( 71,193)( 72,130)( 73,191)( 74,190)( 75,187)( 76,188)( 77,185)( 78,186)
            ( 79,179)( 80,184)( 81,183)( 82,180)( 83,181)( 84,174)( 85,177)( 86,178)( 87,163)( 88,176)( 89,175)
            ( 90,172)( 91,173)( 92,170)( 93,171)( 94,164)( 95,169)( 96,168)( 97,165)( 98,166)( 99,151)(100,158)
            (101,161)(102,162)(103,131)(104,160)(105,159)(106,156)(107,157)(108,154)(109,155)(110,148)(111,153)
            (112,152)(113,149)(114,150)(115,143)(116,146)(117,147)(118,132)(119,145)(120,144)(121,141)(122,142)
            (123,139)(124,140)(125,133)(126,138)(127,137)(128,134)(129,135) ] ),
      ListEdges := [ [ 1, 2 ], [ 1, 4 ], [ 1, 5 ], [ 1, 8 ], [ 1, 9 ], [ 2, 3 ], [ 2, 5 ], [ 2, 6 ], [ 2, 9 ], 
          [ 3, 4 ], [ 3, 6 ], [ 3, 7 ], [ 3, 9 ], [ 4, 7 ], [ 4, 8 ], [ 4, 9 ], [ 5, 6 ], [ 5, 8 ], [ 5, 9 ], 
          [ 6, 7 ], [ 6, 9 ], [ 7, 8 ], [ 7, 9 ], [ 8, 9 ] ],
      ListSet := [ [  ], [ 1 ], [ 1, 2 ], [ 1, 2, 3 ], [ 1, 2, 3, 4 ], [ 1, 2, 3, 4, 5 ], [ 1, 2, 3, 4, 5, 6 ], 
          [ 1, 2, 3, 4, 5, 6, 7 ], [ 1, 2, 3, 4, 5, 6, 7, 8 ], [ 1, 2, 3, 4, 5, 6, 8 ], [ 1, 2, 3, 4, 5, 7 ], 
          [ 1, 2, 3, 4, 5, 7, 8 ], [ 1, 2, 3, 4, 5, 8 ], [ 1, 2, 3, 4, 6 ], [ 1, 2, 3, 4, 6, 7 ], 
          [ 1, 2, 3, 4, 6, 7, 8 ], [ 1, 2, 3, 4, 6, 8 ], [ 1, 2, 3, 4, 7 ], [ 1, 2, 3, 4, 7, 8 ], [ 1, 2, 3, 4, 8 ], 
          [ 1, 2, 3, 5 ], [ 1, 2, 3, 5, 6 ], [ 1, 2, 3, 5, 6, 7 ], [ 1, 2, 3, 5, 6, 7, 8 ], [ 1, 2, 3, 5, 6, 8 ], 
          [ 1, 2, 3, 5, 7 ], [ 1, 2, 3, 5, 7, 8 ], [ 1, 2, 3, 5, 8 ], [ 1, 2, 3, 6 ], [ 1, 2, 3, 6, 7 ], 
          [ 1, 2, 3, 6, 7, 8 ], [ 1, 2, 3, 6, 8 ], [ 1, 2, 3, 7 ], [ 1, 2, 3, 7, 8 ], [ 1, 2, 3, 8 ], [ 1, 2, 4 ], 
          [ 1, 2, 4, 5 ], [ 1, 2, 4, 5, 6 ], [ 1, 2, 4, 5, 6, 7 ], [ 1, 2, 4, 5, 6, 7, 8 ], [ 1, 2, 4, 5, 6, 8 ], 
          [ 1, 2, 4, 5, 7 ], [ 1, 2, 4, 5, 7, 8 ], [ 1, 2, 4, 5, 8 ], [ 1, 2, 4, 6 ], [ 1, 2, 4, 6, 7 ], 
          [ 1, 2, 4, 6, 7, 8 ], [ 1, 2, 4, 6, 8 ], [ 1, 2, 4, 7 ], [ 1, 2, 4, 7, 8 ], [ 1, 2, 4, 8 ], [ 1, 2, 5 ], 
          [ 1, 2, 5, 6 ], [ 1, 2, 5, 6, 7 ], [ 1, 2, 5, 6, 7, 8 ], [ 1, 2, 5, 6, 8 ], [ 1, 2, 5, 7 ], 
          [ 1, 2, 5, 7, 8 ], [ 1, 2, 5, 8 ], [ 1, 2, 6 ], [ 1, 2, 6, 7 ], [ 1, 2, 6, 7, 8 ], [ 1, 2, 6, 8 ], 
          [ 1, 2, 7 ], [ 1, 2, 7, 8 ], [ 1, 2, 8 ], [ 1, 3 ], [ 1, 3, 4 ], [ 1, 3, 4, 5 ], [ 1, 3, 4, 5, 6 ], 
          [ 1, 3, 4, 5, 6, 7 ], [ 1, 3, 4, 5, 6, 7, 8 ], [ 1, 3, 4, 5, 6, 8 ], [ 1, 3, 4, 5, 7 ], 
          [ 1, 3, 4, 5, 7, 8 ], [ 1, 3, 4, 5, 8 ], [ 1, 3, 4, 6 ], [ 1, 3, 4, 6, 7 ], [ 1, 3, 4, 6, 7, 8 ], 
          [ 1, 3, 4, 6, 8 ], [ 1, 3, 4, 7 ], [ 1, 3, 4, 7, 8 ], [ 1, 3, 4, 8 ], [ 1, 3, 5 ], [ 1, 3, 5, 6 ], 
          [ 1, 3, 5, 6, 7 ], [ 1, 3, 5, 6, 7, 8 ], [ 1, 3, 5, 6, 8 ], [ 1, 3, 5, 7 ], [ 1, 3, 5, 7, 8 ], 
          [ 1, 3, 5, 8 ], [ 1, 3, 6 ], [ 1, 3, 6, 7 ], [ 1, 3, 6, 7, 8 ], [ 1, 3, 6, 8 ], [ 1, 3, 7 ], 
          [ 1, 3, 7, 8 ], [ 1, 3, 8 ], [ 1, 4 ], [ 1, 4, 5 ], [ 1, 4, 5, 6 ], [ 1, 4, 5, 6, 7 ], 
          [ 1, 4, 5, 6, 7, 8 ], [ 1, 4, 5, 6, 8 ], [ 1, 4, 5, 7 ], [ 1, 4, 5, 7, 8 ], [ 1, 4, 5, 8 ], [ 1, 4, 6 ], 
          [ 1, 4, 6, 7 ], [ 1, 4, 6, 7, 8 ], [ 1, 4, 6, 8 ], [ 1, 4, 7 ], [ 1, 4, 7, 8 ], [ 1, 4, 8 ], [ 1, 5 ], 
          [ 1, 5, 6 ], [ 1, 5, 6, 7 ], [ 1, 5, 6, 7, 8 ], [ 1, 5, 6, 8 ], [ 1, 5, 7 ], [ 1, 5, 7, 8 ], [ 1, 5, 8 ], 
          [ 1, 6 ], [ 1, 6, 7 ], [ 1, 6, 7, 8 ], [ 1, 6, 8 ], [ 1, 7 ], [ 1, 7, 8 ], [ 1, 8 ], [ 2 ], [ 2, 3 ], 
          [ 2, 3, 4 ], [ 2, 3, 4, 5 ], [ 2, 3, 4, 5, 6 ], [ 2, 3, 4, 5, 6, 7 ], [ 2, 3, 4, 5, 6, 7, 8 ], 
          [ 2, 3, 4, 5, 6, 8 ], [ 2, 3, 4, 5, 7 ], [ 2, 3, 4, 5, 7, 8 ], [ 2, 3, 4, 5, 8 ], [ 2, 3, 4, 6 ], 
          [ 2, 3, 4, 6, 7 ], [ 2, 3, 4, 6, 7, 8 ], [ 2, 3, 4, 6, 8 ], [ 2, 3, 4, 7 ], [ 2, 3, 4, 7, 8 ], 
          [ 2, 3, 4, 8 ], [ 2, 3, 5 ], [ 2, 3, 5, 6 ], [ 2, 3, 5, 6, 7 ], [ 2, 3, 5, 6, 7, 8 ], [ 2, 3, 5, 6, 8 ], 
          [ 2, 3, 5, 7 ], [ 2, 3, 5, 7, 8 ], [ 2, 3, 5, 8 ], [ 2, 3, 6 ], [ 2, 3, 6, 7 ], [ 2, 3, 6, 7, 8 ], 
          [ 2, 3, 6, 8 ], [ 2, 3, 7 ], [ 2, 3, 7, 8 ], [ 2, 3, 8 ], [ 2, 4 ], [ 2, 4, 5 ], [ 2, 4, 5, 6 ], 
          [ 2, 4, 5, 6, 7 ], [ 2, 4, 5, 6, 7, 8 ], [ 2, 4, 5, 6, 8 ], [ 2, 4, 5, 7 ], [ 2, 4, 5, 7, 8 ], 
          [ 2, 4, 5, 8 ], [ 2, 4, 6 ], [ 2, 4, 6, 7 ], [ 2, 4, 6, 7, 8 ], [ 2, 4, 6, 8 ], [ 2, 4, 7 ], 
          [ 2, 4, 7, 8 ], [ 2, 4, 8 ], [ 2, 5 ], [ 2, 5, 6 ], [ 2, 5, 6, 7 ], [ 2, 5, 6, 7, 8 ], [ 2, 5, 6, 8 ], 
          [ 2, 5, 7 ], [ 2, 5, 7, 8 ], [ 2, 5, 8 ], [ 2, 6 ], [ 2, 6, 7 ], [ 2, 6, 7, 8 ], [ 2, 6, 8 ], [ 2, 7 ], 
          [ 2, 7, 8 ], [ 2, 8 ], [ 3 ], [ 3, 4 ], [ 3, 4, 5 ], [ 3, 4, 5, 6 ], [ 3, 4, 5, 6, 7 ], 
          [ 3, 4, 5, 6, 7, 8 ], [ 3, 4, 5, 6, 8 ], [ 3, 4, 5, 7 ], [ 3, 4, 5, 7, 8 ], [ 3, 4, 5, 8 ], [ 3, 4, 6 ], 
          [ 3, 4, 6, 7 ], [ 3, 4, 6, 7, 8 ], [ 3, 4, 6, 8 ], [ 3, 4, 7 ], [ 3, 4, 7, 8 ], [ 3, 4, 8 ], [ 3, 5 ], 
          [ 3, 5, 6 ], [ 3, 5, 6, 7 ], [ 3, 5, 6, 7, 8 ], [ 3, 5, 6, 8 ], [ 3, 5, 7 ], [ 3, 5, 7, 8 ], [ 3, 5, 8 ], 
          [ 3, 6 ], [ 3, 6, 7 ], [ 3, 6, 7, 8 ], [ 3, 6, 8 ], [ 3, 7 ], [ 3, 7, 8 ], [ 3, 8 ], [ 4 ], [ 4, 5 ], 
          [ 4, 5, 6 ], [ 4, 5, 6, 7 ], [ 4, 5, 6, 7, 8 ], [ 4, 5, 6, 8 ], [ 4, 5, 7 ], [ 4, 5, 7, 8 ], [ 4, 5, 8 ], 
          [ 4, 6 ], [ 4, 6, 7 ], [ 4, 6, 7, 8 ], [ 4, 6, 8 ], [ 4, 7 ], [ 4, 7, 8 ], [ 4, 8 ], [ 5 ], [ 5, 6 ], 
          [ 5, 6, 7 ], [ 5, 6, 7, 8 ], [ 5, 6, 8 ], [ 5, 7 ], [ 5, 7, 8 ], [ 5, 8 ], [ 6 ], [ 6, 7 ], [ 6, 7, 8 ], 
          [ 6, 8 ], [ 7 ], [ 7, 8 ], [ 8 ] ],
      ListVect := [ [ 1, 0, 0, 0, 0, 0, 0, 0, 0, 0, 0, 0, 0, 0, 0, 0, 0, 0, 0, 0, 0, 0, 0, 0, 0 ], 
          [ 1, 1, 1, 1, 1, 1, 0, 0, 0, 0, 0, 0, 0, 0, 0, 0, 0, 0, 0, 0, 0, 0, 0, 0, 0 ], 
          [ 1, 0, 1, 1, 1, 1, 1, 1, 1, 1, 0, 0, 0, 0, 0, 0, 0, 0, 0, 0, 0, 0, 0, 0, 0 ], 
          [ 1, 0, 1, 1, 1, 1, 0, 1, 1, 1, 1, 1, 1, 1, 0, 0, 0, 0, 0, 0, 0, 0, 0, 0, 0 ], 
          [ 1, 0, 0, 1, 1, 1, 0, 1, 1, 1, 0, 1, 1, 1, 1, 1, 1, 0, 0, 0, 0, 0, 0, 0, 0 ], 
          [ 1, 0, 0, 0, 1, 1, 0, 0, 1, 1, 0, 1, 1, 1, 1, 1, 1, 1, 1, 1, 0, 0, 0, 0, 0 ], 
          [ 1, 0, 0, 0, 1, 1, 0, 0, 0, 1, 0, 0, 1, 1, 1, 1, 1, 0, 1, 1, 1, 1, 0, 0, 0 ], 
          [ 1, 0, 0, 0, 1, 1, 0, 0, 0, 1, 0, 0, 0, 1, 0, 1, 1, 0, 1, 1, 0, 1, 1, 1, 0 ], 
          [ 1, 0, 0, 0, 0, 1, 0, 0, 0, 1, 0, 0, 0, 1, 0, 0, 1, 0, 0, 1, 0, 1, 0, 1, 1 ], 
          [ 1, 0, 0, 0, 0, 1, 0, 0, 0, 1, 0, 0, 1, 1, 1, 0, 1, 0, 0, 1, 1, 1, 1, 0, 1 ], 
          [ 1, 0, 0, 0, 1, 1, 0, 0, 1, 1, 0, 1, 0, 1, 0, 1, 1, 1, 1, 1, 1, 0, 1, 1, 0 ], 
          [ 1, 0, 0, 0, 0, 1, 0, 0, 1, 1, 0, 1, 0, 1, 0, 0, 1, 1, 0, 1, 1, 0, 0, 1, 1 ], 
          [ 1, 0, 0, 0, 0, 1, 0, 0, 1, 1, 0, 1, 1, 1, 1, 0, 1, 1, 0, 1, 0, 0, 1, 0, 1 ], 
          [ 1, 0, 0, 1, 1, 1, 0, 1, 0, 1, 0, 0, 1, 1, 1, 1, 1, 1, 0, 0, 1, 1, 0, 0, 0 ], 
          [ 1, 0, 0, 1, 1, 1, 0, 1, 0, 1, 0, 0, 0, 1, 0, 1, 1, 1, 0, 0, 0, 1, 1, 1, 0 ], 
          [ 1, 0, 0, 1, 0, 1, 0, 1, 0, 1, 0, 0, 0, 1, 0, 0, 1, 1, 1, 0, 0, 1, 0, 1, 1 ], 
          [ 1, 0, 0, 1, 0, 1, 0, 1, 0, 1, 0, 0, 1, 1, 1, 0, 1, 1, 1, 0, 1, 1, 1, 0, 1 ], 
          [ 1, 0, 0, 1, 1, 1, 0, 1, 1, 1, 0, 1, 0, 1, 0, 1, 1, 0, 0, 0, 1, 0, 1, 1, 0 ], 
          [ 1, 0, 0, 1, 0, 1, 0, 1, 1, 1, 0, 1, 0, 1, 0, 0, 1, 0, 1, 0, 1, 0, 0, 1, 1 ], 
          [ 1, 0, 0, 1, 0, 1, 0, 1, 1, 1, 0, 1, 1, 1, 1, 0, 1, 0, 1, 0, 0, 0, 1, 0, 1 ], 
          [ 1, 0, 1, 0, 1, 1, 0, 0, 1, 1, 1, 1, 1, 1, 0, 0, 0, 1, 1, 1, 0, 0, 0, 0, 0 ], 
          [ 1, 0, 1, 0, 1, 1, 0, 0, 0, 1, 1, 0, 1, 1, 0, 0, 0, 0, 1, 1, 1, 1, 0, 0, 0 ], 
          [ 1, 0, 1, 0, 1, 1, 0, 0, 0, 1, 1, 0, 0, 1, 1, 0, 0, 0, 1, 1, 0, 1, 1, 1, 0 ], 
          [ 1, 0, 1, 0, 0, 1, 0, 0, 0, 1, 1, 0, 0, 1, 1, 1, 0, 0, 0, 1, 0, 1, 0, 1, 1 ], 
          [ 1, 0, 1, 0, 0, 1, 0, 0, 0, 1, 1, 0, 1, 1, 0, 1, 0, 0, 0, 1, 1, 1, 1, 0, 1 ], 
          [ 1, 0, 1, 0, 1, 1, 0, 0, 1, 1, 1, 1, 0, 1, 1, 0, 0, 1, 1, 1, 1, 0, 1, 1, 0 ], 
          [ 1, 0, 1, 0, 0, 1, 0, 0, 1, 1, 1, 1, 0, 1, 1, 1, 0, 1, 0, 1, 1, 0, 0, 1, 1 ], 
          [ 1, 0, 1, 0, 0, 1, 0, 0, 1, 1, 1, 1, 1, 1, 0, 1, 0, 1, 0, 1, 0, 0, 1, 0, 1 ], 
          [ 1, 0, 1, 1, 1, 1, 0, 1, 0, 1, 1, 0, 1, 1, 0, 0, 0, 1, 0, 0, 1, 1, 0, 0, 0 ], 
          [ 1, 0, 1, 1, 1, 1, 0, 1, 0, 1, 1, 0, 0, 1, 1, 0, 0, 1, 0, 0, 0, 1, 1, 1, 0 ], 
          [ 1, 0, 1, 1, 0, 1, 0, 1, 0, 1, 1, 0, 0, 1, 1, 1, 0, 1, 1, 0, 0, 1, 0, 1, 1 ], 
          [ 1, 0, 1, 1, 0, 1, 0, 1, 0, 1, 1, 0, 1, 1, 0, 1, 0, 1, 1, 0, 1, 1, 1, 0, 1 ], 
          [ 1, 0, 1, 1, 1, 1, 0, 1, 1, 1, 1, 1, 0, 1, 1, 0, 0, 0, 0, 0, 1, 0, 1, 1, 0 ], 
          [ 1, 0, 1, 1, 0, 1, 0, 1, 1, 1, 1, 1, 0, 1, 1, 1, 0, 0, 1, 0, 1, 0, 0, 1, 1 ], 
          [ 1, 0, 1, 1, 0, 1, 0, 1, 1, 1, 1, 1, 1, 1, 0, 1, 0, 0, 1, 0, 0, 0, 1, 0, 1 ], 
          [ 1, 0, 0, 1, 1, 1, 1, 1, 1, 1, 1, 0, 0, 0, 1, 1, 1, 0, 0, 0, 0, 0, 0, 0, 0 ], 
          [ 1, 0, 0, 0, 1, 1, 1, 0, 1, 1, 1, 0, 0, 0, 1, 1, 1, 1, 1, 1, 0, 0, 0, 0, 0 ], 
          [ 1, 0, 0, 0, 1, 1, 1, 0, 0, 1, 1, 1, 0, 0, 1, 1, 1, 0, 1, 1, 1, 1, 0, 0, 0 ], 
          [ 1, 0, 0, 0, 1, 1, 1, 0, 0, 1, 1, 1, 1, 0, 0, 1, 1, 0, 1, 1, 0, 1, 1, 1, 0 ], 
          [ 1, 0, 0, 0, 0, 1, 1, 0, 0, 1, 1, 1, 1, 0, 0, 0, 1, 0, 0, 1, 0, 1, 0, 1, 1 ], 
          [ 1, 0, 0, 0, 0, 1, 1, 0, 0, 1, 1, 1, 0, 0, 1, 0, 1, 0, 0, 1, 1, 1, 1, 0, 1 ], 
          [ 1, 0, 0, 0, 1, 1, 1, 0, 1, 1, 1, 0, 1, 0, 0, 1, 1, 1, 1, 1, 1, 0, 1, 1, 0 ], 
          [ 1, 0, 0, 0, 0, 1, 1, 0, 1, 1, 1, 0, 1, 0, 0, 0, 1, 1, 0, 1, 1, 0, 0, 1, 1 ], 
          [ 1, 0, 0, 0, 0, 1, 1, 0, 1, 1, 1, 0, 0, 0, 1, 0, 1, 1, 0, 1, 0, 0, 1, 0, 1 ], 
          [ 1, 0, 0, 1, 1, 1, 1, 1, 0, 1, 1, 1, 0, 0, 1, 1, 1, 1, 0, 0, 1, 1, 0, 0, 0 ], 
          [ 1, 0, 0, 1, 1, 1, 1, 1, 0, 1, 1, 1, 1, 0, 0, 1, 1, 1, 0, 0, 0, 1, 1, 1, 0 ], 
          [ 1, 0, 0, 1, 0, 1, 1, 1, 0, 1, 1, 1, 1, 0, 0, 0, 1, 1, 1, 0, 0, 1, 0, 1, 1 ], 
          [ 1, 0, 0, 1, 0, 1, 1, 1, 0, 1, 1, 1, 0, 0, 1, 0, 1, 1, 1, 0, 1, 1, 1, 0, 1 ], 
          [ 1, 0, 0, 1, 1, 1, 1, 1, 1, 1, 1, 0, 1, 0, 0, 1, 1, 0, 0, 0, 1, 0, 1, 1, 0 ], 
          [ 1, 0, 0, 1, 0, 1, 1, 1, 1, 1, 1, 0, 1, 0, 0, 0, 1, 0, 1, 0, 1, 0, 0, 1, 1 ], 
          [ 1, 0, 0, 1, 0, 1, 1, 1, 1, 1, 1, 0, 0, 0, 1, 0, 1, 0, 1, 0, 0, 0, 1, 0, 1 ], 
          [ 1, 0, 1, 0, 1, 1, 1, 0, 1, 1, 0, 0, 0, 0, 0, 0, 0, 1, 1, 1, 0, 0, 0, 0, 0 ], 
          [ 1, 0, 1, 0, 1, 1, 1, 0, 0, 1, 0, 1, 0, 0, 0, 0, 0, 0, 1, 1, 1, 1, 0, 0, 0 ], 
          [ 1, 0, 1, 0, 1, 1, 1, 0, 0, 1, 0, 1, 1, 0, 1, 0, 0, 0, 1, 1, 0, 1, 1, 1, 0 ], 
          [ 1, 0, 1, 0, 0, 1, 1, 0, 0, 1, 0, 1, 1, 0, 1, 1, 0, 0, 0, 1, 0, 1, 0, 1, 1 ], 
          [ 1, 0, 1, 0, 0, 1, 1, 0, 0, 1, 0, 1, 0, 0, 0, 1, 0, 0, 0, 1, 1, 1, 1, 0, 1 ], 
          [ 1, 0, 1, 0, 1, 1, 1, 0, 1, 1, 0, 0, 1, 0, 1, 0, 0, 1, 1, 1, 1, 0, 1, 1, 0 ], 
          [ 1, 0, 1, 0, 0, 1, 1, 0, 1, 1, 0, 0, 1, 0, 1, 1, 0, 1, 0, 1, 1, 0, 0, 1, 1 ], 
          [ 1, 0, 1, 0, 0, 1, 1, 0, 1, 1, 0, 0, 0, 0, 0, 1, 0, 1, 0, 1, 0, 0, 1, 0, 1 ], 
          [ 1, 0, 1, 1, 1, 1, 1, 1, 0, 1, 0, 1, 0, 0, 0, 0, 0, 1, 0, 0, 1, 1, 0, 0, 0 ], 
          [ 1, 0, 1, 1, 1, 1, 1, 1, 0, 1, 0, 1, 1, 0, 1, 0, 0, 1, 0, 0, 0, 1, 1, 1, 0 ], 
          [ 1, 0, 1, 1, 0, 1, 1, 1, 0, 1, 0, 1, 1, 0, 1, 1, 0, 1, 1, 0, 0, 1, 0, 1, 1 ], 
          [ 1, 0, 1, 1, 0, 1, 1, 1, 0, 1, 0, 1, 0, 0, 0, 1, 0, 1, 1, 0, 1, 1, 1, 0, 1 ], 
          [ 1, 0, 1, 1, 1, 1, 1, 1, 1, 1, 0, 0, 1, 0, 1, 0, 0, 0, 0, 0, 1, 0, 1, 1, 0 ], 
          [ 1, 0, 1, 1, 0, 1, 1, 1, 1, 1, 0, 0, 1, 0, 1, 1, 0, 0, 1, 0, 1, 0, 0, 1, 1 ], 
          [ 1, 0, 1, 1, 0, 1, 1, 1, 1, 1, 0, 0, 0, 0, 0, 1, 0, 0, 1, 0, 0, 0, 1, 0, 1 ], 
          [ 1, 1, 1, 1, 1, 1, 1, 0, 0, 0, 1, 1, 1, 1, 0, 0, 0, 0, 0, 0, 0, 0, 0, 0, 0 ], 
          [ 1, 1, 0, 1, 1, 1, 1, 0, 0, 0, 0, 1, 1, 1, 1, 1, 1, 0, 0, 0, 0, 0, 0, 0, 0 ], 
          [ 1, 1, 0, 0, 1, 1, 1, 1, 0, 0, 0, 1, 1, 1, 1, 1, 1, 1, 1, 1, 0, 0, 0, 0, 0 ], 
          [ 1, 1, 0, 0, 1, 1, 1, 1, 1, 0, 0, 0, 1, 1, 1, 1, 1, 0, 1, 1, 1, 1, 0, 0, 0 ], 
          [ 1, 1, 0, 0, 1, 1, 1, 1, 1, 0, 0, 0, 0, 1, 0, 1, 1, 0, 1, 1, 0, 1, 1, 1, 0 ], 
          [ 1, 1, 0, 0, 0, 1, 1, 1, 1, 0, 0, 0, 0, 1, 0, 0, 1, 0, 0, 1, 0, 1, 0, 1, 1 ], 
          [ 1, 1, 0, 0, 0, 1, 1, 1, 1, 0, 0, 0, 1, 1, 1, 0, 1, 0, 0, 1, 1, 1, 1, 0, 1 ], 
          [ 1, 1, 0, 0, 1, 1, 1, 1, 0, 0, 0, 1, 0, 1, 0, 1, 1, 1, 1, 1, 1, 0, 1, 1, 0 ], 
          [ 1, 1, 0, 0, 0, 1, 1, 1, 0, 0, 0, 1, 0, 1, 0, 0, 1, 1, 0, 1, 1, 0, 0, 1, 1 ], 
          [ 1, 1, 0, 0, 0, 1, 1, 1, 0, 0, 0, 1, 1, 1, 1, 0, 1, 1, 0, 1, 0, 0, 1, 0, 1 ], 
          [ 1, 1, 0, 1, 1, 1, 1, 0, 1, 0, 0, 0, 1, 1, 1, 1, 1, 1, 0, 0, 1, 1, 0, 0, 0 ], 
          [ 1, 1, 0, 1, 1, 1, 1, 0, 1, 0, 0, 0, 0, 1, 0, 1, 1, 1, 0, 0, 0, 1, 1, 1, 0 ], 
          [ 1, 1, 0, 1, 0, 1, 1, 0, 1, 0, 0, 0, 0, 1, 0, 0, 1, 1, 1, 0, 0, 1, 0, 1, 1 ], 
          [ 1, 1, 0, 1, 0, 1, 1, 0, 1, 0, 0, 0, 1, 1, 1, 0, 1, 1, 1, 0, 1, 1, 1, 0, 1 ], 
          [ 1, 1, 0, 1, 1, 1, 1, 0, 0, 0, 0, 1, 0, 1, 0, 1, 1, 0, 0, 0, 1, 0, 1, 1, 0 ], 
          [ 1, 1, 0, 1, 0, 1, 1, 0, 0, 0, 0, 1, 0, 1, 0, 0, 1, 0, 1, 0, 1, 0, 0, 1, 1 ], 
          [ 1, 1, 0, 1, 0, 1, 1, 0, 0, 0, 0, 1, 1, 1, 1, 0, 1, 0, 1, 0, 0, 0, 1, 0, 1 ], 
          [ 1, 1, 1, 0, 1, 1, 1, 1, 0, 0, 1, 1, 1, 1, 0, 0, 0, 1, 1, 1, 0, 0, 0, 0, 0 ], 
          [ 1, 1, 1, 0, 1, 1, 1, 1, 1, 0, 1, 0, 1, 1, 0, 0, 0, 0, 1, 1, 1, 1, 0, 0, 0 ], 
          [ 1, 1, 1, 0, 1, 1, 1, 1, 1, 0, 1, 0, 0, 1, 1, 0, 0, 0, 1, 1, 0, 1, 1, 1, 0 ], 
          [ 1, 1, 1, 0, 0, 1, 1, 1, 1, 0, 1, 0, 0, 1, 1, 1, 0, 0, 0, 1, 0, 1, 0, 1, 1 ], 
          [ 1, 1, 1, 0, 0, 1, 1, 1, 1, 0, 1, 0, 1, 1, 0, 1, 0, 0, 0, 1, 1, 1, 1, 0, 1 ], 
          [ 1, 1, 1, 0, 1, 1, 1, 1, 0, 0, 1, 1, 0, 1, 1, 0, 0, 1, 1, 1, 1, 0, 1, 1, 0 ], 
          [ 1, 1, 1, 0, 0, 1, 1, 1, 0, 0, 1, 1, 0, 1, 1, 1, 0, 1, 0, 1, 1, 0, 0, 1, 1 ], 
          [ 1, 1, 1, 0, 0, 1, 1, 1, 0, 0, 1, 1, 1, 1, 0, 1, 0, 1, 0, 1, 0, 0, 1, 0, 1 ], 
          [ 1, 1, 1, 1, 1, 1, 1, 0, 1, 0, 1, 0, 1, 1, 0, 0, 0, 1, 0, 0, 1, 1, 0, 0, 0 ], 
          [ 1, 1, 1, 1, 1, 1, 1, 0, 1, 0, 1, 0, 0, 1, 1, 0, 0, 1, 0, 0, 0, 1, 1, 1, 0 ], 
          [ 1, 1, 1, 1, 0, 1, 1, 0, 1, 0, 1, 0, 0, 1, 1, 1, 0, 1, 1, 0, 0, 1, 0, 1, 1 ], 
          [ 1, 1, 1, 1, 0, 1, 1, 0, 1, 0, 1, 0, 1, 1, 0, 1, 0, 1, 1, 0, 1, 1, 1, 0, 1 ], 
          [ 1, 1, 1, 1, 1, 1, 1, 0, 0, 0, 1, 1, 0, 1, 1, 0, 0, 0, 0, 0, 1, 0, 1, 1, 0 ], 
          [ 1, 1, 1, 1, 0, 1, 1, 0, 0, 0, 1, 1, 0, 1, 1, 1, 0, 0, 1, 0, 1, 0, 0, 1, 1 ], 
          [ 1, 1, 1, 1, 0, 1, 1, 0, 0, 0, 1, 1, 1, 1, 0, 1, 0, 0, 1, 0, 0, 0, 1, 0, 1 ], 
          [ 1, 1, 0, 1, 1, 1, 0, 0, 0, 0, 1, 0, 0, 0, 1, 1, 1, 0, 0, 0, 0, 0, 0, 0, 0 ], 
          [ 1, 1, 0, 0, 1, 1, 0, 1, 0, 0, 1, 0, 0, 0, 1, 1, 1, 1, 1, 1, 0, 0, 0, 0, 0 ], 
          [ 1, 1, 0, 0, 1, 1, 0, 1, 1, 0, 1, 1, 0, 0, 1, 1, 1, 0, 1, 1, 1, 1, 0, 0, 0 ], 
          [ 1, 1, 0, 0, 1, 1, 0, 1, 1, 0, 1, 1, 1, 0, 0, 1, 1, 0, 1, 1, 0, 1, 1, 1, 0 ], 
          [ 1, 1, 0, 0, 0, 1, 0, 1, 1, 0, 1, 1, 1, 0, 0, 0, 1, 0, 0, 1, 0, 1, 0, 1, 1 ], 
          [ 1, 1, 0, 0, 0, 1, 0, 1, 1, 0, 1, 1, 0, 0, 1, 0, 1, 0, 0, 1, 1, 1, 1, 0, 1 ], 
          [ 1, 1, 0, 0, 1, 1, 0, 1, 0, 0, 1, 0, 1, 0, 0, 1, 1, 1, 1, 1, 1, 0, 1, 1, 0 ], 
          [ 1, 1, 0, 0, 0, 1, 0, 1, 0, 0, 1, 0, 1, 0, 0, 0, 1, 1, 0, 1, 1, 0, 0, 1, 1 ], 
          [ 1, 1, 0, 0, 0, 1, 0, 1, 0, 0, 1, 0, 0, 0, 1, 0, 1, 1, 0, 1, 0, 0, 1, 0, 1 ], 
          [ 1, 1, 0, 1, 1, 1, 0, 0, 1, 0, 1, 1, 0, 0, 1, 1, 1, 1, 0, 0, 1, 1, 0, 0, 0 ], 
          [ 1, 1, 0, 1, 1, 1, 0, 0, 1, 0, 1, 1, 1, 0, 0, 1, 1, 1, 0, 0, 0, 1, 1, 1, 0 ], 
          [ 1, 1, 0, 1, 0, 1, 0, 0, 1, 0, 1, 1, 1, 0, 0, 0, 1, 1, 1, 0, 0, 1, 0, 1, 1 ], 
          [ 1, 1, 0, 1, 0, 1, 0, 0, 1, 0, 1, 1, 0, 0, 1, 0, 1, 1, 1, 0, 1, 1, 1, 0, 1 ], 
          [ 1, 1, 0, 1, 1, 1, 0, 0, 0, 0, 1, 0, 1, 0, 0, 1, 1, 0, 0, 0, 1, 0, 1, 1, 0 ], 
          [ 1, 1, 0, 1, 0, 1, 0, 0, 0, 0, 1, 0, 1, 0, 0, 0, 1, 0, 1, 0, 1, 0, 0, 1, 1 ], 
          [ 1, 1, 0, 1, 0, 1, 0, 0, 0, 0, 1, 0, 0, 0, 1, 0, 1, 0, 1, 0, 0, 0, 1, 0, 1 ], 
          [ 1, 1, 1, 0, 1, 1, 0, 1, 0, 0, 0, 0, 0, 0, 0, 0, 0, 1, 1, 1, 0, 0, 0, 0, 0 ], 
          [ 1, 1, 1, 0, 1, 1, 0, 1, 1, 0, 0, 1, 0, 0, 0, 0, 0, 0, 1, 1, 1, 1, 0, 0, 0 ], 
          [ 1, 1, 1, 0, 1, 1, 0, 1, 1, 0, 0, 1, 1, 0, 1, 0, 0, 0, 1, 1, 0, 1, 1, 1, 0 ], 
          [ 1, 1, 1, 0, 0, 1, 0, 1, 1, 0, 0, 1, 1, 0, 1, 1, 0, 0, 0, 1, 0, 1, 0, 1, 1 ], 
          [ 1, 1, 1, 0, 0, 1, 0, 1, 1, 0, 0, 1, 0, 0, 0, 1, 0, 0, 0, 1, 1, 1, 1, 0, 1 ], 
          [ 1, 1, 1, 0, 1, 1, 0, 1, 0, 0, 0, 0, 1, 0, 1, 0, 0, 1, 1, 1, 1, 0, 1, 1, 0 ], 
          [ 1, 1, 1, 0, 0, 1, 0, 1, 0, 0, 0, 0, 1, 0, 1, 1, 0, 1, 0, 1, 1, 0, 0, 1, 1 ], 
          [ 1, 1, 1, 0, 0, 1, 0, 1, 0, 0, 0, 0, 0, 0, 0, 1, 0, 1, 0, 1, 0, 0, 1, 0, 1 ], 
          [ 1, 1, 1, 1, 1, 1, 0, 0, 1, 0, 0, 1, 0, 0, 0, 0, 0, 1, 0, 0, 1, 1, 0, 0, 0 ], 
          [ 1, 1, 1, 1, 1, 1, 0, 0, 1, 0, 0, 1, 1, 0, 1, 0, 0, 1, 0, 0, 0, 1, 1, 1, 0 ], 
          [ 1, 1, 1, 1, 0, 1, 0, 0, 1, 0, 0, 1, 1, 0, 1, 1, 0, 1, 1, 0, 0, 1, 0, 1, 1 ], 
          [ 1, 1, 1, 1, 0, 1, 0, 0, 1, 0, 0, 1, 0, 0, 0, 1, 0, 1, 1, 0, 1, 1, 1, 0, 1 ], 
          [ 1, 1, 1, 1, 1, 1, 0, 0, 0, 0, 0, 0, 1, 0, 1, 0, 0, 0, 0, 0, 1, 0, 1, 1, 0 ], 
          [ 1, 1, 1, 1, 0, 1, 0, 0, 0, 0, 0, 0, 1, 0, 1, 1, 0, 0, 1, 0, 1, 0, 0, 1, 1 ], 
          [ 1, 1, 1, 1, 0, 1, 0, 0, 0, 0, 0, 0, 0, 0, 0, 1, 0, 0, 1, 0, 0, 0, 1, 0, 1 ], 
          [ 1, 1, 0, 0, 0, 0, 1, 1, 1, 1, 0, 0, 0, 0, 0, 0, 0, 0, 0, 0, 0, 0, 0, 0, 0 ], 
          [ 1, 1, 0, 0, 0, 0, 0, 1, 1, 1, 1, 1, 1, 1, 0, 0, 0, 0, 0, 0, 0, 0, 0, 0, 0 ], 
          [ 1, 1, 1, 0, 0, 0, 0, 1, 1, 1, 0, 1, 1, 1, 1, 1, 1, 0, 0, 0, 0, 0, 0, 0, 0 ], 
          [ 1, 1, 1, 1, 0, 0, 0, 0, 1, 1, 0, 1, 1, 1, 1, 1, 1, 1, 1, 1, 0, 0, 0, 0, 0 ], 
          [ 1, 1, 1, 1, 0, 0, 0, 0, 0, 1, 0, 0, 1, 1, 1, 1, 1, 0, 1, 1, 1, 1, 0, 0, 0 ], 
          [ 1, 1, 1, 1, 0, 0, 0, 0, 0, 1, 0, 0, 0, 1, 0, 1, 1, 0, 1, 1, 0, 1, 1, 1, 0 ], 
          [ 1, 1, 1, 1, 1, 0, 0, 0, 0, 1, 0, 0, 0, 1, 0, 0, 1, 0, 0, 1, 0, 1, 0, 1, 1 ], 
          [ 1, 1, 1, 1, 1, 0, 0, 0, 0, 1, 0, 0, 1, 1, 1, 0, 1, 0, 0, 1, 1, 1, 1, 0, 1 ], 
          [ 1, 1, 1, 1, 0, 0, 0, 0, 1, 1, 0, 1, 0, 1, 0, 1, 1, 1, 1, 1, 1, 0, 1, 1, 0 ], 
          [ 1, 1, 1, 1, 1, 0, 0, 0, 1, 1, 0, 1, 0, 1, 0, 0, 1, 1, 0, 1, 1, 0, 0, 1, 1 ], 
          [ 1, 1, 1, 1, 1, 0, 0, 0, 1, 1, 0, 1, 1, 1, 1, 0, 1, 1, 0, 1, 0, 0, 1, 0, 1 ], 
          [ 1, 1, 1, 0, 0, 0, 0, 1, 0, 1, 0, 0, 1, 1, 1, 1, 1, 1, 0, 0, 1, 1, 0, 0, 0 ], 
          [ 1, 1, 1, 0, 0, 0, 0, 1, 0, 1, 0, 0, 0, 1, 0, 1, 1, 1, 0, 0, 0, 1, 1, 1, 0 ], 
          [ 1, 1, 1, 0, 1, 0, 0, 1, 0, 1, 0, 0, 0, 1, 0, 0, 1, 1, 1, 0, 0, 1, 0, 1, 1 ], 
          [ 1, 1, 1, 0, 1, 0, 0, 1, 0, 1, 0, 0, 1, 1, 1, 0, 1, 1, 1, 0, 1, 1, 1, 0, 1 ], 
          [ 1, 1, 1, 0, 0, 0, 0, 1, 1, 1, 0, 1, 0, 1, 0, 1, 1, 0, 0, 0, 1, 0, 1, 1, 0 ], 
          [ 1, 1, 1, 0, 1, 0, 0, 1, 1, 1, 0, 1, 0, 1, 0, 0, 1, 0, 1, 0, 1, 0, 0, 1, 1 ], 
          [ 1, 1, 1, 0, 1, 0, 0, 1, 1, 1, 0, 1, 1, 1, 1, 0, 1, 0, 1, 0, 0, 0, 1, 0, 1 ], 
          [ 1, 1, 0, 1, 0, 0, 0, 0, 1, 1, 1, 1, 1, 1, 0, 0, 0, 1, 1, 1, 0, 0, 0, 0, 0 ], 
          [ 1, 1, 0, 1, 0, 0, 0, 0, 0, 1, 1, 0, 1, 1, 0, 0, 0, 0, 1, 1, 1, 1, 0, 0, 0 ], 
          [ 1, 1, 0, 1, 0, 0, 0, 0, 0, 1, 1, 0, 0, 1, 1, 0, 0, 0, 1, 1, 0, 1, 1, 1, 0 ], 
          [ 1, 1, 0, 1, 1, 0, 0, 0, 0, 1, 1, 0, 0, 1, 1, 1, 0, 0, 0, 1, 0, 1, 0, 1, 1 ], 
          [ 1, 1, 0, 1, 1, 0, 0, 0, 0, 1, 1, 0, 1, 1, 0, 1, 0, 0, 0, 1, 1, 1, 1, 0, 1 ], 
          [ 1, 1, 0, 1, 0, 0, 0, 0, 1, 1, 1, 1, 0, 1, 1, 0, 0, 1, 1, 1, 1, 0, 1, 1, 0 ], 
          [ 1, 1, 0, 1, 1, 0, 0, 0, 1, 1, 1, 1, 0, 1, 1, 1, 0, 1, 0, 1, 1, 0, 0, 1, 1 ], 
          [ 1, 1, 0, 1, 1, 0, 0, 0, 1, 1, 1, 1, 1, 1, 0, 1, 0, 1, 0, 1, 0, 0, 1, 0, 1 ], 
          [ 1, 1, 0, 0, 0, 0, 0, 1, 0, 1, 1, 0, 1, 1, 0, 0, 0, 1, 0, 0, 1, 1, 0, 0, 0 ], 
          [ 1, 1, 0, 0, 0, 0, 0, 1, 0, 1, 1, 0, 0, 1, 1, 0, 0, 1, 0, 0, 0, 1, 1, 1, 0 ], 
          [ 1, 1, 0, 0, 1, 0, 0, 1, 0, 1, 1, 0, 0, 1, 1, 1, 0, 1, 1, 0, 0, 1, 0, 1, 1 ], 
          [ 1, 1, 0, 0, 1, 0, 0, 1, 0, 1, 1, 0, 1, 1, 0, 1, 0, 1, 1, 0, 1, 1, 1, 0, 1 ], 
          [ 1, 1, 0, 0, 0, 0, 0, 1, 1, 1, 1, 1, 0, 1, 1, 0, 0, 0, 0, 0, 1, 0, 1, 1, 0 ], 
          [ 1, 1, 0, 0, 1, 0, 0, 1, 1, 1, 1, 1, 0, 1, 1, 1, 0, 0, 1, 0, 1, 0, 0, 1, 1 ], 
          [ 1, 1, 0, 0, 1, 0, 0, 1, 1, 1, 1, 1, 1, 1, 0, 1, 0, 0, 1, 0, 0, 0, 1, 0, 1 ], 
          [ 1, 1, 1, 0, 0, 0, 1, 1, 1, 1, 1, 0, 0, 0, 1, 1, 1, 0, 0, 0, 0, 0, 0, 0, 0 ], 
          [ 1, 1, 1, 1, 0, 0, 1, 0, 1, 1, 1, 0, 0, 0, 1, 1, 1, 1, 1, 1, 0, 0, 0, 0, 0 ], 
          [ 1, 1, 1, 1, 0, 0, 1, 0, 0, 1, 1, 1, 0, 0, 1, 1, 1, 0, 1, 1, 1, 1, 0, 0, 0 ], 
          [ 1, 1, 1, 1, 0, 0, 1, 0, 0, 1, 1, 1, 1, 0, 0, 1, 1, 0, 1, 1, 0, 1, 1, 1, 0 ], 
          [ 1, 1, 1, 1, 1, 0, 1, 0, 0, 1, 1, 1, 1, 0, 0, 0, 1, 0, 0, 1, 0, 1, 0, 1, 1 ], 
          [ 1, 1, 1, 1, 1, 0, 1, 0, 0, 1, 1, 1, 0, 0, 1, 0, 1, 0, 0, 1, 1, 1, 1, 0, 1 ], 
          [ 1, 1, 1, 1, 0, 0, 1, 0, 1, 1, 1, 0, 1, 0, 0, 1, 1, 1, 1, 1, 1, 0, 1, 1, 0 ], 
          [ 1, 1, 1, 1, 1, 0, 1, 0, 1, 1, 1, 0, 1, 0, 0, 0, 1, 1, 0, 1, 1, 0, 0, 1, 1 ], 
          [ 1, 1, 1, 1, 1, 0, 1, 0, 1, 1, 1, 0, 0, 0, 1, 0, 1, 1, 0, 1, 0, 0, 1, 0, 1 ], 
          [ 1, 1, 1, 0, 0, 0, 1, 1, 0, 1, 1, 1, 0, 0, 1, 1, 1, 1, 0, 0, 1, 1, 0, 0, 0 ], 
          [ 1, 1, 1, 0, 0, 0, 1, 1, 0, 1, 1, 1, 1, 0, 0, 1, 1, 1, 0, 0, 0, 1, 1, 1, 0 ], 
          [ 1, 1, 1, 0, 1, 0, 1, 1, 0, 1, 1, 1, 1, 0, 0, 0, 1, 1, 1, 0, 0, 1, 0, 1, 1 ], 
          [ 1, 1, 1, 0, 1, 0, 1, 1, 0, 1, 1, 1, 0, 0, 1, 0, 1, 1, 1, 0, 1, 1, 1, 0, 1 ], 
          [ 1, 1, 1, 0, 0, 0, 1, 1, 1, 1, 1, 0, 1, 0, 0, 1, 1, 0, 0, 0, 1, 0, 1, 1, 0 ], 
          [ 1, 1, 1, 0, 1, 0, 1, 1, 1, 1, 1, 0, 1, 0, 0, 0, 1, 0, 1, 0, 1, 0, 0, 1, 1 ], 
          [ 1, 1, 1, 0, 1, 0, 1, 1, 1, 1, 1, 0, 0, 0, 1, 0, 1, 0, 1, 0, 0, 0, 1, 0, 1 ], 
          [ 1, 1, 0, 1, 0, 0, 1, 0, 1, 1, 0, 0, 0, 0, 0, 0, 0, 1, 1, 1, 0, 0, 0, 0, 0 ], 
          [ 1, 1, 0, 1, 0, 0, 1, 0, 0, 1, 0, 1, 0, 0, 0, 0, 0, 0, 1, 1, 1, 1, 0, 0, 0 ], 
          [ 1, 1, 0, 1, 0, 0, 1, 0, 0, 1, 0, 1, 1, 0, 1, 0, 0, 0, 1, 1, 0, 1, 1, 1, 0 ], 
          [ 1, 1, 0, 1, 1, 0, 1, 0, 0, 1, 0, 1, 1, 0, 1, 1, 0, 0, 0, 1, 0, 1, 0, 1, 1 ], 
          [ 1, 1, 0, 1, 1, 0, 1, 0, 0, 1, 0, 1, 0, 0, 0, 1, 0, 0, 0, 1, 1, 1, 1, 0, 1 ], 
          [ 1, 1, 0, 1, 0, 0, 1, 0, 1, 1, 0, 0, 1, 0, 1, 0, 0, 1, 1, 1, 1, 0, 1, 1, 0 ], 
          [ 1, 1, 0, 1, 1, 0, 1, 0, 1, 1, 0, 0, 1, 0, 1, 1, 0, 1, 0, 1, 1, 0, 0, 1, 1 ], 
          [ 1, 1, 0, 1, 1, 0, 1, 0, 1, 1, 0, 0, 0, 0, 0, 1, 0, 1, 0, 1, 0, 0, 1, 0, 1 ], 
          [ 1, 1, 0, 0, 0, 0, 1, 1, 0, 1, 0, 1, 0, 0, 0, 0, 0, 1, 0, 0, 1, 1, 0, 0, 0 ], 
          [ 1, 1, 0, 0, 0, 0, 1, 1, 0, 1, 0, 1, 1, 0, 1, 0, 0, 1, 0, 0, 0, 1, 1, 1, 0 ], 
          [ 1, 1, 0, 0, 1, 0, 1, 1, 0, 1, 0, 1, 1, 0, 1, 1, 0, 1, 1, 0, 0, 1, 0, 1, 1 ], 
          [ 1, 1, 0, 0, 1, 0, 1, 1, 0, 1, 0, 1, 0, 0, 0, 1, 0, 1, 1, 0, 1, 1, 1, 0, 1 ], 
          [ 1, 1, 0, 0, 0, 0, 1, 1, 1, 1, 0, 0, 1, 0, 1, 0, 0, 0, 0, 0, 1, 0, 1, 1, 0 ], 
          [ 1, 1, 0, 0, 1, 0, 1, 1, 1, 1, 0, 0, 1, 0, 1, 1, 0, 0, 1, 0, 1, 0, 0, 1, 1 ], 
          [ 1, 1, 0, 0, 1, 0, 1, 1, 1, 1, 0, 0, 0, 0, 0, 1, 0, 0, 1, 0, 0, 0, 1, 0, 1 ], 
          [ 1, 0, 0, 0, 0, 0, 1, 0, 0, 0, 1, 1, 1, 1, 0, 0, 0, 0, 0, 0, 0, 0, 0, 0, 0 ], 
          [ 1, 0, 1, 0, 0, 0, 1, 0, 0, 0, 0, 1, 1, 1, 1, 1, 1, 0, 0, 0, 0, 0, 0, 0, 0 ], 
          [ 1, 0, 1, 1, 0, 0, 1, 1, 0, 0, 0, 1, 1, 1, 1, 1, 1, 1, 1, 1, 0, 0, 0, 0, 0 ], 
          [ 1, 0, 1, 1, 0, 0, 1, 1, 1, 0, 0, 0, 1, 1, 1, 1, 1, 0, 1, 1, 1, 1, 0, 0, 0 ], 
          [ 1, 0, 1, 1, 0, 0, 1, 1, 1, 0, 0, 0, 0, 1, 0, 1, 1, 0, 1, 1, 0, 1, 1, 1, 0 ], 
          [ 1, 0, 1, 1, 1, 0, 1, 1, 1, 0, 0, 0, 0, 1, 0, 0, 1, 0, 0, 1, 0, 1, 0, 1, 1 ], 
          [ 1, 0, 1, 1, 1, 0, 1, 1, 1, 0, 0, 0, 1, 1, 1, 0, 1, 0, 0, 1, 1, 1, 1, 0, 1 ], 
          [ 1, 0, 1, 1, 0, 0, 1, 1, 0, 0, 0, 1, 0, 1, 0, 1, 1, 1, 1, 1, 1, 0, 1, 1, 0 ], 
          [ 1, 0, 1, 1, 1, 0, 1, 1, 0, 0, 0, 1, 0, 1, 0, 0, 1, 1, 0, 1, 1, 0, 0, 1, 1 ], 
          [ 1, 0, 1, 1, 1, 0, 1, 1, 0, 0, 0, 1, 1, 1, 1, 0, 1, 1, 0, 1, 0, 0, 1, 0, 1 ], 
          [ 1, 0, 1, 0, 0, 0, 1, 0, 1, 0, 0, 0, 1, 1, 1, 1, 1, 1, 0, 0, 1, 1, 0, 0, 0 ], 
          [ 1, 0, 1, 0, 0, 0, 1, 0, 1, 0, 0, 0, 0, 1, 0, 1, 1, 1, 0, 0, 0, 1, 1, 1, 0 ], 
          [ 1, 0, 1, 0, 1, 0, 1, 0, 1, 0, 0, 0, 0, 1, 0, 0, 1, 1, 1, 0, 0, 1, 0, 1, 1 ], 
          [ 1, 0, 1, 0, 1, 0, 1, 0, 1, 0, 0, 0, 1, 1, 1, 0, 1, 1, 1, 0, 1, 1, 1, 0, 1 ], 
          [ 1, 0, 1, 0, 0, 0, 1, 0, 0, 0, 0, 1, 0, 1, 0, 1, 1, 0, 0, 0, 1, 0, 1, 1, 0 ], 
          [ 1, 0, 1, 0, 1, 0, 1, 0, 0, 0, 0, 1, 0, 1, 0, 0, 1, 0, 1, 0, 1, 0, 0, 1, 1 ], 
          [ 1, 0, 1, 0, 1, 0, 1, 0, 0, 0, 0, 1, 1, 1, 1, 0, 1, 0, 1, 0, 0, 0, 1, 0, 1 ], 
          [ 1, 0, 0, 1, 0, 0, 1, 1, 0, 0, 1, 1, 1, 1, 0, 0, 0, 1, 1, 1, 0, 0, 0, 0, 0 ], 
          [ 1, 0, 0, 1, 0, 0, 1, 1, 1, 0, 1, 0, 1, 1, 0, 0, 0, 0, 1, 1, 1, 1, 0, 0, 0 ], 
          [ 1, 0, 0, 1, 0, 0, 1, 1, 1, 0, 1, 0, 0, 1, 1, 0, 0, 0, 1, 1, 0, 1, 1, 1, 0 ], 
          [ 1, 0, 0, 1, 1, 0, 1, 1, 1, 0, 1, 0, 0, 1, 1, 1, 0, 0, 0, 1, 0, 1, 0, 1, 1 ], 
          [ 1, 0, 0, 1, 1, 0, 1, 1, 1, 0, 1, 0, 1, 1, 0, 1, 0, 0, 0, 1, 1, 1, 1, 0, 1 ], 
          [ 1, 0, 0, 1, 0, 0, 1, 1, 0, 0, 1, 1, 0, 1, 1, 0, 0, 1, 1, 1, 1, 0, 1, 1, 0 ], 
          [ 1, 0, 0, 1, 1, 0, 1, 1, 0, 0, 1, 1, 0, 1, 1, 1, 0, 1, 0, 1, 1, 0, 0, 1, 1 ], 
          [ 1, 0, 0, 1, 1, 0, 1, 1, 0, 0, 1, 1, 1, 1, 0, 1, 0, 1, 0, 1, 0, 0, 1, 0, 1 ], 
          [ 1, 0, 0, 0, 0, 0, 1, 0, 1, 0, 1, 0, 1, 1, 0, 0, 0, 1, 0, 0, 1, 1, 0, 0, 0 ], 
          [ 1, 0, 0, 0, 0, 0, 1, 0, 1, 0, 1, 0, 0, 1, 1, 0, 0, 1, 0, 0, 0, 1, 1, 1, 0 ], 
          [ 1, 0, 0, 0, 1, 0, 1, 0, 1, 0, 1, 0, 0, 1, 1, 1, 0, 1, 1, 0, 0, 1, 0, 1, 1 ], 
          [ 1, 0, 0, 0, 1, 0, 1, 0, 1, 0, 1, 0, 1, 1, 0, 1, 0, 1, 1, 0, 1, 1, 1, 0, 1 ], 
          [ 1, 0, 0, 0, 0, 0, 1, 0, 0, 0, 1, 1, 0, 1, 1, 0, 0, 0, 0, 0, 1, 0, 1, 1, 0 ], 
          [ 1, 0, 0, 0, 1, 0, 1, 0, 0, 0, 1, 1, 0, 1, 1, 1, 0, 0, 1, 0, 1, 0, 0, 1, 1 ], 
          [ 1, 0, 0, 0, 1, 0, 1, 0, 0, 0, 1, 1, 1, 1, 0, 1, 0, 0, 1, 0, 0, 0, 1, 0, 1 ], 
          [ 1, 0, 1, 0, 0, 0, 0, 0, 0, 0, 1, 0, 0, 0, 1, 1, 1, 0, 0, 0, 0, 0, 0, 0, 0 ], 
          [ 1, 0, 1, 1, 0, 0, 0, 1, 0, 0, 1, 0, 0, 0, 1, 1, 1, 1, 1, 1, 0, 0, 0, 0, 0 ], 
          [ 1, 0, 1, 1, 0, 0, 0, 1, 1, 0, 1, 1, 0, 0, 1, 1, 1, 0, 1, 1, 1, 1, 0, 0, 0 ], 
          [ 1, 0, 1, 1, 0, 0, 0, 1, 1, 0, 1, 1, 1, 0, 0, 1, 1, 0, 1, 1, 0, 1, 1, 1, 0 ], 
          [ 1, 0, 1, 1, 1, 0, 0, 1, 1, 0, 1, 1, 1, 0, 0, 0, 1, 0, 0, 1, 0, 1, 0, 1, 1 ], 
          [ 1, 0, 1, 1, 1, 0, 0, 1, 1, 0, 1, 1, 0, 0, 1, 0, 1, 0, 0, 1, 1, 1, 1, 0, 1 ], 
          [ 1, 0, 1, 1, 0, 0, 0, 1, 0, 0, 1, 0, 1, 0, 0, 1, 1, 1, 1, 1, 1, 0, 1, 1, 0 ], 
          [ 1, 0, 1, 1, 1, 0, 0, 1, 0, 0, 1, 0, 1, 0, 0, 0, 1, 1, 0, 1, 1, 0, 0, 1, 1 ], 
          [ 1, 0, 1, 1, 1, 0, 0, 1, 0, 0, 1, 0, 0, 0, 1, 0, 1, 1, 0, 1, 0, 0, 1, 0, 1 ], 
          [ 1, 0, 1, 0, 0, 0, 0, 0, 1, 0, 1, 1, 0, 0, 1, 1, 1, 1, 0, 0, 1, 1, 0, 0, 0 ], 
          [ 1, 0, 1, 0, 0, 0, 0, 0, 1, 0, 1, 1, 1, 0, 0, 1, 1, 1, 0, 0, 0, 1, 1, 1, 0 ], 
          [ 1, 0, 1, 0, 1, 0, 0, 0, 1, 0, 1, 1, 1, 0, 0, 0, 1, 1, 1, 0, 0, 1, 0, 1, 1 ], 
          [ 1, 0, 1, 0, 1, 0, 0, 0, 1, 0, 1, 1, 0, 0, 1, 0, 1, 1, 1, 0, 1, 1, 1, 0, 1 ], 
          [ 1, 0, 1, 0, 0, 0, 0, 0, 0, 0, 1, 0, 1, 0, 0, 1, 1, 0, 0, 0, 1, 0, 1, 1, 0 ], 
          [ 1, 0, 1, 0, 1, 0, 0, 0, 0, 0, 1, 0, 1, 0, 0, 0, 1, 0, 1, 0, 1, 0, 0, 1, 1 ], 
          [ 1, 0, 1, 0, 1, 0, 0, 0, 0, 0, 1, 0, 0, 0, 1, 0, 1, 0, 1, 0, 0, 0, 1, 0, 1 ], 
          [ 1, 0, 0, 1, 0, 0, 0, 1, 0, 0, 0, 0, 0, 0, 0, 0, 0, 1, 1, 1, 0, 0, 0, 0, 0 ], 
          [ 1, 0, 0, 1, 0, 0, 0, 1, 1, 0, 0, 1, 0, 0, 0, 0, 0, 0, 1, 1, 1, 1, 0, 0, 0 ], 
          [ 1, 0, 0, 1, 0, 0, 0, 1, 1, 0, 0, 1, 1, 0, 1, 0, 0, 0, 1, 1, 0, 1, 1, 1, 0 ], 
          [ 1, 0, 0, 1, 1, 0, 0, 1, 1, 0, 0, 1, 1, 0, 1, 1, 0, 0, 0, 1, 0, 1, 0, 1, 1 ], 
          [ 1, 0, 0, 1, 1, 0, 0, 1, 1, 0, 0, 1, 0, 0, 0, 1, 0, 0, 0, 1, 1, 1, 1, 0, 1 ], 
          [ 1, 0, 0, 1, 0, 0, 0, 1, 0, 0, 0, 0, 1, 0, 1, 0, 0, 1, 1, 1, 1, 0, 1, 1, 0 ], 
          [ 1, 0, 0, 1, 1, 0, 0, 1, 0, 0, 0, 0, 1, 0, 1, 1, 0, 1, 0, 1, 1, 0, 0, 1, 1 ], 
          [ 1, 0, 0, 1, 1, 0, 0, 1, 0, 0, 0, 0, 0, 0, 0, 1, 0, 1, 0, 1, 0, 0, 1, 0, 1 ], 
          [ 1, 0, 0, 0, 0, 0, 0, 0, 1, 0, 0, 1, 0, 0, 0, 0, 0, 1, 0, 0, 1, 1, 0, 0, 0 ], 
          [ 1, 0, 0, 0, 0, 0, 0, 0, 1, 0, 0, 1, 1, 0, 1, 0, 0, 1, 0, 0, 0, 1, 1, 1, 0 ], 
          [ 1, 0, 0, 0, 1, 0, 0, 0, 1, 0, 0, 1, 1, 0, 1, 1, 0, 1, 1, 0, 0, 1, 0, 1, 1 ], 
          [ 1, 0, 0, 0, 1, 0, 0, 0, 1, 0, 0, 1, 0, 0, 0, 1, 0, 1, 1, 0, 1, 1, 1, 0, 1 ], 
          [ 1, 0, 0, 0, 0, 0, 0, 0, 0, 0, 0, 0, 1, 0, 1, 0, 0, 0, 0, 0, 1, 0, 1, 1, 0 ], 
          [ 1, 0, 0, 0, 1, 0, 0, 0, 0, 0, 0, 0, 1, 0, 1, 1, 0, 0, 1, 0, 1, 0, 0, 1, 1 ], 
          [ 1, 0, 0, 0, 1, 0, 0, 0, 0, 0, 0, 0, 0, 0, 0, 1, 0, 0, 1, 0, 0, 0, 1, 0, 1 ] ] ) );
