return rec(
  EXT := [ [ 1, 0, 0, 0, 0, 0, 0, 0, 0, 0, 0, 0 ], [ 1, 1, 1, 1, 1, 1, 0, 0, 0, 0, 0, 0 ], 
      [ 1, 0, 1, 1, 1, 1, 1, 1, 1, 0, 0, 0 ], [ 1, 0, 0, 1, 1, 1, 1, 1, 1, 1, 1, 1 ], 
      [ 1, 0, 0, 0, 1, 1, 0, 1, 1, 0, 1, 1 ], [ 1, 0, 0, 0, 0, 1, 0, 0, 1, 0, 0, 1 ], 
      [ 1, 0, 0, 1, 0, 1, 1, 0, 1, 1, 0, 1 ], [ 1, 0, 1, 0, 1, 1, 0, 1, 1, 1, 0, 0 ], 
      [ 1, 0, 1, 0, 0, 1, 0, 0, 1, 1, 1, 0 ], [ 1, 0, 1, 1, 0, 1, 1, 0, 1, 0, 1, 0 ], 
      [ 1, 1, 0, 1, 1, 1, 0, 0, 0, 1, 1, 1 ], [ 1, 1, 0, 0, 1, 1, 1, 0, 0, 0, 1, 1 ], 
      [ 1, 1, 0, 0, 0, 1, 1, 1, 0, 0, 0, 1 ], [ 1, 1, 0, 1, 0, 1, 0, 1, 0, 1, 0, 1 ], 
      [ 1, 1, 1, 0, 1, 1, 1, 0, 0, 1, 0, 0 ], [ 1, 1, 1, 0, 0, 1, 1, 1, 0, 1, 1, 0 ], 
      [ 1, 1, 1, 1, 0, 1, 0, 1, 0, 0, 1, 0 ], [ 1, 1, 0, 0, 0, 0, 1, 1, 1, 0, 0, 0 ], 
      [ 1, 1, 1, 0, 0, 0, 1, 1, 1, 1, 1, 1 ], [ 1, 1, 1, 1, 0, 0, 0, 1, 1, 0, 1, 1 ], 
      [ 1, 1, 1, 1, 1, 0, 0, 0, 1, 0, 0, 1 ], [ 1, 1, 1, 0, 1, 0, 1, 0, 1, 1, 0, 1 ], 
      [ 1, 1, 0, 1, 0, 0, 0, 1, 1, 1, 0, 0 ], [ 1, 1, 0, 1, 1, 0, 0, 0, 1, 1, 1, 0 ], 
      [ 1, 1, 0, 0, 1, 0, 1, 0, 1, 0, 1, 0 ], [ 1, 0, 1, 0, 0, 0, 0, 0, 0, 1, 1, 1 ], 
      [ 1, 0, 1, 1, 0, 0, 1, 0, 0, 0, 1, 1 ], [ 1, 0, 1, 1, 1, 0, 1, 1, 0, 0, 0, 1 ], 
      [ 1, 0, 1, 0, 1, 0, 0, 1, 0, 1, 0, 1 ], [ 1, 0, 0, 1, 0, 0, 1, 0, 0, 1, 0, 0 ], 
      [ 1, 0, 0, 1, 1, 0, 1, 1, 0, 1, 1, 0 ], [ 1, 0, 0, 0, 1, 0, 0, 1, 0, 0, 1, 0 ] ],
  GRP := Group( [ ( 5, 7)( 8,10)(12,14)(15,17)(20,22)(23,25)(27,29)(30,32), ( 3,11)( 8,12)( 9,13)(10,14)(18,26)
        (23,27)(24,28)(25,29), ( 3,11)( 5,31)( 6,30)( 8,24)( 9,23)(10,14)(12,28)(13,27)(15,21)(16,20)(18,26)(25,29), 
      ( 1, 2)( 3,26)( 4,19)( 5,22,31,20, 7,16)( 6,15,32,21,30,17)( 8,29,28,27,10, 9)(11,18)(12,25,24,23,14,13), 
      ( 1, 3)( 2,18)( 4,26)( 5,29,31,27, 7, 9)( 6, 8,32,28,30,10)(11,19)(12,22,24,20,14,16)(13,15,25,21,23,17), 
      ( 1, 5,31)( 2,20,16)( 3,27, 9)( 4,30, 6)( 8,28,26)(11,23,13)(12,24,18)(15,21,19) ] ),
  LOrb := [ [ 3, 4, 5, 8, 9, 10, 16, 17, 18, 19, 20, 23, 24, 25, 31, 32 ], 
      [ 2, 3, 4, 5, 6, 7, 8, 9, 10, 11, 12, 13, 14, 15, 16, 17, 18, 19, 20, 21, 22, 23, 24, 25 ] ],
  eRec := rec(
      GRA := rec(
          adjacencies := [ [ 2, 3, 4, 5, 6 ], [ 1, 4, 5, 6 ], [ 1, 4, 5, 6 ], [ 1, 2, 3 ], [ 1, 2, 3 ], [ 1, 2, 3 ] ]
           ,
          group := Group( [ () ] ),
          isGraph := true,
          order := 6,
          representatives := [ 1, 2, 3, 4, 5, 6 ],
          schreierVector := [ -1, -2, -3, -4, -5, -6 ] ),
      ListEdges := [ [ 1, 2 ], [ 1, 3 ], [ 1, 4 ], [ 1, 5 ], [ 1, 6 ], [ 2, 4 ], [ 2, 5 ], [ 2, 6 ], [ 3, 4 ], 
          [ 3, 5 ], [ 3, 6 ] ],
      ListSet := [ [  ], [ 1 ], [ 1, 2 ], [ 1, 2, 3 ], [ 1, 2, 3, 4 ], [ 1, 2, 3, 4, 5 ], [ 1, 2, 3, 5 ], 
          [ 1, 2, 4 ], [ 1, 2, 4, 5 ], [ 1, 2, 5 ], [ 1, 3 ], [ 1, 3, 4 ], [ 1, 3, 4, 5 ], [ 1, 3, 5 ], [ 1, 4 ], 
          [ 1, 4, 5 ], [ 1, 5 ], [ 2 ], [ 2, 3 ], [ 2, 3, 4 ], [ 2, 3, 4, 5 ], [ 2, 3, 5 ], [ 2, 4 ], [ 2, 4, 5 ], 
          [ 2, 5 ], [ 3 ], [ 3, 4 ], [ 3, 4, 5 ], [ 3, 5 ], [ 4 ], [ 4, 5 ], [ 5 ] ],
      ListVect := [ [ 1, 0, 0, 0, 0, 0, 0, 0, 0, 0, 0, 0 ], [ 1, 1, 1, 1, 1, 1, 0, 0, 0, 0, 0, 0 ], 
          [ 1, 0, 1, 1, 1, 1, 1, 1, 1, 0, 0, 0 ], [ 1, 0, 0, 1, 1, 1, 1, 1, 1, 1, 1, 1 ], 
          [ 1, 0, 0, 0, 1, 1, 0, 1, 1, 0, 1, 1 ], [ 1, 0, 0, 0, 0, 1, 0, 0, 1, 0, 0, 1 ], 
          [ 1, 0, 0, 1, 0, 1, 1, 0, 1, 1, 0, 1 ], [ 1, 0, 1, 0, 1, 1, 0, 1, 1, 1, 0, 0 ], 
          [ 1, 0, 1, 0, 0, 1, 0, 0, 1, 1, 1, 0 ], [ 1, 0, 1, 1, 0, 1, 1, 0, 1, 0, 1, 0 ], 
          [ 1, 1, 0, 1, 1, 1, 0, 0, 0, 1, 1, 1 ], [ 1, 1, 0, 0, 1, 1, 1, 0, 0, 0, 1, 1 ], 
          [ 1, 1, 0, 0, 0, 1, 1, 1, 0, 0, 0, 1 ], [ 1, 1, 0, 1, 0, 1, 0, 1, 0, 1, 0, 1 ], 
          [ 1, 1, 1, 0, 1, 1, 1, 0, 0, 1, 0, 0 ], [ 1, 1, 1, 0, 0, 1, 1, 1, 0, 1, 1, 0 ], 
          [ 1, 1, 1, 1, 0, 1, 0, 1, 0, 0, 1, 0 ], [ 1, 1, 0, 0, 0, 0, 1, 1, 1, 0, 0, 0 ], 
          [ 1, 1, 1, 0, 0, 0, 1, 1, 1, 1, 1, 1 ], [ 1, 1, 1, 1, 0, 0, 0, 1, 1, 0, 1, 1 ], 
          [ 1, 1, 1, 1, 1, 0, 0, 0, 1, 0, 0, 1 ], [ 1, 1, 1, 0, 1, 0, 1, 0, 1, 1, 0, 1 ], 
          [ 1, 1, 0, 1, 0, 0, 0, 1, 1, 1, 0, 0 ], [ 1, 1, 0, 1, 1, 0, 0, 0, 1, 1, 1, 0 ], 
          [ 1, 1, 0, 0, 1, 0, 1, 0, 1, 0, 1, 0 ], [ 1, 0, 1, 0, 0, 0, 0, 0, 0, 1, 1, 1 ], 
          [ 1, 0, 1, 1, 0, 0, 1, 0, 0, 0, 1, 1 ], [ 1, 0, 1, 1, 1, 0, 1, 1, 0, 0, 0, 1 ], 
          [ 1, 0, 1, 0, 1, 0, 0, 1, 0, 1, 0, 1 ], [ 1, 0, 0, 1, 0, 0, 1, 0, 0, 1, 0, 0 ], 
          [ 1, 0, 0, 1, 1, 0, 1, 1, 0, 1, 1, 0 ], [ 1, 0, 0, 0, 1, 0, 0, 1, 0, 0, 1, 0 ] ] ) );
