return rec(
  EXT := [ [ 1, 0, 0, 0, 0, 0, 0, 0, 0, 0 ], [ 1, 1, 1, 1, 0, 0, 0, 0, 0, 0 ], [ 1, 0, 1, 1, 1, 1, 0, 0, 0, 0 ], 
      [ 1, 0, 0, 1, 0, 1, 1, 0, 0, 0 ], [ 1, 0, 0, 0, 0, 1, 1, 1, 1, 0 ], [ 1, 0, 0, 0, 0, 0, 1, 0, 1, 1 ], 
      [ 1, 0, 0, 1, 0, 0, 1, 1, 0, 1 ], [ 1, 0, 1, 0, 1, 1, 0, 1, 1, 0 ], [ 1, 0, 1, 0, 1, 0, 0, 0, 1, 1 ], 
      [ 1, 0, 1, 1, 1, 0, 0, 1, 0, 1 ], [ 1, 1, 0, 1, 1, 0, 1, 0, 0, 0 ], [ 1, 1, 0, 0, 1, 0, 1, 1, 1, 0 ], 
      [ 1, 1, 0, 0, 1, 1, 1, 0, 1, 1 ], [ 1, 1, 0, 1, 1, 1, 1, 1, 0, 1 ], [ 1, 1, 1, 0, 0, 0, 0, 1, 1, 0 ], 
      [ 1, 1, 1, 0, 0, 1, 0, 0, 1, 1 ], [ 1, 1, 1, 1, 0, 1, 0, 1, 0, 1 ], [ 1, 1, 0, 0, 1, 1, 0, 0, 0, 0 ], 
      [ 1, 1, 1, 0, 0, 1, 1, 0, 0, 0 ], [ 1, 1, 1, 1, 0, 1, 1, 1, 1, 0 ], [ 1, 1, 1, 1, 0, 0, 1, 0, 1, 1 ], 
      [ 1, 1, 1, 0, 0, 0, 1, 1, 0, 1 ], [ 1, 1, 0, 1, 1, 1, 0, 1, 1, 0 ], [ 1, 1, 0, 1, 1, 0, 0, 0, 1, 1 ], 
      [ 1, 1, 0, 0, 1, 0, 0, 1, 0, 1 ], [ 1, 0, 1, 0, 1, 0, 1, 0, 0, 0 ], [ 1, 0, 1, 1, 1, 0, 1, 1, 1, 0 ], 
      [ 1, 0, 1, 1, 1, 1, 1, 0, 1, 1 ], [ 1, 0, 1, 0, 1, 1, 1, 1, 0, 1 ], [ 1, 0, 0, 1, 0, 0, 0, 1, 1, 0 ], 
      [ 1, 0, 0, 1, 0, 1, 0, 0, 1, 1 ], [ 1, 0, 0, 0, 0, 1, 0, 1, 0, 1 ] ],
  GRP := Group( [ ( 2, 6)( 3, 5)( 7,11)( 9,15)(10,12)(13,17)(18,32)(19,31)(20,28)(22,24)(23,29)(26,30), 
      ( 2,18)( 5, 7)( 8,10)(11,19)(12,22)(13,21)(14,20)(15,25)(16,24)(17,23)(27,29)(30,32), 
      ( 1, 2,15,30)( 3,22,23, 6)( 4,19,20, 5)( 7,18,21, 8)( 9,10,25,24)(11,16,27,32)(12,31,26,17)(13,28,29,14) ] ),
  LOrb := [ [ 1, 2, 6, 9, 11, 12, 13, 15, 16, 18, 19, 21, 22, 24, 25, 26 ], 
      [ 1, 5, 6, 8, 9, 12, 13, 15, 16, 18, 19, 22, 25, 26, 29, 32 ], 
      [ 1, 2, 3, 4, 6, 7, 9, 10, 11, 13, 14, 16, 17, 18, 19, 21, 22, 24, 25, 26, 28, 29, 31, 32 ] ],
  eRec := rec(
      GRA := rec(
          adjacencies := [ [ 2, 3, 4 ], [ 1, 3, 5 ], [ 1, 2, 6 ], [ 1, 5, 6 ], [ 2, 4, 6 ], [ 3, 4, 5 ] ],
          group := Group( [ () ] ),
          isGraph := true,
          order := 6,
          representatives := [ 1, 2, 3, 4, 5, 6 ],
          schreierVector := [ -1, -2, -3, -4, -5, -6 ] ),
      ListEdges := [ [ 1, 2 ], [ 1, 3 ], [ 1, 4 ], [ 2, 3 ], [ 2, 5 ], [ 3, 6 ], [ 4, 5 ], [ 4, 6 ], [ 5, 6 ] ],
      ListSet := [ [  ], [ 1 ], [ 1, 2 ], [ 1, 2, 3 ], [ 1, 2, 3, 4 ], [ 1, 2, 3, 4, 5 ], [ 1, 2, 3, 5 ], 
          [ 1, 2, 4 ], [ 1, 2, 4, 5 ], [ 1, 2, 5 ], [ 1, 3 ], [ 1, 3, 4 ], [ 1, 3, 4, 5 ], [ 1, 3, 5 ], [ 1, 4 ], 
          [ 1, 4, 5 ], [ 1, 5 ], [ 2 ], [ 2, 3 ], [ 2, 3, 4 ], [ 2, 3, 4, 5 ], [ 2, 3, 5 ], [ 2, 4 ], [ 2, 4, 5 ], 
          [ 2, 5 ], [ 3 ], [ 3, 4 ], [ 3, 4, 5 ], [ 3, 5 ], [ 4 ], [ 4, 5 ], [ 5 ] ],
      ListVect := [ [ 1, 0, 0, 0, 0, 0, 0, 0, 0, 0 ], [ 1, 1, 1, 1, 0, 0, 0, 0, 0, 0 ], 
          [ 1, 0, 1, 1, 1, 1, 0, 0, 0, 0 ], [ 1, 0, 0, 1, 0, 1, 1, 0, 0, 0 ], [ 1, 0, 0, 0, 0, 1, 1, 1, 1, 0 ], 
          [ 1, 0, 0, 0, 0, 0, 1, 0, 1, 1 ], [ 1, 0, 0, 1, 0, 0, 1, 1, 0, 1 ], [ 1, 0, 1, 0, 1, 1, 0, 1, 1, 0 ], 
          [ 1, 0, 1, 0, 1, 0, 0, 0, 1, 1 ], [ 1, 0, 1, 1, 1, 0, 0, 1, 0, 1 ], [ 1, 1, 0, 1, 1, 0, 1, 0, 0, 0 ], 
          [ 1, 1, 0, 0, 1, 0, 1, 1, 1, 0 ], [ 1, 1, 0, 0, 1, 1, 1, 0, 1, 1 ], [ 1, 1, 0, 1, 1, 1, 1, 1, 0, 1 ], 
          [ 1, 1, 1, 0, 0, 0, 0, 1, 1, 0 ], [ 1, 1, 1, 0, 0, 1, 0, 0, 1, 1 ], [ 1, 1, 1, 1, 0, 1, 0, 1, 0, 1 ], 
          [ 1, 1, 0, 0, 1, 1, 0, 0, 0, 0 ], [ 1, 1, 1, 0, 0, 1, 1, 0, 0, 0 ], [ 1, 1, 1, 1, 0, 1, 1, 1, 1, 0 ], 
          [ 1, 1, 1, 1, 0, 0, 1, 0, 1, 1 ], [ 1, 1, 1, 0, 0, 0, 1, 1, 0, 1 ], [ 1, 1, 0, 1, 1, 1, 0, 1, 1, 0 ], 
          [ 1, 1, 0, 1, 1, 0, 0, 0, 1, 1 ], [ 1, 1, 0, 0, 1, 0, 0, 1, 0, 1 ], [ 1, 0, 1, 0, 1, 0, 1, 0, 0, 0 ], 
          [ 1, 0, 1, 1, 1, 0, 1, 1, 1, 0 ], [ 1, 0, 1, 1, 1, 1, 1, 0, 1, 1 ], [ 1, 0, 1, 0, 1, 1, 1, 1, 0, 1 ], 
          [ 1, 0, 0, 1, 0, 0, 0, 1, 1, 0 ], [ 1, 0, 0, 1, 0, 1, 0, 0, 1, 1 ], [ 1, 0, 0, 0, 0, 1, 0, 1, 0, 1 ] ] ) );
