return rec(
  EXT := [ [ 1, 0, 0, 0, 0, 0, 0, 0, 0, 0, 0, 0, 0 ], [ 1, 1, 1, 1, 1, 1, 0, 0, 0, 0, 0, 0, 0 ], 
      [ 1, 0, 1, 1, 1, 1, 1, 1, 1, 1, 0, 0, 0 ], [ 1, 0, 0, 1, 1, 1, 0, 1, 1, 1, 1, 1, 1 ], 
      [ 1, 0, 0, 0, 1, 1, 0, 0, 1, 1, 0, 1, 1 ], [ 1, 0, 0, 0, 0, 1, 0, 0, 0, 1, 0, 0, 1 ], 
      [ 1, 0, 0, 1, 0, 1, 0, 1, 0, 1, 1, 0, 1 ], [ 1, 0, 1, 0, 1, 1, 1, 0, 1, 1, 1, 0, 0 ], 
      [ 1, 0, 1, 0, 0, 1, 1, 0, 0, 1, 1, 1, 0 ], [ 1, 0, 1, 1, 0, 1, 1, 1, 0, 1, 0, 1, 0 ], 
      [ 1, 1, 0, 1, 1, 1, 1, 0, 0, 0, 1, 1, 1 ], [ 1, 1, 0, 0, 1, 1, 1, 1, 0, 0, 0, 1, 1 ], 
      [ 1, 1, 0, 0, 0, 1, 1, 1, 1, 0, 0, 0, 1 ], [ 1, 1, 0, 1, 0, 1, 1, 0, 1, 0, 1, 0, 1 ], 
      [ 1, 1, 1, 0, 1, 1, 0, 1, 0, 0, 1, 0, 0 ], [ 1, 1, 1, 0, 0, 1, 0, 1, 1, 0, 1, 1, 0 ], 
      [ 1, 1, 1, 1, 0, 1, 0, 0, 1, 0, 0, 1, 0 ], [ 1, 1, 0, 0, 0, 0, 1, 1, 1, 1, 0, 0, 0 ], 
      [ 1, 1, 1, 0, 0, 0, 0, 1, 1, 1, 1, 1, 1 ], [ 1, 1, 1, 1, 0, 0, 0, 0, 1, 1, 0, 1, 1 ], 
      [ 1, 1, 1, 1, 1, 0, 0, 0, 0, 1, 0, 0, 1 ], [ 1, 1, 1, 0, 1, 0, 0, 1, 0, 1, 1, 0, 1 ], 
      [ 1, 1, 0, 1, 0, 0, 1, 0, 1, 1, 1, 0, 0 ], [ 1, 1, 0, 1, 1, 0, 1, 0, 0, 1, 1, 1, 0 ], 
      [ 1, 1, 0, 0, 1, 0, 1, 1, 0, 1, 0, 1, 0 ], [ 1, 0, 1, 0, 0, 0, 1, 0, 0, 0, 1, 1, 1 ], 
      [ 1, 0, 1, 1, 0, 0, 1, 1, 0, 0, 0, 1, 1 ], [ 1, 0, 1, 1, 1, 0, 1, 1, 1, 0, 0, 0, 1 ], 
      [ 1, 0, 1, 0, 1, 0, 1, 0, 1, 0, 1, 0, 1 ], [ 1, 0, 0, 1, 0, 0, 0, 1, 0, 0, 1, 0, 0 ], 
      [ 1, 0, 0, 1, 1, 0, 0, 1, 1, 0, 1, 1, 0 ], [ 1, 0, 0, 0, 1, 0, 0, 0, 1, 0, 0, 1, 0 ] ],
  GRP := Group( [ ( 5, 7)( 8,10)(12,14)(15,17)(20,22)(23,25)(27,29)(30,32), ( 2,18)(11,19)(12,20)(13,21)(14,22)
        (15,23)(16,24)(17,25), ( 3,11)( 8,12)( 9,13)(10,14)(18,26)(23,27)(24,28)(25,29), 
      ( 2,26)( 3,19)( 5,31)( 6,30)( 8,16)( 9,15)(10,22)(12,24)(13,23)(17,29)(20,28)(21,27), 
      ( 1, 2, 3, 4,19,26)( 5,20,27,30,15, 8)( 6,21,28,31,16, 9)( 7,22,29,32,17,10)(11,18)(12,23)(13,24)(14,25), 
      ( 1, 5,31)( 2,12,16,18,20,24)( 3,27, 9)( 4,30, 6)( 8,28,26)(11,15,13,19,23,21)(14,22)(17,25) ] ),
  LOrb := [ [ 2, 3, 4, 7, 8, 9, 10, 11, 14, 15, 16, 17, 19, 20, 21, 22, 23, 24, 26, 27, 28, 29, 30, 31 ], 
      [ 1, 2, 4, 5, 6, 7, 11, 12, 13, 14, 15, 16, 17, 18, 19, 20, 21, 22, 23, 24, 25, 30, 31, 32 ] ],
  eRec := rec(
      GRA := rec(
          adjacencies := [ [ 2, 3, 4, 5, 6 ], [ 1, 3, 4, 5, 6 ], [ 1, 2, 4, 5, 6 ], [ 1, 2, 3 ], [ 1, 2, 3 ], 
              [ 1, 2, 3 ] ],
          autGroup := Group( [ (2,3), (1,2), (5,6), (4,5) ] ),
          group := Group( [ () ] ),
          isGraph := true,
          isSimple := true,
          order := 6,
          representatives := [ 1, 2, 3, 4, 5, 6 ],
          schreierVector := [ -1, -2, -3, -4, -5, -6 ] ),
      GRPcanonic := Group( [ ( 3,11)( 8,12)( 9,13)(10,14)(18,26)(23,27)(24,28)(25,29), 
          ( 2,18)(11,19)(12,20)(13,21)(14,22)(15,23)(16,24)(17,25), ( 6,32)( 7,31)( 9,29)(10,28)(13,25)(14,24)(16,22)
            (17,21), ( 5, 7)( 8,10)(12,14)(15,17)(20,22)(23,25)(27,29)(30,32), ( 1, 2)( 3,18)( 4,19)( 5,20)( 6,21)
            ( 7,22)( 8,23)( 9,24)(10,25)(11,26)(12,27)(13,28)(14,29)(15,30)(16,31)(17,32), 
          ( 1,18)( 2, 3)( 4,11)( 5,12)( 6,13)( 7,14)( 8,15)( 9,16)(10,17)(19,26)(20,27)(21,28)(22,29)(23,30)(24,31)
            (25,32), ( 1,26)( 2,11)( 3, 4)( 5, 8)( 6, 9)( 7,10)(12,15)(13,16)(14,17)(18,19)(20,23)(21,24)(22,25)
            (27,30)(28,31)(29,32), ( 1,30)( 2,15)( 3, 8)( 4, 5)( 6, 7)( 9,10)(11,12)(13,14)(16,17)(18,23)(19,20)
            (21,22)(24,25)(26,27)(28,29)(31,32), ( 1,32)( 2,17)( 3,10)( 4, 7)( 5, 6)( 8, 9)(11,14)(12,13)(15,16)
            (18,25)(19,22)(20,21)(23,24)(26,29)(27,28)(30,31), ( 1, 6)( 2,21)( 3,28)( 4,31)( 5,32)( 7,30)( 8,29)
            ( 9,26)(10,27)(11,24)(12,25)(13,18)(14,23)(15,22)(16,19)(17,20) ] ),
      ListEdges := [ [ 1, 2 ], [ 1, 3 ], [ 1, 4 ], [ 1, 5 ], [ 1, 6 ], [ 2, 3 ], [ 2, 4 ], [ 2, 5 ], [ 2, 6 ], 
          [ 3, 4 ], [ 3, 5 ], [ 3, 6 ] ],
      ListSet := [ [  ], [ 1 ], [ 1, 2 ], [ 1, 2, 3 ], [ 1, 2, 3, 4 ], [ 1, 2, 3, 4, 5 ], [ 1, 2, 3, 5 ], 
          [ 1, 2, 4 ], [ 1, 2, 4, 5 ], [ 1, 2, 5 ], [ 1, 3 ], [ 1, 3, 4 ], [ 1, 3, 4, 5 ], [ 1, 3, 5 ], [ 1, 4 ], 
          [ 1, 4, 5 ], [ 1, 5 ], [ 2 ], [ 2, 3 ], [ 2, 3, 4 ], [ 2, 3, 4, 5 ], [ 2, 3, 5 ], [ 2, 4 ], [ 2, 4, 5 ], 
          [ 2, 5 ], [ 3 ], [ 3, 4 ], [ 3, 4, 5 ], [ 3, 5 ], [ 4 ], [ 4, 5 ], [ 5 ] ],
      ListVect := [ [ 1, 0, 0, 0, 0, 0, 0, 0, 0, 0, 0, 0, 0 ], [ 1, 1, 1, 1, 1, 1, 0, 0, 0, 0, 0, 0, 0 ], 
          [ 1, 0, 1, 1, 1, 1, 1, 1, 1, 1, 0, 0, 0 ], [ 1, 0, 0, 1, 1, 1, 0, 1, 1, 1, 1, 1, 1 ], 
          [ 1, 0, 0, 0, 1, 1, 0, 0, 1, 1, 0, 1, 1 ], [ 1, 0, 0, 0, 0, 1, 0, 0, 0, 1, 0, 0, 1 ], 
          [ 1, 0, 0, 1, 0, 1, 0, 1, 0, 1, 1, 0, 1 ], [ 1, 0, 1, 0, 1, 1, 1, 0, 1, 1, 1, 0, 0 ], 
          [ 1, 0, 1, 0, 0, 1, 1, 0, 0, 1, 1, 1, 0 ], [ 1, 0, 1, 1, 0, 1, 1, 1, 0, 1, 0, 1, 0 ], 
          [ 1, 1, 0, 1, 1, 1, 1, 0, 0, 0, 1, 1, 1 ], [ 1, 1, 0, 0, 1, 1, 1, 1, 0, 0, 0, 1, 1 ], 
          [ 1, 1, 0, 0, 0, 1, 1, 1, 1, 0, 0, 0, 1 ], [ 1, 1, 0, 1, 0, 1, 1, 0, 1, 0, 1, 0, 1 ], 
          [ 1, 1, 1, 0, 1, 1, 0, 1, 0, 0, 1, 0, 0 ], [ 1, 1, 1, 0, 0, 1, 0, 1, 1, 0, 1, 1, 0 ], 
          [ 1, 1, 1, 1, 0, 1, 0, 0, 1, 0, 0, 1, 0 ], [ 1, 1, 0, 0, 0, 0, 1, 1, 1, 1, 0, 0, 0 ], 
          [ 1, 1, 1, 0, 0, 0, 0, 1, 1, 1, 1, 1, 1 ], [ 1, 1, 1, 1, 0, 0, 0, 0, 1, 1, 0, 1, 1 ], 
          [ 1, 1, 1, 1, 1, 0, 0, 0, 0, 1, 0, 0, 1 ], [ 1, 1, 1, 0, 1, 0, 0, 1, 0, 1, 1, 0, 1 ], 
          [ 1, 1, 0, 1, 0, 0, 1, 0, 1, 1, 1, 0, 0 ], [ 1, 1, 0, 1, 1, 0, 1, 0, 0, 1, 1, 1, 0 ], 
          [ 1, 1, 0, 0, 1, 0, 1, 1, 0, 1, 0, 1, 0 ], [ 1, 0, 1, 0, 0, 0, 1, 0, 0, 0, 1, 1, 1 ], 
          [ 1, 0, 1, 1, 0, 0, 1, 1, 0, 0, 0, 1, 1 ], [ 1, 0, 1, 1, 1, 0, 1, 1, 1, 0, 0, 0, 1 ], 
          [ 1, 0, 1, 0, 1, 0, 1, 0, 1, 0, 1, 0, 1 ], [ 1, 0, 0, 1, 0, 0, 0, 1, 0, 0, 1, 0, 0 ], 
          [ 1, 0, 0, 1, 1, 0, 0, 1, 1, 0, 1, 1, 0 ], [ 1, 0, 0, 0, 1, 0, 0, 0, 1, 0, 0, 1, 0 ] ] ) );
