return rec(
  EXT := [ [ 1, 0, 0, 0, 0, 0, 0, 0, 0, 0 ], [ 1, 1, 1, 1, 0, 0, 0, 0, 0, 0 ], [ 1, 1, 1, 1, 1, 1, 1, 0, 0, 0 ], 
      [ 1, 1, 1, 1, 1, 1, 1, 1, 1, 1 ], [ 1, 0, 1, 1, 0, 1, 1, 0, 1, 1 ], [ 1, 0, 0, 1, 0, 0, 1, 0, 0, 1 ], 
      [ 1, 1, 0, 1, 1, 0, 1, 1, 0, 1 ], [ 1, 0, 1, 1, 0, 1, 1, 1, 0, 0 ], [ 1, 0, 0, 1, 0, 0, 1, 1, 1, 0 ], 
      [ 1, 1, 0, 1, 1, 0, 1, 0, 1, 0 ], [ 1, 1, 1, 1, 0, 0, 0, 1, 1, 1 ], [ 1, 0, 1, 1, 1, 0, 0, 0, 1, 1 ], 
      [ 1, 0, 0, 1, 1, 1, 0, 0, 0, 1 ], [ 1, 1, 0, 1, 0, 1, 0, 1, 0, 1 ], [ 1, 0, 1, 1, 1, 0, 0, 1, 0, 0 ], 
      [ 1, 0, 0, 1, 1, 1, 0, 1, 1, 0 ], [ 1, 1, 0, 1, 0, 1, 0, 0, 1, 0 ], [ 1, 0, 0, 0, 1, 1, 1, 0, 0, 0 ], 
      [ 1, 0, 0, 0, 1, 1, 1, 1, 1, 1 ], [ 1, 1, 0, 0, 0, 1, 1, 0, 1, 1 ], [ 1, 1, 1, 0, 0, 0, 1, 0, 0, 1 ], 
      [ 1, 0, 1, 0, 1, 0, 1, 1, 0, 1 ], [ 1, 1, 0, 0, 0, 1, 1, 1, 0, 0 ], [ 1, 1, 1, 0, 0, 0, 1, 1, 1, 0 ], 
      [ 1, 0, 1, 0, 1, 0, 1, 0, 1, 0 ], [ 1, 0, 0, 0, 0, 0, 0, 1, 1, 1 ], [ 1, 1, 0, 0, 1, 0, 0, 0, 1, 1 ], 
      [ 1, 1, 1, 0, 1, 1, 0, 0, 0, 1 ], [ 1, 0, 1, 0, 0, 1, 0, 1, 0, 1 ], [ 1, 1, 0, 0, 1, 0, 0, 1, 0, 0 ], 
      [ 1, 1, 1, 0, 1, 1, 0, 1, 1, 0 ], [ 1, 0, 1, 0, 0, 1, 0, 0, 1, 0 ] ],
  GRP := Group( [ ( 2,18)(11,19)(12,20)(13,21)(14,22)(15,23)(16,24)(17,25), ( 2, 6)( 3, 5)( 7,11)( 9,15)(10,12)(13,17)(18,32)
        (19,31)(20,28)(22,24)(23,29)(26,30), ( 5, 7)( 8,10)(12,14)(15,17)(20,22)(23,25)(27,29)(30,32), 
      ( 1, 2, 3, 4,19,26)( 5,20,27,30,15, 8)( 6,21,28,31,16, 9)( 7,22,29,32,17,10)(11,18)(12,23)(13,24)(14,25) ] ),
  LOrb := [ [ 2, 3, 4, 5, 6, 7, 8, 9, 10, 11, 12, 13, 14, 15, 16, 17 ], [ 3, 4, 5, 6, 7, 8, 9, 10, 13, 14, 16, 17, 18, 19, 20, 23 
         ] ],
  eRec := rec(
      CUT_info := rec(
          EXT := [ [ 1, 0, 0, 0, 0, 0, 0, 0, 0, 0 ], [ 1, 1, 1, 1, 0, 0, 0, 0, 0, 0 ], [ 1, 1, 1, 1, 1, 1, 1, 0, 0, 0 ], 
              [ 1, 1, 1, 1, 1, 1, 1, 1, 1, 1 ], [ 1, 0, 1, 1, 0, 1, 1, 0, 1, 1 ], [ 1, 0, 0, 1, 0, 0, 1, 0, 0, 1 ], 
              [ 1, 1, 0, 1, 1, 0, 1, 1, 0, 1 ], [ 1, 0, 1, 1, 0, 1, 1, 1, 0, 0 ], [ 1, 0, 0, 1, 0, 0, 1, 1, 1, 0 ], 
              [ 1, 1, 0, 1, 1, 0, 1, 0, 1, 0 ], [ 1, 1, 1, 1, 0, 0, 0, 1, 1, 1 ], [ 1, 0, 1, 1, 1, 0, 0, 0, 1, 1 ], 
              [ 1, 0, 0, 1, 1, 1, 0, 0, 0, 1 ], [ 1, 1, 0, 1, 0, 1, 0, 1, 0, 1 ], [ 1, 0, 1, 1, 1, 0, 0, 1, 0, 0 ], 
              [ 1, 0, 0, 1, 1, 1, 0, 1, 1, 0 ], [ 1, 1, 0, 1, 0, 1, 0, 0, 1, 0 ], [ 1, 0, 0, 0, 1, 1, 1, 0, 0, 0 ], 
              [ 1, 0, 0, 0, 1, 1, 1, 1, 1, 1 ], [ 1, 1, 0, 0, 0, 1, 1, 0, 1, 1 ], [ 1, 1, 1, 0, 0, 0, 1, 0, 0, 1 ], 
              [ 1, 0, 1, 0, 1, 0, 1, 1, 0, 1 ], [ 1, 1, 0, 0, 0, 1, 1, 1, 0, 0 ], [ 1, 1, 1, 0, 0, 0, 1, 1, 1, 0 ], 
              [ 1, 0, 1, 0, 1, 0, 1, 0, 1, 0 ], [ 1, 0, 0, 0, 0, 0, 0, 1, 1, 1 ], [ 1, 1, 0, 0, 1, 0, 0, 0, 1, 1 ], 
              [ 1, 1, 1, 0, 1, 1, 0, 0, 0, 1 ], [ 1, 0, 1, 0, 0, 1, 0, 1, 0, 1 ], [ 1, 1, 0, 0, 1, 0, 0, 1, 0, 0 ], 
              [ 1, 1, 1, 0, 1, 1, 0, 1, 1, 0 ], [ 1, 0, 1, 0, 0, 1, 0, 0, 1, 0 ] ],
          GRP := Group( [ ( 1, 2)( 3,18)( 4,19)( 5,20)( 6,21)( 7,22)( 8,23)( 9,24)(10,25)(11,26)(12,27)(13,28)(14,29)(15,30)
                (16,31)(17,32), ( 3,11)( 8,12)( 9,13)(10,14)(18,26)(23,27)(24,28)(25,29), ( 6,32)( 7,31)( 9,29)(10,28)(13,25)
                (14,24)(16,22)(17,21), ( 5, 7)( 8,10)(12,14)(15,17)(20,22)(23,25)(27,29)(30,32), 
              ( 2,18)(11,19)(12,20)(13,21)(14,22)(15,23)(16,24)(17,25), ( 2,30)( 3,31)( 5,19)( 6,26)( 7,11)( 8,16)(10,24)(12,22)
                (13,29)(17,23)(18,32)(21,27) ] ) ),
      GRA := rec(
          adjacencies := [ [ 4, 5, 6 ], [ 4, 5, 6 ], [ 4, 5, 6 ], [ 1, 2, 3 ], [ 1, 2, 3 ], [ 1, 2, 3 ] ],
          autGroup := Group( [ (2,3), (5,6), (4,5), (1,2), (1,4)(2,5)(3,6) ] ),
          group := Group( [ () ] ),
          isGraph := true,
          isSimple := true,
          order := 6,
          representatives := [ 1, 2, 3, 4, 5, 6 ],
          schreierVector := [ -1, -2, -3, -4, -5, -6 ] ),
      GRPedge := Group( [ (4,7)(5,8)(6,9), (2,3)(5,6)(8,9), (1,2)(4,5)(7,8), (1,4)(2,5)(3,6), (2,4)(3,7)(6,8) ] ),
      GRPvert := Group( [ (2,3), (5,6), (4,5), (1,2), (1,4)(2,5)(3,6) ] ),
      ListEdges := [ [ 1, 4 ], [ 1, 5 ], [ 1, 6 ], [ 2, 4 ], [ 2, 5 ], [ 2, 6 ], [ 3, 4 ], [ 3, 5 ], [ 3, 6 ] ],
      ListSet := [ [  ], [ 1 ], [ 1, 2 ], [ 1, 2, 3 ], [ 1, 2, 3, 4 ], [ 1, 2, 3, 4, 5 ], [ 1, 2, 3, 5 ], [ 1, 2, 4 ], 
          [ 1, 2, 4, 5 ], [ 1, 2, 5 ], [ 1, 3 ], [ 1, 3, 4 ], [ 1, 3, 4, 5 ], [ 1, 3, 5 ], [ 1, 4 ], [ 1, 4, 5 ], 
          [ 1, 5 ], [ 2 ], [ 2, 3 ], [ 2, 3, 4 ], [ 2, 3, 4, 5 ], [ 2, 3, 5 ], [ 2, 4 ], [ 2, 4, 5 ], [ 2, 5 ], [ 3 ], [ 3, 4 ], 
          [ 3, 4, 5 ], [ 3, 5 ], [ 4 ], [ 4, 5 ], [ 5 ] ],
      ListVect := [ [ 1, 0, 0, 0, 0, 0, 0, 0, 0, 0 ], [ 1, 1, 1, 1, 0, 0, 0, 0, 0, 0 ], [ 1, 1, 1, 1, 1, 1, 1, 0, 0, 0 ], 
          [ 1, 1, 1, 1, 1, 1, 1, 1, 1, 1 ], [ 1, 0, 1, 1, 0, 1, 1, 0, 1, 1 ], [ 1, 0, 0, 1, 0, 0, 1, 0, 0, 1 ], 
          [ 1, 1, 0, 1, 1, 0, 1, 1, 0, 1 ], [ 1, 0, 1, 1, 0, 1, 1, 1, 0, 0 ], [ 1, 0, 0, 1, 0, 0, 1, 1, 1, 0 ], 
          [ 1, 1, 0, 1, 1, 0, 1, 0, 1, 0 ], [ 1, 1, 1, 1, 0, 0, 0, 1, 1, 1 ], [ 1, 0, 1, 1, 1, 0, 0, 0, 1, 1 ], 
          [ 1, 0, 0, 1, 1, 1, 0, 0, 0, 1 ], [ 1, 1, 0, 1, 0, 1, 0, 1, 0, 1 ], [ 1, 0, 1, 1, 1, 0, 0, 1, 0, 0 ], 
          [ 1, 0, 0, 1, 1, 1, 0, 1, 1, 0 ], [ 1, 1, 0, 1, 0, 1, 0, 0, 1, 0 ], [ 1, 0, 0, 0, 1, 1, 1, 0, 0, 0 ], 
          [ 1, 0, 0, 0, 1, 1, 1, 1, 1, 1 ], [ 1, 1, 0, 0, 0, 1, 1, 0, 1, 1 ], [ 1, 1, 1, 0, 0, 0, 1, 0, 0, 1 ], 
          [ 1, 0, 1, 0, 1, 0, 1, 1, 0, 1 ], [ 1, 1, 0, 0, 0, 1, 1, 1, 0, 0 ], [ 1, 1, 1, 0, 0, 0, 1, 1, 1, 0 ], 
          [ 1, 0, 1, 0, 1, 0, 1, 0, 1, 0 ], [ 1, 0, 0, 0, 0, 0, 0, 1, 1, 1 ], [ 1, 1, 0, 0, 1, 0, 0, 0, 1, 1 ], 
          [ 1, 1, 1, 0, 1, 1, 0, 0, 0, 1 ], [ 1, 0, 1, 0, 0, 1, 0, 1, 0, 1 ], [ 1, 1, 0, 0, 1, 0, 0, 1, 0, 0 ], 
          [ 1, 1, 1, 0, 1, 1, 0, 1, 1, 0 ], [ 1, 0, 1, 0, 0, 1, 0, 0, 1, 0 ] ],
      MET_info := rec(
          EXT := [ [ 0, -1, 1, 0, 1, 1, 0, 0, 0, 0 ], [ 0, 1, -1, 0, 1, 1, 0, 0, 0, 0 ], [ 0, -1, 1, 0, 0, 0, 0, 1, 1, 0 ], 
              [ 0, -1, 0, 1, 1, 0, 1, 0, 0, 0 ], [ 0, 1, 1, 0, -1, 1, 0, 0, 0, 0 ], [ 0, 1, -1, 0, 0, 0, 0, 1, 1, 0 ], 
              [ 0, 1, 0, -1, 1, 0, 1, 0, 0, 0 ], [ 0, 1, 1, 0, 1, -1, 0, 0, 0, 0 ], [ 0, -1, 0, 1, 0, 0, 0, 1, 0, 1 ], 
              [ 0, 0, 0, 0, -1, 1, 0, 1, 1, 0 ], [ 0, 0, -1, 1, 0, 1, 1, 0, 0, 0 ], [ 0, 1, 0, 1, -1, 0, 1, 0, 0, 0 ], 
              [ 2, -1, -1, 0, -1, 1, 0, 0, 0, 0 ], [ 0, 1, 1, 0, 0, 0, 0, -1, 1, 0 ], [ 0, 1, 0, -1, 0, 0, 0, 1, 0, 1 ], 
              [ 0, 0, 0, 0, 1, -1, 0, 1, 1, 0 ], [ 0, 0, 1, -1, 0, 1, 1, 0, 0, 0 ], [ 0, 1, 0, 1, 1, 0, -1, 0, 0, 0 ], 
              [ 2, -1, -1, 0, 1, -1, 0, 0, 0, 0 ], [ 0, 1, 1, 0, 0, 0, 0, 1, -1, 0 ], [ 0, 0, -1, 1, 0, 0, 0, 0, 1, 1 ], 
              [ 0, 0, 0, 0, -1, 0, 1, 1, 0, 1 ], [ 0, 0, 0, 0, 1, 1, 0, -1, 1, 0 ], [ 0, 0, 1, 1, 0, -1, 1, 0, 0, 0 ], 
              [ 2, -1, 0, -1, -1, 0, 1, 0, 0, 0 ], [ 0, 1, 0, 1, 0, 0, 0, -1, 0, 1 ], [ 2, -1, -1, 0, 0, 0, 0, -1, 1, 0 ], 
              [ 2, -1, 1, 0, -1, -1, 0, 0, 0, 0 ], [ 0, 0, 1, -1, 0, 0, 0, 0, 1, 1 ], [ 0, 0, 0, 0, 1, 0, -1, 1, 0, 1 ], 
              [ 0, 0, 0, 0, 1, 1, 0, 1, -1, 0 ], [ 0, 0, 1, 1, 0, 1, -1, 0, 0, 0 ], [ 2, -1, 0, -1, 1, 0, -1, 0, 0, 0 ], 
              [ 0, 1, 0, 1, 0, 0, 0, 1, 0, -1 ], [ 2, -1, -1, 0, 0, 0, 0, 1, -1, 0 ], [ 2, 1, -1, 0, -1, -1, 0, 0, 0, 0 ], 
              [ 0, 0, 0, 0, 0, -1, 1, 0, 1, 1 ], [ 0, 0, 0, 0, 1, 0, 1, -1, 0, 1 ], [ 2, 0, -1, -1, 0, -1, 1, 0, 0, 0 ], 
              [ 0, 0, 1, 1, 0, 0, 0, 0, -1, 1 ], [ 2, -1, 0, -1, 0, 0, 0, -1, 0, 1 ], [ 2, -1, 0, 1, -1, 0, -1, 0, 0, 0 ], 
              [ 2, 0, 0, 0, -1, -1, 0, -1, 1, 0 ], [ 2, -1, 1, 0, 0, 0, 0, -1, -1, 0 ], [ 0, 0, 0, 0, 0, 1, -1, 0, 1, 1 ], 
              [ 0, 0, 0, 0, 1, 0, 1, 1, 0, -1 ], [ 2, 0, -1, -1, 0, 1, -1, 0, 0, 0 ], [ 0, 0, 1, 1, 0, 0, 0, 0, 1, -1 ], 
              [ 2, -1, 0, -1, 0, 0, 0, 1, 0, -1 ], [ 2, 1, 0, -1, -1, 0, -1, 0, 0, 0 ], [ 2, 0, 0, 0, -1, -1, 0, 1, -1, 0 ], 
              [ 2, 1, -1, 0, 0, 0, 0, -1, -1, 0 ], [ 0, 0, 0, 0, 0, 1, 1, 0, -1, 1 ], [ 2, 0, -1, -1, 0, 0, 0, 0, -1, 1 ], 
              [ 2, 0, -1, 1, 0, -1, -1, 0, 0, 0 ], [ 2, 0, 0, 0, -1, 0, -1, -1, 0, 1 ], [ 2, -1, 0, 1, 0, 0, 0, -1, 0, -1 ], 
              [ 2, 0, 0, 0, -1, 1, 0, -1, -1, 0 ], [ 0, 0, 0, 0, 0, 1, 1, 0, 1, -1 ], [ 2, 0, -1, -1, 0, 0, 0, 0, 1, -1 ], 
              [ 2, 0, 1, -1, 0, -1, -1, 0, 0, 0 ], [ 2, 0, 0, 0, -1, 0, -1, 1, 0, -1 ], [ 2, 1, 0, -1, 0, 0, 0, -1, 0, -1 ], 
              [ 2, 0, 0, 0, 1, -1, 0, -1, -1, 0 ], [ 2, 0, 0, 0, 0, -1, -1, 0, -1, 1 ], [ 2, 0, -1, 1, 0, 0, 0, 0, -1, -1 ], 
              [ 2, 0, 0, 0, -1, 0, 1, -1, 0, -1 ], [ 2, 0, 0, 0, 0, -1, -1, 0, 1, -1 ], [ 2, 0, 1, -1, 0, 0, 0, 0, -1, -1 ], 
              [ 2, 0, 0, 0, 1, 0, -1, -1, 0, -1 ], [ 2, 0, 0, 0, 0, -1, 1, 0, -1, -1 ], [ 2, 0, 0, 0, 0, 1, -1, 0, -1, -1 ], 
              [ 0, 1, 0, 0, 0, 0, 0, 0, 0, 0 ], [ 1, -1, 0, 0, 0, 0, 0, 0, 0, 0 ], [ 0, 0, 1, 0, 0, 0, 0, 0, 0, 0 ], 
              [ 0, 0, 0, 0, 1, 0, 0, 0, 0, 0 ], [ 1, 0, -1, 0, 0, 0, 0, 0, 0, 0 ], [ 1, 0, 0, 0, -1, 0, 0, 0, 0, 0 ], 
              [ 0, 0, 0, 1, 0, 0, 0, 0, 0, 0 ], [ 0, 0, 0, 0, 0, 1, 0, 0, 0, 0 ], [ 0, 0, 0, 0, 0, 0, 0, 1, 0, 0 ], 
              [ 1, 0, 0, -1, 0, 0, 0, 0, 0, 0 ], [ 1, 0, 0, 0, 0, -1, 0, 0, 0, 0 ], [ 1, 0, 0, 0, 0, 0, 0, -1, 0, 0 ], 
              [ 0, 0, 0, 0, 0, 0, 1, 0, 0, 0 ], [ 0, 0, 0, 0, 0, 0, 0, 0, 1, 0 ], [ 1, 0, 0, 0, 0, 0, -1, 0, 0, 0 ], 
              [ 1, 0, 0, 0, 0, 0, 0, 0, -1, 0 ], [ 0, 0, 0, 0, 0, 0, 0, 0, 0, 1 ], [ 1, 0, 0, 0, 0, 0, 0, 0, 0, -1 ] ],
          GRP := Group( [ ( 1, 2)( 3, 6)( 4, 7)( 5,13)( 8,19)( 9,15)(11,17)(12,25)(14,27)(18,33)(20,35)(21,29)(24,39)(26,41)
                (28,36)(32,47)(34,49)(40,54)(42,50)(44,52)(48,60)(55,61)(57,63)(66,69)(73,74)(75,77)(79,82), 
              ( 1, 3)( 2, 6)( 4, 9)( 5,14)( 7,15)( 8,20)(10,23)(11,21)(12,26)(13,27)(16,31)(17,29)(18,34)(19,35)(22,38)(24,40)
                (25,41)(28,44)(30,46)(32,48)(33,49)(36,52)(37,53)(39,54)(42,57)(43,58)(45,59)(47,60)(50,63)(51,64)(55,66)(56,67)
                (61,69)(62,70)(65,71)(68,72)(76,81)(78,84)(80,86)(83,88)(85,89)(87,90), ( 1, 4)( 2, 7)( 3, 9)( 5,12)( 6,15)( 8,18)
                (10,22)(11,17)(13,25)(14,26)(16,30)(19,33)(20,34)(21,29)(23,38)(24,32)(27,41)(28,42)(31,46)(35,49)(36,50)(37,45)
                (39,47)(40,48)(43,56)(44,57)(51,62)(52,63)(53,59)(54,60)(55,61)(58,67)(64,70)(65,68)(66,69)(71,72)(75,79)(77,82)
                (80,85)(83,87)(86,89)(88,90), ( 1, 2)( 3, 6)( 4,11)( 5, 8)( 7,17)( 9,21)(10,16)(12,24)(13,19)(14,20)(15,29)(18,32)
                (22,37)(23,31)(25,39)(26,40)(27,35)(28,36)(30,45)(33,47)(34,48)(38,53)(41,54)(42,55)(43,51)(44,52)(46,59)(49,60)
                (50,61)(56,65)(57,66)(58,64)(62,68)(63,69)(67,71)(70,72)(73,75)(74,77)(76,80)(78,83)(81,86)(84,88), 
              ( 1, 5)( 2, 8)( 3,10)( 4,12)( 6,16)( 7,18)( 9,22)(11,24)(13,28)(14,23)(15,30)(17,32)(19,36)(20,31)(21,37)(25,42)
                (26,38)(27,43)(29,45)(33,50)(34,46)(35,51)(39,55)(40,53)(41,56)(44,58)(47,61)(48,59)(49,62)(52,64)(54,65)(57,67)
                (60,68)(63,70)(66,71)(69,72)(73,76)(74,78)(75,80)(77,83)(79,85)(82,87), ( 2, 5)( 3, 4)( 6,12)( 7,14)(10,11)(15,26)
                (16,24)(17,23)(18,20)(19,28)(21,22)(25,27)(29,38)(30,40)(31,32)(33,44)(35,42)(39,43)(45,53)(46,48)(47,58)(49,57)
                (50,52)(51,55)(54,56)(60,67)(61,64)(62,66)(68,71)(69,70)(75,76)(77,78)(79,81)(82,84)(85,86)(87,88) ] ) ) ) );
