return rec(
  EXT := [ [ 1, 0, 0, 0, 0, 0, 0, 0, 0, 0, 0, 0, 0, 0, 0, 0, 0, 0, 0 ], 
      [ 1, 1, 1, 1, 1, 0, 0, 0, 0, 0, 0, 0, 0, 0, 0, 0, 0, 0, 0 ], 
      [ 1, 1, 1, 1, 1, 1, 1, 1, 1, 0, 0, 0, 0, 0, 0, 0, 0, 0, 0 ], 
      [ 1, 1, 1, 1, 1, 1, 1, 1, 1, 1, 1, 1, 1, 0, 0, 0, 0, 0, 0 ], 
      [ 1, 0, 1, 1, 1, 0, 1, 1, 1, 0, 1, 1, 1, 1, 1, 1, 0, 0, 0 ], 
      [ 1, 0, 0, 1, 1, 0, 0, 1, 1, 0, 0, 1, 1, 0, 1, 1, 1, 1, 0 ], 
      [ 1, 0, 0, 0, 1, 0, 0, 0, 1, 0, 0, 0, 1, 0, 0, 1, 0, 1, 1 ], 
      [ 1, 0, 1, 0, 1, 0, 1, 0, 1, 0, 1, 0, 1, 1, 0, 1, 1, 0, 1 ], 
      [ 1, 1, 0, 1, 1, 1, 0, 1, 1, 1, 0, 1, 1, 1, 0, 0, 1, 1, 0 ], 
      [ 1, 1, 0, 0, 1, 1, 0, 0, 1, 1, 0, 0, 1, 1, 1, 0, 0, 1, 1 ], 
      [ 1, 1, 1, 0, 1, 1, 1, 0, 1, 1, 1, 0, 1, 0, 1, 0, 1, 0, 1 ], 
      [ 1, 0, 1, 1, 1, 0, 1, 1, 1, 1, 0, 0, 0, 1, 1, 1, 0, 0, 0 ], 
      [ 1, 0, 0, 1, 1, 0, 0, 1, 1, 1, 1, 0, 0, 0, 1, 1, 1, 1, 0 ], 
      [ 1, 0, 0, 0, 1, 0, 0, 0, 1, 1, 1, 1, 0, 0, 0, 1, 0, 1, 1 ], 
      [ 1, 0, 1, 0, 1, 0, 1, 0, 1, 1, 0, 1, 0, 1, 0, 1, 1, 0, 1 ], 
      [ 1, 1, 0, 1, 1, 1, 0, 1, 1, 0, 1, 0, 0, 1, 0, 0, 1, 1, 0 ], 
      [ 1, 1, 0, 0, 1, 1, 0, 0, 1, 0, 1, 1, 0, 1, 1, 0, 0, 1, 1 ], 
      [ 1, 1, 1, 0, 1, 1, 1, 0, 1, 0, 0, 1, 0, 0, 1, 0, 1, 0, 1 ], 
      [ 1, 1, 1, 1, 1, 0, 0, 0, 0, 1, 1, 1, 1, 0, 0, 0, 0, 0, 0 ], 
      [ 1, 0, 1, 1, 1, 1, 0, 0, 0, 0, 1, 1, 1, 1, 1, 1, 0, 0, 0 ], 
      [ 1, 0, 0, 1, 1, 1, 1, 0, 0, 0, 0, 1, 1, 0, 1, 1, 1, 1, 0 ], 
      [ 1, 0, 0, 0, 1, 1, 1, 1, 0, 0, 0, 0, 1, 0, 0, 1, 0, 1, 1 ], 
      [ 1, 0, 1, 0, 1, 1, 0, 1, 0, 0, 1, 0, 1, 1, 0, 1, 1, 0, 1 ], 
      [ 1, 1, 0, 1, 1, 0, 1, 0, 0, 1, 0, 1, 1, 1, 0, 0, 1, 1, 0 ], 
      [ 1, 1, 0, 0, 1, 0, 1, 1, 0, 1, 0, 0, 1, 1, 1, 0, 0, 1, 1 ], 
      [ 1, 1, 1, 0, 1, 0, 0, 1, 0, 1, 1, 0, 1, 0, 1, 0, 1, 0, 1 ], 
      [ 1, 0, 1, 1, 1, 1, 0, 0, 0, 1, 0, 0, 0, 1, 1, 1, 0, 0, 0 ], 
      [ 1, 0, 0, 1, 1, 1, 1, 0, 0, 1, 1, 0, 0, 0, 1, 1, 1, 1, 0 ], 
      [ 1, 0, 0, 0, 1, 1, 1, 1, 0, 1, 1, 1, 0, 0, 0, 1, 0, 1, 1 ], 
      [ 1, 0, 1, 0, 1, 1, 0, 1, 0, 1, 0, 1, 0, 1, 0, 1, 1, 0, 1 ], 
      [ 1, 1, 0, 1, 1, 0, 1, 0, 0, 0, 1, 0, 0, 1, 0, 0, 1, 1, 0 ], 
      [ 1, 1, 0, 0, 1, 0, 1, 1, 0, 0, 1, 1, 0, 1, 1, 0, 0, 1, 1 ], 
      [ 1, 1, 1, 0, 1, 0, 0, 1, 0, 0, 0, 1, 0, 0, 1, 0, 1, 0, 1 ], 
      [ 1, 0, 0, 0, 0, 1, 1, 1, 1, 0, 0, 0, 0, 0, 0, 0, 0, 0, 0 ], 
      [ 1, 0, 0, 0, 0, 1, 1, 1, 1, 1, 1, 1, 1, 0, 0, 0, 0, 0, 0 ], 
      [ 1, 1, 0, 0, 0, 0, 1, 1, 1, 0, 1, 1, 1, 1, 1, 1, 0, 0, 0 ], 
      [ 1, 1, 1, 0, 0, 0, 0, 1, 1, 0, 0, 1, 1, 0, 1, 1, 1, 1, 0 ], 
      [ 1, 1, 1, 1, 0, 0, 0, 0, 1, 0, 0, 0, 1, 0, 0, 1, 0, 1, 1 ], 
      [ 1, 1, 0, 1, 0, 0, 1, 0, 1, 0, 1, 0, 1, 1, 0, 1, 1, 0, 1 ], 
      [ 1, 0, 1, 0, 0, 1, 0, 1, 1, 1, 0, 1, 1, 1, 0, 0, 1, 1, 0 ], 
      [ 1, 0, 1, 1, 0, 1, 0, 0, 1, 1, 0, 0, 1, 1, 1, 0, 0, 1, 1 ], 
      [ 1, 0, 0, 1, 0, 1, 1, 0, 1, 1, 1, 0, 1, 0, 1, 0, 1, 0, 1 ], 
      [ 1, 1, 0, 0, 0, 0, 1, 1, 1, 1, 0, 0, 0, 1, 1, 1, 0, 0, 0 ], 
      [ 1, 1, 1, 0, 0, 0, 0, 1, 1, 1, 1, 0, 0, 0, 1, 1, 1, 1, 0 ], 
      [ 1, 1, 1, 1, 0, 0, 0, 0, 1, 1, 1, 1, 0, 0, 0, 1, 0, 1, 1 ], 
      [ 1, 1, 0, 1, 0, 0, 1, 0, 1, 1, 0, 1, 0, 1, 0, 1, 1, 0, 1 ], 
      [ 1, 0, 1, 0, 0, 1, 0, 1, 1, 0, 1, 0, 0, 1, 0, 0, 1, 1, 0 ], 
      [ 1, 0, 1, 1, 0, 1, 0, 0, 1, 0, 1, 1, 0, 1, 1, 0, 0, 1, 1 ], 
      [ 1, 0, 0, 1, 0, 1, 1, 0, 1, 0, 0, 1, 0, 0, 1, 0, 1, 0, 1 ], 
      [ 1, 0, 0, 0, 0, 0, 0, 0, 0, 1, 1, 1, 1, 0, 0, 0, 0, 0, 0 ], 
      [ 1, 1, 0, 0, 0, 1, 0, 0, 0, 0, 1, 1, 1, 1, 1, 1, 0, 0, 0 ], 
      [ 1, 1, 1, 0, 0, 1, 1, 0, 0, 0, 0, 1, 1, 0, 1, 1, 1, 1, 0 ], 
      [ 1, 1, 1, 1, 0, 1, 1, 1, 0, 0, 0, 0, 1, 0, 0, 1, 0, 1, 1 ], 
      [ 1, 1, 0, 1, 0, 1, 0, 1, 0, 0, 1, 0, 1, 1, 0, 1, 1, 0, 1 ], 
      [ 1, 0, 1, 0, 0, 0, 1, 0, 0, 1, 0, 1, 1, 1, 0, 0, 1, 1, 0 ], 
      [ 1, 0, 1, 1, 0, 0, 1, 1, 0, 1, 0, 0, 1, 1, 1, 0, 0, 1, 1 ], 
      [ 1, 0, 0, 1, 0, 0, 0, 1, 0, 1, 1, 0, 1, 0, 1, 0, 1, 0, 1 ], 
      [ 1, 1, 0, 0, 0, 1, 0, 0, 0, 1, 0, 0, 0, 1, 1, 1, 0, 0, 0 ], 
      [ 1, 1, 1, 0, 0, 1, 1, 0, 0, 1, 1, 0, 0, 0, 1, 1, 1, 1, 0 ], 
      [ 1, 1, 1, 1, 0, 1, 1, 1, 0, 1, 1, 1, 0, 0, 0, 1, 0, 1, 1 ], 
      [ 1, 1, 0, 1, 0, 1, 0, 1, 0, 1, 0, 1, 0, 1, 0, 1, 1, 0, 1 ], 
      [ 1, 0, 1, 0, 0, 0, 1, 0, 0, 0, 1, 0, 0, 1, 0, 0, 1, 1, 0 ], 
      [ 1, 0, 1, 1, 0, 0, 1, 1, 0, 0, 1, 1, 0, 1, 1, 0, 0, 1, 1 ], 
      [ 1, 0, 0, 1, 0, 0, 0, 1, 0, 0, 0, 1, 0, 0, 1, 0, 1, 0, 1 ] ],
  GRP := Group( [ ( 5, 9)( 8,10)(12,16)(15,17)(20,24)(23,25)(27,31)(30,32)(36,40)(39,41)(43,47)(46,48)(51,55)(54,56)
        (58,62)(61,63), ( 2,34)( 5, 9)( 7,64)( 8,61)(10,63)(11,60)(12,16)(14,57)(15,54)(17,56)(18,53)(19,35)(20,40)
        (21,37)(22,33)(23,30)(24,36)(25,32)(26,29)(27,47)(28,44)(31,43)(38,49)(39,46)(41,48)(42,45)(51,55)(58,62), 
      ( 2,34)(19,35)(20,36)(21,37)(22,38)(23,39)(24,40)(25,41)(26,42)(27,43)(28,44)(29,45)(30,46)(31,47)(32,48)
        (33,49), ( 6, 8)( 9,11)(13,15)(16,18)(21,23)(24,26)(28,30)(31,33)(37,39)(40,42)(44,46)(47,49)(52,54)(55,57)
        (59,61)(62,64), ( 3,19)(12,20)(13,21)(14,22)(15,23)(16,24)(17,25)(18,26)(34,50)(43,51)(44,52)(45,53)(46,54)
        (47,55)(48,56)(49,57), ( 1, 2,19,50)( 3, 4,35,34)( 5,40,43,16)( 6,37,44,13)( 7,33,45,57)( 8,30,46,54)
        ( 9,36,47,12)(10,32,48,56)(11,29,49,53)(14,64,38,26)(15,61,39,23)(17,63,41,25)(18,60,42,22)(20,55,58,31)
        (21,52,59,28)(24,51,62,27), ( 1, 5,10,64, 8, 9)( 2,36,41,33,39,40)( 3,51,56,18,54,55)( 4,58,63,11,61,62)
        ( 6, 7)(12,17,57,15,16,50)(13,14)(19,43,48,26,46,47)(20,25,49,23,24,34)(21,22)(27,32,42,30,31,35)(28,29)
        (37,38)(44,45)(52,53)(59,60) ] ),
  LOrb := 
   [ [ 3, 4, 5, 6, 8, 12, 13, 15, 34, 35, 37, 38, 39, 40, 42, 44, 45, 46, 47, 49, 53, 55, 56, 57, 60, 62, 63, 64 ], 
      [ 2, 3, 4, 5, 9, 11, 12, 16, 18, 19, 20, 24, 26, 27, 31, 33, 36, 37, 39, 40, 41, 42, 43, 44, 46, 47, 48, 49, 
          51, 52, 54, 55, 56, 57, 58, 59, 61, 62, 63, 64 ], 
      [ 1, 2, 3, 4, 9, 10, 11, 16, 17, 18, 19, 24, 25, 26, 31, 32, 33, 34, 35, 36, 37, 38, 39, 40, 41, 42, 43, 44, 
          45, 46, 47, 48, 49, 50, 51, 52, 53, 54, 55, 56, 57, 58, 59, 60, 61, 62, 63, 64 ], 
      [ 1, 2, 3, 4, 5, 6, 9, 10, 11, 12, 13, 16, 17, 18, 19, 20, 21, 24, 25, 26, 27, 28, 31, 32, 33, 34, 35, 36, 37, 
          40, 41, 42, 43, 44, 47, 48, 49, 50, 51, 52, 55, 56, 57, 58, 59, 62, 63, 64 ] ],
  eRec := rec(
      GRA := rec(
          adjacencies := [ [ 4, 5, 6, 7 ], [ 4, 5, 6, 7 ], [ 4, 5, 6, 7 ], [ 1, 2, 3, 5, 6, 7 ], 
              [ 1, 2, 3, 4, 6, 7 ], [ 1, 2, 3, 4, 5, 7 ], [ 1, 2, 3, 4, 5, 6 ] ],
          autGroup := Group( [ (6,7), (5,6), (4,5), (2,3), (1,2) ] ),
          group := Group( [ () ] ),
          isGraph := true,
          isSimple := true,
          order := 7,
          representatives := [ 1, 2, 3, 4, 5, 6, 7 ],
          schreierVector := [ -1, -2, -3, -4, -5, -6, -7 ] ),
      GRPcanonic := Group( [ ( 7,64)( 8,63)(10,61)(11,60)(14,57)(15,56)(17,54)(18,53)(22,49)(23,48)(25,46)(26,45)
            (29,42)(30,41)(32,39)(33,38), ( 6, 8)( 9,11)(13,15)(16,18)(21,23)(24,26)(28,30)(31,33)(37,39)(40,42)
            (44,46)(47,49)(52,54)(55,57)(59,61)(62,64), ( 5, 9)( 8,10)(12,16)(15,17)(20,24)(23,25)(27,31)(30,32)
            (36,40)(39,41)(43,47)(46,48)(51,55)(54,56)(58,62)(61,63), ( 3,19)(12,20)(13,21)(14,22)(15,23)(16,24)
            (17,25)(18,26)(34,50)(43,51)(44,52)(45,53)(46,54)(47,55)(48,56)(49,57), 
          ( 2,34)(19,35)(20,36)(21,37)(22,38)(23,39)(24,40)(25,41)(26,42)(27,43)(28,44)(29,45)(30,46)(31,47)(32,48)
            (33,49), ( 1, 2)( 3,34)( 4,35)( 5,36)( 6,37)( 7,38)( 8,39)( 9,40)(10,41)(11,42)(12,43)(13,44)(14,45)
            (15,46)(16,47)(17,48)(18,49)(19,50)(20,51)(21,52)(22,53)(23,54)(24,55)(25,56)(26,57)(27,58)(28,59)(29,60)
            (30,61)(31,62)(32,63)(33,64), ( 1,34)( 2, 3)( 4,19)( 5,20)( 6,21)( 7,22)( 8,23)( 9,24)(10,25)(11,26)
            (12,27)(13,28)(14,29)(15,30)(16,31)(17,32)(18,33)(35,50)(36,51)(37,52)(38,53)(39,54)(40,55)(41,56)(42,57)
            (43,58)(44,59)(45,60)(46,61)(47,62)(48,63)(49,64), ( 1,50)( 2,19)( 3, 4)( 5,12)( 6,13)( 7,14)( 8,15)
            ( 9,16)(10,17)(11,18)(20,27)(21,28)(22,29)(23,30)(24,31)(25,32)(26,33)(34,35)(36,43)(37,44)(38,45)(39,46)
            (40,47)(41,48)(42,49)(51,58)(52,59)(53,60)(54,61)(55,62)(56,63)(57,64), 
          ( 1,58)( 2,27)( 3,12)( 4, 5)( 6, 9)( 7,10)( 8,11)(13,16)(14,17)(15,18)(19,20)(21,24)(22,25)(23,26)(28,31)
            (29,32)(30,33)(34,43)(35,36)(37,40)(38,41)(39,42)(44,47)(45,48)(46,49)(50,51)(52,55)(53,56)(54,57)(59,62)
            (60,63)(61,64), ( 1,62)( 2,31)( 3,16)( 4, 9)( 5, 6)( 7, 8)(10,11)(12,13)(14,15)(17,18)(19,24)(20,21)
            (22,23)(25,26)(27,28)(29,30)(32,33)(34,47)(35,40)(36,37)(38,39)(41,42)(43,44)(45,46)(48,49)(50,55)(51,52)
            (53,54)(56,57)(58,59)(60,61)(63,64), ( 1,64)( 2,33)( 3,18)( 4,11)( 5, 8)( 6, 7)( 9,10)(12,15)(13,14)
            (16,17)(19,26)(20,23)(21,22)(24,25)(27,30)(28,29)(31,32)(34,49)(35,42)(36,39)(37,38)(40,41)(43,46)(44,45)
            (47,48)(50,57)(51,54)(52,53)(55,56)(58,61)(59,60)(62,63), ( 1, 7)( 2,38)( 3,53)( 4,60)( 5,63)( 6,64)
            ( 8,62)( 9,61)(10,58)(11,59)(12,56)(13,57)(14,50)(15,55)(16,54)(17,51)(18,52)(19,45)(20,48)(21,49)(22,34)
            (23,47)(24,46)(25,43)(26,44)(27,41)(28,42)(29,35)(30,40)(31,39)(32,36)(33,37) ] ),
      ListEdges := [ [ 1, 4 ], [ 1, 5 ], [ 1, 6 ], [ 1, 7 ], [ 2, 4 ], [ 2, 5 ], [ 2, 6 ], [ 2, 7 ], [ 3, 4 ], 
          [ 3, 5 ], [ 3, 6 ], [ 3, 7 ], [ 4, 5 ], [ 4, 6 ], [ 4, 7 ], [ 5, 6 ], [ 5, 7 ], [ 6, 7 ] ],
      ListSet := [ [  ], [ 1 ], [ 1, 2 ], [ 1, 2, 3 ], [ 1, 2, 3, 4 ], [ 1, 2, 3, 4, 5 ], [ 1, 2, 3, 4, 5, 6 ], 
          [ 1, 2, 3, 4, 6 ], [ 1, 2, 3, 5 ], [ 1, 2, 3, 5, 6 ], [ 1, 2, 3, 6 ], [ 1, 2, 4 ], [ 1, 2, 4, 5 ], 
          [ 1, 2, 4, 5, 6 ], [ 1, 2, 4, 6 ], [ 1, 2, 5 ], [ 1, 2, 5, 6 ], [ 1, 2, 6 ], [ 1, 3 ], [ 1, 3, 4 ], 
          [ 1, 3, 4, 5 ], [ 1, 3, 4, 5, 6 ], [ 1, 3, 4, 6 ], [ 1, 3, 5 ], [ 1, 3, 5, 6 ], [ 1, 3, 6 ], [ 1, 4 ], 
          [ 1, 4, 5 ], [ 1, 4, 5, 6 ], [ 1, 4, 6 ], [ 1, 5 ], [ 1, 5, 6 ], [ 1, 6 ], [ 2 ], [ 2, 3 ], [ 2, 3, 4 ], 
          [ 2, 3, 4, 5 ], [ 2, 3, 4, 5, 6 ], [ 2, 3, 4, 6 ], [ 2, 3, 5 ], [ 2, 3, 5, 6 ], [ 2, 3, 6 ], [ 2, 4 ], 
          [ 2, 4, 5 ], [ 2, 4, 5, 6 ], [ 2, 4, 6 ], [ 2, 5 ], [ 2, 5, 6 ], [ 2, 6 ], [ 3 ], [ 3, 4 ], [ 3, 4, 5 ], 
          [ 3, 4, 5, 6 ], [ 3, 4, 6 ], [ 3, 5 ], [ 3, 5, 6 ], [ 3, 6 ], [ 4 ], [ 4, 5 ], [ 4, 5, 6 ], [ 4, 6 ], 
          [ 5 ], [ 5, 6 ], [ 6 ] ],
      ListVect := [ [ 1, 0, 0, 0, 0, 0, 0, 0, 0, 0, 0, 0, 0, 0, 0, 0, 0, 0, 0 ], 
          [ 1, 1, 1, 1, 1, 0, 0, 0, 0, 0, 0, 0, 0, 0, 0, 0, 0, 0, 0 ], 
          [ 1, 1, 1, 1, 1, 1, 1, 1, 1, 0, 0, 0, 0, 0, 0, 0, 0, 0, 0 ], 
          [ 1, 1, 1, 1, 1, 1, 1, 1, 1, 1, 1, 1, 1, 0, 0, 0, 0, 0, 0 ], 
          [ 1, 0, 1, 1, 1, 0, 1, 1, 1, 0, 1, 1, 1, 1, 1, 1, 0, 0, 0 ], 
          [ 1, 0, 0, 1, 1, 0, 0, 1, 1, 0, 0, 1, 1, 0, 1, 1, 1, 1, 0 ], 
          [ 1, 0, 0, 0, 1, 0, 0, 0, 1, 0, 0, 0, 1, 0, 0, 1, 0, 1, 1 ], 
          [ 1, 0, 1, 0, 1, 0, 1, 0, 1, 0, 1, 0, 1, 1, 0, 1, 1, 0, 1 ], 
          [ 1, 1, 0, 1, 1, 1, 0, 1, 1, 1, 0, 1, 1, 1, 0, 0, 1, 1, 0 ], 
          [ 1, 1, 0, 0, 1, 1, 0, 0, 1, 1, 0, 0, 1, 1, 1, 0, 0, 1, 1 ], 
          [ 1, 1, 1, 0, 1, 1, 1, 0, 1, 1, 1, 0, 1, 0, 1, 0, 1, 0, 1 ], 
          [ 1, 0, 1, 1, 1, 0, 1, 1, 1, 1, 0, 0, 0, 1, 1, 1, 0, 0, 0 ], 
          [ 1, 0, 0, 1, 1, 0, 0, 1, 1, 1, 1, 0, 0, 0, 1, 1, 1, 1, 0 ], 
          [ 1, 0, 0, 0, 1, 0, 0, 0, 1, 1, 1, 1, 0, 0, 0, 1, 0, 1, 1 ], 
          [ 1, 0, 1, 0, 1, 0, 1, 0, 1, 1, 0, 1, 0, 1, 0, 1, 1, 0, 1 ], 
          [ 1, 1, 0, 1, 1, 1, 0, 1, 1, 0, 1, 0, 0, 1, 0, 0, 1, 1, 0 ], 
          [ 1, 1, 0, 0, 1, 1, 0, 0, 1, 0, 1, 1, 0, 1, 1, 0, 0, 1, 1 ], 
          [ 1, 1, 1, 0, 1, 1, 1, 0, 1, 0, 0, 1, 0, 0, 1, 0, 1, 0, 1 ], 
          [ 1, 1, 1, 1, 1, 0, 0, 0, 0, 1, 1, 1, 1, 0, 0, 0, 0, 0, 0 ], 
          [ 1, 0, 1, 1, 1, 1, 0, 0, 0, 0, 1, 1, 1, 1, 1, 1, 0, 0, 0 ], 
          [ 1, 0, 0, 1, 1, 1, 1, 0, 0, 0, 0, 1, 1, 0, 1, 1, 1, 1, 0 ], 
          [ 1, 0, 0, 0, 1, 1, 1, 1, 0, 0, 0, 0, 1, 0, 0, 1, 0, 1, 1 ], 
          [ 1, 0, 1, 0, 1, 1, 0, 1, 0, 0, 1, 0, 1, 1, 0, 1, 1, 0, 1 ], 
          [ 1, 1, 0, 1, 1, 0, 1, 0, 0, 1, 0, 1, 1, 1, 0, 0, 1, 1, 0 ], 
          [ 1, 1, 0, 0, 1, 0, 1, 1, 0, 1, 0, 0, 1, 1, 1, 0, 0, 1, 1 ], 
          [ 1, 1, 1, 0, 1, 0, 0, 1, 0, 1, 1, 0, 1, 0, 1, 0, 1, 0, 1 ], 
          [ 1, 0, 1, 1, 1, 1, 0, 0, 0, 1, 0, 0, 0, 1, 1, 1, 0, 0, 0 ], 
          [ 1, 0, 0, 1, 1, 1, 1, 0, 0, 1, 1, 0, 0, 0, 1, 1, 1, 1, 0 ], 
          [ 1, 0, 0, 0, 1, 1, 1, 1, 0, 1, 1, 1, 0, 0, 0, 1, 0, 1, 1 ], 
          [ 1, 0, 1, 0, 1, 1, 0, 1, 0, 1, 0, 1, 0, 1, 0, 1, 1, 0, 1 ], 
          [ 1, 1, 0, 1, 1, 0, 1, 0, 0, 0, 1, 0, 0, 1, 0, 0, 1, 1, 0 ], 
          [ 1, 1, 0, 0, 1, 0, 1, 1, 0, 0, 1, 1, 0, 1, 1, 0, 0, 1, 1 ], 
          [ 1, 1, 1, 0, 1, 0, 0, 1, 0, 0, 0, 1, 0, 0, 1, 0, 1, 0, 1 ], 
          [ 1, 0, 0, 0, 0, 1, 1, 1, 1, 0, 0, 0, 0, 0, 0, 0, 0, 0, 0 ], 
          [ 1, 0, 0, 0, 0, 1, 1, 1, 1, 1, 1, 1, 1, 0, 0, 0, 0, 0, 0 ], 
          [ 1, 1, 0, 0, 0, 0, 1, 1, 1, 0, 1, 1, 1, 1, 1, 1, 0, 0, 0 ], 
          [ 1, 1, 1, 0, 0, 0, 0, 1, 1, 0, 0, 1, 1, 0, 1, 1, 1, 1, 0 ], 
          [ 1, 1, 1, 1, 0, 0, 0, 0, 1, 0, 0, 0, 1, 0, 0, 1, 0, 1, 1 ], 
          [ 1, 1, 0, 1, 0, 0, 1, 0, 1, 0, 1, 0, 1, 1, 0, 1, 1, 0, 1 ], 
          [ 1, 0, 1, 0, 0, 1, 0, 1, 1, 1, 0, 1, 1, 1, 0, 0, 1, 1, 0 ], 
          [ 1, 0, 1, 1, 0, 1, 0, 0, 1, 1, 0, 0, 1, 1, 1, 0, 0, 1, 1 ], 
          [ 1, 0, 0, 1, 0, 1, 1, 0, 1, 1, 1, 0, 1, 0, 1, 0, 1, 0, 1 ], 
          [ 1, 1, 0, 0, 0, 0, 1, 1, 1, 1, 0, 0, 0, 1, 1, 1, 0, 0, 0 ], 
          [ 1, 1, 1, 0, 0, 0, 0, 1, 1, 1, 1, 0, 0, 0, 1, 1, 1, 1, 0 ], 
          [ 1, 1, 1, 1, 0, 0, 0, 0, 1, 1, 1, 1, 0, 0, 0, 1, 0, 1, 1 ], 
          [ 1, 1, 0, 1, 0, 0, 1, 0, 1, 1, 0, 1, 0, 1, 0, 1, 1, 0, 1 ], 
          [ 1, 0, 1, 0, 0, 1, 0, 1, 1, 0, 1, 0, 0, 1, 0, 0, 1, 1, 0 ], 
          [ 1, 0, 1, 1, 0, 1, 0, 0, 1, 0, 1, 1, 0, 1, 1, 0, 0, 1, 1 ], 
          [ 1, 0, 0, 1, 0, 1, 1, 0, 1, 0, 0, 1, 0, 0, 1, 0, 1, 0, 1 ], 
          [ 1, 0, 0, 0, 0, 0, 0, 0, 0, 1, 1, 1, 1, 0, 0, 0, 0, 0, 0 ], 
          [ 1, 1, 0, 0, 0, 1, 0, 0, 0, 0, 1, 1, 1, 1, 1, 1, 0, 0, 0 ], 
          [ 1, 1, 1, 0, 0, 1, 1, 0, 0, 0, 0, 1, 1, 0, 1, 1, 1, 1, 0 ], 
          [ 1, 1, 1, 1, 0, 1, 1, 1, 0, 0, 0, 0, 1, 0, 0, 1, 0, 1, 1 ], 
          [ 1, 1, 0, 1, 0, 1, 0, 1, 0, 0, 1, 0, 1, 1, 0, 1, 1, 0, 1 ], 
          [ 1, 0, 1, 0, 0, 0, 1, 0, 0, 1, 0, 1, 1, 1, 0, 0, 1, 1, 0 ], 
          [ 1, 0, 1, 1, 0, 0, 1, 1, 0, 1, 0, 0, 1, 1, 1, 0, 0, 1, 1 ], 
          [ 1, 0, 0, 1, 0, 0, 0, 1, 0, 1, 1, 0, 1, 0, 1, 0, 1, 0, 1 ], 
          [ 1, 1, 0, 0, 0, 1, 0, 0, 0, 1, 0, 0, 0, 1, 1, 1, 0, 0, 0 ], 
          [ 1, 1, 1, 0, 0, 1, 1, 0, 0, 1, 1, 0, 0, 0, 1, 1, 1, 1, 0 ], 
          [ 1, 1, 1, 1, 0, 1, 1, 1, 0, 1, 1, 1, 0, 0, 0, 1, 0, 1, 1 ], 
          [ 1, 1, 0, 1, 0, 1, 0, 1, 0, 1, 0, 1, 0, 1, 0, 1, 1, 0, 1 ], 
          [ 1, 0, 1, 0, 0, 0, 1, 0, 0, 0, 1, 0, 0, 1, 0, 0, 1, 1, 0 ], 
          [ 1, 0, 1, 1, 0, 0, 1, 1, 0, 0, 1, 1, 0, 1, 1, 0, 0, 1, 1 ], 
          [ 1, 0, 0, 1, 0, 0, 0, 1, 0, 0, 0, 1, 0, 0, 1, 0, 1, 0, 1 ] ] ) );
