return rec(
  EXT := [ [ 1, 0, 0, 0, 0, 0, 0, 0, 0, 0 ], [ 1, 1, 1, 1, 1, 0, 0, 0, 0, 0 ], [ 1, 0, 1, 1, 1, 1, 1, 1, 0, 0 ], 
      [ 1, 0, 0, 1, 1, 0, 1, 1, 1, 1 ], [ 1, 0, 0, 0, 1, 0, 0, 1, 0, 1 ], [ 1, 0, 1, 0, 1, 1, 0, 1, 1, 0 ], 
      [ 1, 1, 0, 1, 1, 1, 0, 0, 1, 1 ], [ 1, 1, 0, 0, 1, 1, 1, 0, 0, 1 ], [ 1, 1, 1, 0, 1, 0, 1, 0, 1, 0 ], 
      [ 1, 1, 0, 0, 0, 1, 1, 1, 0, 0 ], [ 1, 1, 1, 0, 0, 0, 1, 1, 1, 1 ], [ 1, 1, 1, 1, 0, 0, 0, 1, 0, 1 ], 
      [ 1, 1, 0, 1, 0, 1, 0, 1, 1, 0 ], [ 1, 0, 1, 0, 0, 1, 0, 0, 1, 1 ], [ 1, 0, 1, 1, 0, 1, 1, 0, 0, 1 ], 
      [ 1, 0, 0, 1, 0, 0, 1, 0, 1, 0 ] ],
  GRP := Group( [ ( 2,10)( 7,11)( 8,12)( 9,13), ( 3, 7)( 6, 8)(10,14)(13,15), ( 2,14)( 3,11)( 5,16)( 6, 9)( 8,13)
        (12,15), ( 1, 2, 3, 4,11,14)( 5,12,15,16, 9, 6)( 7,10)( 8,13), ( 1, 5)( 2, 6)( 3, 9)( 4,16)( 7,13)( 8,10)
        (11,15)(12,14) ] ),
  LOrb := [ [ 2, 3, 4, 5, 6, 7, 8, 9, 10, 11, 12, 13 ], [ 2, 3, 6, 7, 8, 9, 10, 11, 12, 13, 14, 15 ] ],
  eRec := rec(
      GRA := rec(
          adjacencies := [ [ 2, 3, 4, 5 ], [ 1, 3, 4, 5 ], [ 1, 2, 4, 5 ], [ 1, 2, 3 ], [ 1, 2, 3 ] ],
          autGroup := Group( [ (2,3), (1,2), (4,5) ] ),
          group := Group( [ () ] ),
          isGraph := true,
          isSimple := true,
          order := 5,
          representatives := [ 1, 2, 3, 4, 5 ],
          schreierVector := [ -1, -2, -3, -4, -5 ] ),
      GRPcanonic := Group( [ ( 3, 7)( 6, 8)(10,14)(13,15), ( 2,10)( 7,11)( 8,12)( 9,13), 
          ( 5,16)( 6,15)( 8,13)( 9,12), ( 1, 2)( 3,10)( 4,11)( 5,12)( 6,13)( 7,14)( 8,15)( 9,16), 
          ( 1,10)( 2, 3)( 4, 7)( 5, 8)( 6, 9)(11,14)(12,15)(13,16), ( 1,14)( 2, 7)( 3, 4)( 5, 6)( 8, 9)(10,11)(12,13)
            (15,16), ( 1,16)( 2, 9)( 3, 6)( 4, 5)( 7, 8)(10,13)(11,12)(14,15), ( 1, 5)( 2,12)( 3,15)( 4,16)( 6,14)
            ( 7,13)( 8,10)( 9,11) ] ),
      ListEdges := [ [ 1, 2 ], [ 1, 3 ], [ 1, 4 ], [ 1, 5 ], [ 2, 3 ], [ 2, 4 ], [ 2, 5 ], [ 3, 4 ], [ 3, 5 ] ],
      ListSet := [ [  ], [ 1 ], [ 1, 2 ], [ 1, 2, 3 ], [ 1, 2, 3, 4 ], [ 1, 2, 4 ], [ 1, 3 ], [ 1, 3, 4 ], [ 1, 4 ], 
          [ 2 ], [ 2, 3 ], [ 2, 3, 4 ], [ 2, 4 ], [ 3 ], [ 3, 4 ], [ 4 ] ],
      ListVect := [ [ 1, 0, 0, 0, 0, 0, 0, 0, 0, 0 ], [ 1, 1, 1, 1, 1, 0, 0, 0, 0, 0 ], 
          [ 1, 0, 1, 1, 1, 1, 1, 1, 0, 0 ], [ 1, 0, 0, 1, 1, 0, 1, 1, 1, 1 ], [ 1, 0, 0, 0, 1, 0, 0, 1, 0, 1 ], 
          [ 1, 0, 1, 0, 1, 1, 0, 1, 1, 0 ], [ 1, 1, 0, 1, 1, 1, 0, 0, 1, 1 ], [ 1, 1, 0, 0, 1, 1, 1, 0, 0, 1 ], 
          [ 1, 1, 1, 0, 1, 0, 1, 0, 1, 0 ], [ 1, 1, 0, 0, 0, 1, 1, 1, 0, 0 ], [ 1, 1, 1, 0, 0, 0, 1, 1, 1, 1 ], 
          [ 1, 1, 1, 1, 0, 0, 0, 1, 0, 1 ], [ 1, 1, 0, 1, 0, 1, 0, 1, 1, 0 ], [ 1, 0, 1, 0, 0, 1, 0, 0, 1, 1 ], 
          [ 1, 0, 1, 1, 0, 1, 1, 0, 0, 1 ], [ 1, 0, 0, 1, 0, 0, 1, 0, 1, 0 ] ] ) );
