return rec(
  EXT := [ [ 1, 0, 0, 0, 0, 0, 0, 0, 0, 0, 0, 0, 0 ], [ 1, 1, 1, 1, 1, 0, 0, 0, 0, 0, 0, 0, 0 ], 
      [ 1, 1, 1, 1, 1, 1, 1, 1, 1, 0, 0, 0, 0 ], [ 1, 1, 1, 1, 1, 1, 1, 1, 1, 1, 1, 1, 1 ], 
      [ 1, 0, 1, 1, 1, 0, 1, 1, 1, 0, 1, 1, 1 ], [ 1, 0, 0, 1, 1, 0, 0, 1, 1, 0, 0, 1, 1 ], 
      [ 1, 0, 0, 0, 1, 0, 0, 0, 1, 0, 0, 0, 1 ], [ 1, 0, 1, 0, 1, 0, 1, 0, 1, 0, 1, 0, 1 ], 
      [ 1, 1, 0, 1, 1, 1, 0, 1, 1, 1, 0, 1, 1 ], [ 1, 1, 0, 0, 1, 1, 0, 0, 1, 1, 0, 0, 1 ], 
      [ 1, 1, 1, 0, 1, 1, 1, 0, 1, 1, 1, 0, 1 ], [ 1, 0, 1, 1, 1, 0, 1, 1, 1, 1, 0, 0, 0 ], 
      [ 1, 0, 0, 1, 1, 0, 0, 1, 1, 1, 1, 0, 0 ], [ 1, 0, 0, 0, 1, 0, 0, 0, 1, 1, 1, 1, 0 ], 
      [ 1, 0, 1, 0, 1, 0, 1, 0, 1, 1, 0, 1, 0 ], [ 1, 1, 0, 1, 1, 1, 0, 1, 1, 0, 1, 0, 0 ], 
      [ 1, 1, 0, 0, 1, 1, 0, 0, 1, 0, 1, 1, 0 ], [ 1, 1, 1, 0, 1, 1, 1, 0, 1, 0, 0, 1, 0 ], 
      [ 1, 1, 1, 1, 1, 0, 0, 0, 0, 1, 1, 1, 1 ], [ 1, 0, 1, 1, 1, 1, 0, 0, 0, 0, 1, 1, 1 ], 
      [ 1, 0, 0, 1, 1, 1, 1, 0, 0, 0, 0, 1, 1 ], [ 1, 0, 0, 0, 1, 1, 1, 1, 0, 0, 0, 0, 1 ], 
      [ 1, 0, 1, 0, 1, 1, 0, 1, 0, 0, 1, 0, 1 ], [ 1, 1, 0, 1, 1, 0, 1, 0, 0, 1, 0, 1, 1 ], 
      [ 1, 1, 0, 0, 1, 0, 1, 1, 0, 1, 0, 0, 1 ], [ 1, 1, 1, 0, 1, 0, 0, 1, 0, 1, 1, 0, 1 ], 
      [ 1, 0, 1, 1, 1, 1, 0, 0, 0, 1, 0, 0, 0 ], [ 1, 0, 0, 1, 1, 1, 1, 0, 0, 1, 1, 0, 0 ], 
      [ 1, 0, 0, 0, 1, 1, 1, 1, 0, 1, 1, 1, 0 ], [ 1, 0, 1, 0, 1, 1, 0, 1, 0, 1, 0, 1, 0 ], 
      [ 1, 1, 0, 1, 1, 0, 1, 0, 0, 0, 1, 0, 0 ], [ 1, 1, 0, 0, 1, 0, 1, 1, 0, 0, 1, 1, 0 ], 
      [ 1, 1, 1, 0, 1, 0, 0, 1, 0, 0, 0, 1, 0 ], [ 1, 0, 0, 0, 0, 1, 1, 1, 1, 0, 0, 0, 0 ], 
      [ 1, 0, 0, 0, 0, 1, 1, 1, 1, 1, 1, 1, 1 ], [ 1, 1, 0, 0, 0, 0, 1, 1, 1, 0, 1, 1, 1 ], 
      [ 1, 1, 1, 0, 0, 0, 0, 1, 1, 0, 0, 1, 1 ], [ 1, 1, 1, 1, 0, 0, 0, 0, 1, 0, 0, 0, 1 ], 
      [ 1, 1, 0, 1, 0, 0, 1, 0, 1, 0, 1, 0, 1 ], [ 1, 0, 1, 0, 0, 1, 0, 1, 1, 1, 0, 1, 1 ], 
      [ 1, 0, 1, 1, 0, 1, 0, 0, 1, 1, 0, 0, 1 ], [ 1, 0, 0, 1, 0, 1, 1, 0, 1, 1, 1, 0, 1 ], 
      [ 1, 1, 0, 0, 0, 0, 1, 1, 1, 1, 0, 0, 0 ], [ 1, 1, 1, 0, 0, 0, 0, 1, 1, 1, 1, 0, 0 ], 
      [ 1, 1, 1, 1, 0, 0, 0, 0, 1, 1, 1, 1, 0 ], [ 1, 1, 0, 1, 0, 0, 1, 0, 1, 1, 0, 1, 0 ], 
      [ 1, 0, 1, 0, 0, 1, 0, 1, 1, 0, 1, 0, 0 ], [ 1, 0, 1, 1, 0, 1, 0, 0, 1, 0, 1, 1, 0 ], 
      [ 1, 0, 0, 1, 0, 1, 1, 0, 1, 0, 0, 1, 0 ], [ 1, 0, 0, 0, 0, 0, 0, 0, 0, 1, 1, 1, 1 ], 
      [ 1, 1, 0, 0, 0, 1, 0, 0, 0, 0, 1, 1, 1 ], [ 1, 1, 1, 0, 0, 1, 1, 0, 0, 0, 0, 1, 1 ], 
      [ 1, 1, 1, 1, 0, 1, 1, 1, 0, 0, 0, 0, 1 ], [ 1, 1, 0, 1, 0, 1, 0, 1, 0, 0, 1, 0, 1 ], 
      [ 1, 0, 1, 0, 0, 0, 1, 0, 0, 1, 0, 1, 1 ], [ 1, 0, 1, 1, 0, 0, 1, 1, 0, 1, 0, 0, 1 ], 
      [ 1, 0, 0, 1, 0, 0, 0, 1, 0, 1, 1, 0, 1 ], [ 1, 1, 0, 0, 0, 1, 0, 0, 0, 1, 0, 0, 0 ], 
      [ 1, 1, 1, 0, 0, 1, 1, 0, 0, 1, 1, 0, 0 ], [ 1, 1, 1, 1, 0, 1, 1, 1, 0, 1, 1, 1, 0 ], 
      [ 1, 1, 0, 1, 0, 1, 0, 1, 0, 1, 0, 1, 0 ], [ 1, 0, 1, 0, 0, 0, 1, 0, 0, 0, 1, 0, 0 ], 
      [ 1, 0, 1, 1, 0, 0, 1, 1, 0, 0, 1, 1, 0 ], [ 1, 0, 0, 1, 0, 0, 0, 1, 0, 0, 0, 1, 0 ] ],
  GRP := Group( [ ( 7,64)( 8,63)(10,61)(11,60)(14,57)(15,56)(17,54)(18,53)(22,49)(23,48)(25,46)(26,45)(29,42)(30,41)(32,39)(33,38)
        , ( 6, 8)( 9,11)(13,15)(16,18)(21,23)(24,26)(28,30)(31,33)(37,39)(40,42)(44,46)(47,49)(52,54)(55,57)(59,61)(62,64), 
      ( 2,34)( 6,63, 8)( 7,64,62)( 9,60,11)(10,61,59)(13,56,15)(14,57,55)(16,53,18)(17,54,52)(19,35)(20,36)(21,32,23,37,48,39)
        (22,33,47,38,49,31)(24,29,26,40,45,42)(25,30,44,41,46,28)(27,43), ( 5, 9)( 8,10)(12,16)(15,17)(20,24)(23,25)(27,31)(30,32)
        (36,40)(39,41)(43,47)(46,48)(51,55)(54,56)(58,62)(61,63), ( 3,19)(12,20)(13,21)(14,22)(15,23)(16,24)(17,25)(18,26)(34,50)
        (43,51)(44,52)(45,53)(46,54)(47,55)(48,56)(49,57), ( 1, 2,19,50)( 3, 4,35,34)( 5,36,43,12)( 6,32,46,13,63,39,44,56, 8,37,
         25,15)( 7,33,24,14,64,31,45,57,62,38,26,55)( 9,29,49,16,60,42,47,53,11,40,22,18)(10,30,21,17,61,28,48,54,59,41,23,52)
        (20,51,58,27), ( 1, 5)( 2,20,50,36,34,12)( 3,27,19,51,35,43)( 4,58)( 6, 7, 8,62,63,64)( 9,10,11,59,60,61)(13,38,23,55,32,
         49)(14,39,47,56,33,21)(15,31,48,57,37,22)(16,41,26,52,29,46)(17,42,44,53,30,24)(18,28,45,54,40,25) ] ),
  LOrb := [ [ 1, 34, 35, 36, 37, 38, 39, 40, 41, 42, 43, 44, 45, 46, 47, 48, 49, 50, 51, 52, 53, 54, 55, 56, 57, 58, 59, 60, 61, 
          62, 63, 64 ], [ 1, 5, 6, 7, 8, 12, 13, 14, 15, 34, 35, 36, 37, 38, 39, 40, 41, 42, 43, 44, 45, 46, 47, 48, 49, 50, 55, 
          56, 57, 62, 63, 64 ] ],
  eRec := rec(
      CUT_info := rec(
          EXT := [ [ 1, 0, 0, 0, 0, 0, 0, 0, 0, 0, 0, 0, 0 ], [ 1, 1, 1, 1, 1, 0, 0, 0, 0, 0, 0, 0, 0 ], 
              [ 1, 1, 1, 1, 1, 1, 1, 1, 1, 0, 0, 0, 0 ], [ 1, 1, 1, 1, 1, 1, 1, 1, 1, 1, 1, 1, 1 ], 
              [ 1, 0, 1, 1, 1, 0, 1, 1, 1, 0, 1, 1, 1 ], [ 1, 0, 0, 1, 1, 0, 0, 1, 1, 0, 0, 1, 1 ], 
              [ 1, 0, 0, 0, 1, 0, 0, 0, 1, 0, 0, 0, 1 ], [ 1, 0, 1, 0, 1, 0, 1, 0, 1, 0, 1, 0, 1 ], 
              [ 1, 1, 0, 1, 1, 1, 0, 1, 1, 1, 0, 1, 1 ], [ 1, 1, 0, 0, 1, 1, 0, 0, 1, 1, 0, 0, 1 ], 
              [ 1, 1, 1, 0, 1, 1, 1, 0, 1, 1, 1, 0, 1 ], [ 1, 0, 1, 1, 1, 0, 1, 1, 1, 1, 0, 0, 0 ], 
              [ 1, 0, 0, 1, 1, 0, 0, 1, 1, 1, 1, 0, 0 ], [ 1, 0, 0, 0, 1, 0, 0, 0, 1, 1, 1, 1, 0 ], 
              [ 1, 0, 1, 0, 1, 0, 1, 0, 1, 1, 0, 1, 0 ], [ 1, 1, 0, 1, 1, 1, 0, 1, 1, 0, 1, 0, 0 ], 
              [ 1, 1, 0, 0, 1, 1, 0, 0, 1, 0, 1, 1, 0 ], [ 1, 1, 1, 0, 1, 1, 1, 0, 1, 0, 0, 1, 0 ], 
              [ 1, 1, 1, 1, 1, 0, 0, 0, 0, 1, 1, 1, 1 ], [ 1, 0, 1, 1, 1, 1, 0, 0, 0, 0, 1, 1, 1 ], 
              [ 1, 0, 0, 1, 1, 1, 1, 0, 0, 0, 0, 1, 1 ], [ 1, 0, 0, 0, 1, 1, 1, 1, 0, 0, 0, 0, 1 ], 
              [ 1, 0, 1, 0, 1, 1, 0, 1, 0, 0, 1, 0, 1 ], [ 1, 1, 0, 1, 1, 0, 1, 0, 0, 1, 0, 1, 1 ], 
              [ 1, 1, 0, 0, 1, 0, 1, 1, 0, 1, 0, 0, 1 ], [ 1, 1, 1, 0, 1, 0, 0, 1, 0, 1, 1, 0, 1 ], 
              [ 1, 0, 1, 1, 1, 1, 0, 0, 0, 1, 0, 0, 0 ], [ 1, 0, 0, 1, 1, 1, 1, 0, 0, 1, 1, 0, 0 ], 
              [ 1, 0, 0, 0, 1, 1, 1, 1, 0, 1, 1, 1, 0 ], [ 1, 0, 1, 0, 1, 1, 0, 1, 0, 1, 0, 1, 0 ], 
              [ 1, 1, 0, 1, 1, 0, 1, 0, 0, 0, 1, 0, 0 ], [ 1, 1, 0, 0, 1, 0, 1, 1, 0, 0, 1, 1, 0 ], 
              [ 1, 1, 1, 0, 1, 0, 0, 1, 0, 0, 0, 1, 0 ], [ 1, 0, 0, 0, 0, 1, 1, 1, 1, 0, 0, 0, 0 ], 
              [ 1, 0, 0, 0, 0, 1, 1, 1, 1, 1, 1, 1, 1 ], [ 1, 1, 0, 0, 0, 0, 1, 1, 1, 0, 1, 1, 1 ], 
              [ 1, 1, 1, 0, 0, 0, 0, 1, 1, 0, 0, 1, 1 ], [ 1, 1, 1, 1, 0, 0, 0, 0, 1, 0, 0, 0, 1 ], 
              [ 1, 1, 0, 1, 0, 0, 1, 0, 1, 0, 1, 0, 1 ], [ 1, 0, 1, 0, 0, 1, 0, 1, 1, 1, 0, 1, 1 ], 
              [ 1, 0, 1, 1, 0, 1, 0, 0, 1, 1, 0, 0, 1 ], [ 1, 0, 0, 1, 0, 1, 1, 0, 1, 1, 1, 0, 1 ], 
              [ 1, 1, 0, 0, 0, 0, 1, 1, 1, 1, 0, 0, 0 ], [ 1, 1, 1, 0, 0, 0, 0, 1, 1, 1, 1, 0, 0 ], 
              [ 1, 1, 1, 1, 0, 0, 0, 0, 1, 1, 1, 1, 0 ], [ 1, 1, 0, 1, 0, 0, 1, 0, 1, 1, 0, 1, 0 ], 
              [ 1, 0, 1, 0, 0, 1, 0, 1, 1, 0, 1, 0, 0 ], [ 1, 0, 1, 1, 0, 1, 0, 0, 1, 0, 1, 1, 0 ], 
              [ 1, 0, 0, 1, 0, 1, 1, 0, 1, 0, 0, 1, 0 ], [ 1, 0, 0, 0, 0, 0, 0, 0, 0, 1, 1, 1, 1 ], 
              [ 1, 1, 0, 0, 0, 1, 0, 0, 0, 0, 1, 1, 1 ], [ 1, 1, 1, 0, 0, 1, 1, 0, 0, 0, 0, 1, 1 ], 
              [ 1, 1, 1, 1, 0, 1, 1, 1, 0, 0, 0, 0, 1 ], [ 1, 1, 0, 1, 0, 1, 0, 1, 0, 0, 1, 0, 1 ], 
              [ 1, 0, 1, 0, 0, 0, 1, 0, 0, 1, 0, 1, 1 ], [ 1, 0, 1, 1, 0, 0, 1, 1, 0, 1, 0, 0, 1 ], 
              [ 1, 0, 0, 1, 0, 0, 0, 1, 0, 1, 1, 0, 1 ], [ 1, 1, 0, 0, 0, 1, 0, 0, 0, 1, 0, 0, 0 ], 
              [ 1, 1, 1, 0, 0, 1, 1, 0, 0, 1, 1, 0, 0 ], [ 1, 1, 1, 1, 0, 1, 1, 1, 0, 1, 1, 1, 0 ], 
              [ 1, 1, 0, 1, 0, 1, 0, 1, 0, 1, 0, 1, 0 ], [ 1, 0, 1, 0, 0, 0, 1, 0, 0, 0, 1, 0, 0 ], 
              [ 1, 0, 1, 1, 0, 0, 1, 1, 0, 0, 1, 1, 0 ], [ 1, 0, 0, 1, 0, 0, 0, 1, 0, 0, 0, 1, 0 ] ],
          GRP := Group( [ ( 1, 2)( 3,34)( 4,35)( 5,36)( 6,37)( 7,38)( 8,39)( 9,40)(10,41)(11,42)(12,43)(13,44)(14,45)(15,46)
                (16,47)(17,48)(18,49)(19,50)(20,51)(21,52)(22,53)(23,54)(24,55)(25,56)(26,57)(27,58)(28,59)(29,60)(30,61)(31,62)
                (32,63)(33,64), ( 1,58)( 2,27)( 3,12)( 4, 5)( 6, 9)( 7,10)( 8,11)(13,16)(14,17)(15,18)(19,20)(21,24)(22,25)(23,26)
                (28,31)(29,32)(30,33)(34,43)(35,36)(37,40)(38,41)(39,42)(44,47)(45,48)(46,49)(50,51)(52,55)(53,56)(54,57)(59,62)
                (60,63)(61,64), ( 3,19)(12,20)(13,21)(14,22)(15,23)(16,24)(17,25)(18,26)(34,50)(43,51)(44,52)(45,53)(46,54)(47,55)
                (48,56)(49,57), ( 2,34)(19,35)(20,36)(21,37)(22,38)(23,39)(24,40)(25,41)(26,42)(27,43)(28,44)(29,45)(30,46)(31,47)
                (32,48)(33,49), ( 7,64)( 8,63)(10,61)(11,60)(14,57)(15,56)(17,54)(18,53)(22,49)(23,48)(25,46)(26,45)(29,42)(30,41)
                (32,39)(33,38), ( 6, 8)( 9,11)(13,15)(16,18)(21,23)(24,26)(28,30)(31,33)(37,39)(40,42)(44,46)(47,49)(52,54)(55,57)
                (59,61)(62,64), ( 5, 9)( 8,10)(12,16)(15,17)(20,24)(23,25)(27,31)(30,32)(36,40)(39,41)(43,47)(46,48)(51,55)(54,56)
                (58,62)(61,63) ] ) ),
      GRA := rec(
          adjacencies := [ [ 4, 5, 6, 7 ], [ 4, 5, 6, 7 ], [ 4, 5, 6, 7 ], [ 1, 2, 3 ], [ 1, 2, 3 ], [ 1, 2, 3 ], [ 1, 2, 3 ] ],
          autGroup := Group( [ (2,3), (1,2), (6,7), (5,6), (4,5) ] ),
          group := Group( [ () ] ),
          isGraph := true,
          isSimple := true,
          order := 7,
          representatives := [ 1, 2, 3, 4, 5, 6, 7 ],
          schreierVector := [ -1, -2, -3, -4, -5, -6, -7 ] ),
      GRPedge := Group( [ ( 5, 9)( 6,10)( 7,11)( 8,12), ( 1, 5)( 2, 6)( 3, 7)( 4, 8), ( 3, 4)( 7, 8)(11,12), 
          ( 2, 3)( 6, 7)(10,11), ( 1, 2)( 5, 6)( 9,10) ] ),
      GRPvert := Group( [ (2,3), (1,2), (6,7), (5,6), (4,5) ] ),
      ListEdges := [ [ 1, 4 ], [ 1, 5 ], [ 1, 6 ], [ 1, 7 ], [ 2, 4 ], [ 2, 5 ], [ 2, 6 ], [ 2, 7 ], [ 3, 4 ], [ 3, 5 ], 
          [ 3, 6 ], [ 3, 7 ] ],
      ListSet := [ [  ], [ 1 ], [ 1, 2 ], [ 1, 2, 3 ], [ 1, 2, 3, 4 ], [ 1, 2, 3, 4, 5 ], [ 1, 2, 3, 4, 5, 6 ], [ 1, 2, 3, 4, 6 ],
          [ 1, 2, 3, 5 ], [ 1, 2, 3, 5, 6 ], [ 1, 2, 3, 6 ], [ 1, 2, 4 ], [ 1, 2, 4, 5 ], [ 1, 2, 4, 5, 6 ], [ 1, 2, 4, 6 ], 
          [ 1, 2, 5 ], [ 1, 2, 5, 6 ], [ 1, 2, 6 ], [ 1, 3 ], [ 1, 3, 4 ], [ 1, 3, 4, 5 ], [ 1, 3, 4, 5, 6 ], [ 1, 3, 4, 6 ], 
          [ 1, 3, 5 ], [ 1, 3, 5, 6 ], [ 1, 3, 6 ], [ 1, 4 ], [ 1, 4, 5 ], [ 1, 4, 5, 6 ], [ 1, 4, 6 ], [ 1, 5 ], [ 1, 5, 6 ], 
          [ 1, 6 ], [ 2 ], [ 2, 3 ], [ 2, 3, 4 ], [ 2, 3, 4, 5 ], [ 2, 3, 4, 5, 6 ], [ 2, 3, 4, 6 ], [ 2, 3, 5 ], [ 2, 3, 5, 6 ], 
          [ 2, 3, 6 ], [ 2, 4 ], [ 2, 4, 5 ], [ 2, 4, 5, 6 ], [ 2, 4, 6 ], [ 2, 5 ], [ 2, 5, 6 ], [ 2, 6 ], [ 3 ], [ 3, 4 ], 
          [ 3, 4, 5 ], [ 3, 4, 5, 6 ], [ 3, 4, 6 ], [ 3, 5 ], [ 3, 5, 6 ], [ 3, 6 ], [ 4 ], [ 4, 5 ], [ 4, 5, 6 ], [ 4, 6 ], 
          [ 5 ], [ 5, 6 ], [ 6 ] ],
      ListVect := [ [ 1, 0, 0, 0, 0, 0, 0, 0, 0, 0, 0, 0, 0 ], [ 1, 1, 1, 1, 1, 0, 0, 0, 0, 0, 0, 0, 0 ], 
          [ 1, 1, 1, 1, 1, 1, 1, 1, 1, 0, 0, 0, 0 ], [ 1, 1, 1, 1, 1, 1, 1, 1, 1, 1, 1, 1, 1 ], 
          [ 1, 0, 1, 1, 1, 0, 1, 1, 1, 0, 1, 1, 1 ], [ 1, 0, 0, 1, 1, 0, 0, 1, 1, 0, 0, 1, 1 ], 
          [ 1, 0, 0, 0, 1, 0, 0, 0, 1, 0, 0, 0, 1 ], [ 1, 0, 1, 0, 1, 0, 1, 0, 1, 0, 1, 0, 1 ], 
          [ 1, 1, 0, 1, 1, 1, 0, 1, 1, 1, 0, 1, 1 ], [ 1, 1, 0, 0, 1, 1, 0, 0, 1, 1, 0, 0, 1 ], 
          [ 1, 1, 1, 0, 1, 1, 1, 0, 1, 1, 1, 0, 1 ], [ 1, 0, 1, 1, 1, 0, 1, 1, 1, 1, 0, 0, 0 ], 
          [ 1, 0, 0, 1, 1, 0, 0, 1, 1, 1, 1, 0, 0 ], [ 1, 0, 0, 0, 1, 0, 0, 0, 1, 1, 1, 1, 0 ], 
          [ 1, 0, 1, 0, 1, 0, 1, 0, 1, 1, 0, 1, 0 ], [ 1, 1, 0, 1, 1, 1, 0, 1, 1, 0, 1, 0, 0 ], 
          [ 1, 1, 0, 0, 1, 1, 0, 0, 1, 0, 1, 1, 0 ], [ 1, 1, 1, 0, 1, 1, 1, 0, 1, 0, 0, 1, 0 ], 
          [ 1, 1, 1, 1, 1, 0, 0, 0, 0, 1, 1, 1, 1 ], [ 1, 0, 1, 1, 1, 1, 0, 0, 0, 0, 1, 1, 1 ], 
          [ 1, 0, 0, 1, 1, 1, 1, 0, 0, 0, 0, 1, 1 ], [ 1, 0, 0, 0, 1, 1, 1, 1, 0, 0, 0, 0, 1 ], 
          [ 1, 0, 1, 0, 1, 1, 0, 1, 0, 0, 1, 0, 1 ], [ 1, 1, 0, 1, 1, 0, 1, 0, 0, 1, 0, 1, 1 ], 
          [ 1, 1, 0, 0, 1, 0, 1, 1, 0, 1, 0, 0, 1 ], [ 1, 1, 1, 0, 1, 0, 0, 1, 0, 1, 1, 0, 1 ], 
          [ 1, 0, 1, 1, 1, 1, 0, 0, 0, 1, 0, 0, 0 ], [ 1, 0, 0, 1, 1, 1, 1, 0, 0, 1, 1, 0, 0 ], 
          [ 1, 0, 0, 0, 1, 1, 1, 1, 0, 1, 1, 1, 0 ], [ 1, 0, 1, 0, 1, 1, 0, 1, 0, 1, 0, 1, 0 ], 
          [ 1, 1, 0, 1, 1, 0, 1, 0, 0, 0, 1, 0, 0 ], [ 1, 1, 0, 0, 1, 0, 1, 1, 0, 0, 1, 1, 0 ], 
          [ 1, 1, 1, 0, 1, 0, 0, 1, 0, 0, 0, 1, 0 ], [ 1, 0, 0, 0, 0, 1, 1, 1, 1, 0, 0, 0, 0 ], 
          [ 1, 0, 0, 0, 0, 1, 1, 1, 1, 1, 1, 1, 1 ], [ 1, 1, 0, 0, 0, 0, 1, 1, 1, 0, 1, 1, 1 ], 
          [ 1, 1, 1, 0, 0, 0, 0, 1, 1, 0, 0, 1, 1 ], [ 1, 1, 1, 1, 0, 0, 0, 0, 1, 0, 0, 0, 1 ], 
          [ 1, 1, 0, 1, 0, 0, 1, 0, 1, 0, 1, 0, 1 ], [ 1, 0, 1, 0, 0, 1, 0, 1, 1, 1, 0, 1, 1 ], 
          [ 1, 0, 1, 1, 0, 1, 0, 0, 1, 1, 0, 0, 1 ], [ 1, 0, 0, 1, 0, 1, 1, 0, 1, 1, 1, 0, 1 ], 
          [ 1, 1, 0, 0, 0, 0, 1, 1, 1, 1, 0, 0, 0 ], [ 1, 1, 1, 0, 0, 0, 0, 1, 1, 1, 1, 0, 0 ], 
          [ 1, 1, 1, 1, 0, 0, 0, 0, 1, 1, 1, 1, 0 ], [ 1, 1, 0, 1, 0, 0, 1, 0, 1, 1, 0, 1, 0 ], 
          [ 1, 0, 1, 0, 0, 1, 0, 1, 1, 0, 1, 0, 0 ], [ 1, 0, 1, 1, 0, 1, 0, 0, 1, 0, 1, 1, 0 ], 
          [ 1, 0, 0, 1, 0, 1, 1, 0, 1, 0, 0, 1, 0 ], [ 1, 0, 0, 0, 0, 0, 0, 0, 0, 1, 1, 1, 1 ], 
          [ 1, 1, 0, 0, 0, 1, 0, 0, 0, 0, 1, 1, 1 ], [ 1, 1, 1, 0, 0, 1, 1, 0, 0, 0, 0, 1, 1 ], 
          [ 1, 1, 1, 1, 0, 1, 1, 1, 0, 0, 0, 0, 1 ], [ 1, 1, 0, 1, 0, 1, 0, 1, 0, 0, 1, 0, 1 ], 
          [ 1, 0, 1, 0, 0, 0, 1, 0, 0, 1, 0, 1, 1 ], [ 1, 0, 1, 1, 0, 0, 1, 1, 0, 1, 0, 0, 1 ], 
          [ 1, 0, 0, 1, 0, 0, 0, 1, 0, 1, 1, 0, 1 ], [ 1, 1, 0, 0, 0, 1, 0, 0, 0, 1, 0, 0, 0 ], 
          [ 1, 1, 1, 0, 0, 1, 1, 0, 0, 1, 1, 0, 0 ], [ 1, 1, 1, 1, 0, 1, 1, 1, 0, 1, 1, 1, 0 ], 
          [ 1, 1, 0, 1, 0, 1, 0, 1, 0, 1, 0, 1, 0 ], [ 1, 0, 1, 0, 0, 0, 1, 0, 0, 0, 1, 0, 0 ], 
          [ 1, 0, 1, 1, 0, 0, 1, 1, 0, 0, 1, 1, 0 ], [ 1, 0, 0, 1, 0, 0, 0, 1, 0, 0, 0, 1, 0 ] ],
      MET_info := rec(
          EXT := [ [ 0, -1, 1, 0, 0, 1, 1, 0, 0, 0, 0, 0, 0 ], [ 0, 1, -1, 0, 0, 1, 1, 0, 0, 0, 0, 0, 0 ], 
              [ 0, 1, 1, 0, 0, -1, 1, 0, 0, 0, 0, 0, 0 ], [ 0, -1, 1, 0, 0, 0, 0, 0, 0, 1, 1, 0, 0 ], 
              [ 0, -1, 0, 1, 0, 1, 0, 1, 0, 0, 0, 0, 0 ], [ 2, -1, -1, 0, 0, -1, 1, 0, 0, 0, 0, 0, 0 ], 
              [ 0, 1, -1, 0, 0, 0, 0, 0, 0, 1, 1, 0, 0 ], [ 0, 1, 1, 0, 0, 1, -1, 0, 0, 0, 0, 0, 0 ], 
              [ 0, 1, 0, -1, 0, 1, 0, 1, 0, 0, 0, 0, 0 ], [ 0, 1, 1, 0, 0, 0, 0, 0, 0, -1, 1, 0, 0 ], 
              [ 0, 1, 0, 1, 0, -1, 0, 1, 0, 0, 0, 0, 0 ], [ 0, 0, 0, 0, 0, -1, 1, 0, 0, 1, 1, 0, 0 ], 
              [ 0, -1, 0, 1, 0, 0, 0, 0, 0, 1, 0, 1, 0 ], [ 0, -1, 0, 0, 1, 1, 0, 0, 1, 0, 0, 0, 0 ], 
              [ 0, 0, -1, 1, 0, 0, 1, 1, 0, 0, 0, 0, 0 ], [ 2, -1, -1, 0, 0, 0, 0, 0, 0, -1, 1, 0, 0 ], 
              [ 2, -1, 1, 0, 0, -1, -1, 0, 0, 0, 0, 0, 0 ], [ 2, -1, 0, -1, 0, -1, 0, 1, 0, 0, 0, 0, 0 ], 
              [ 2, -1, -1, 0, 0, 1, -1, 0, 0, 0, 0, 0, 0 ], [ 0, 0, 0, 0, 0, 1, -1, 0, 0, 1, 1, 0, 0 ], 
              [ 0, 1, 0, -1, 0, 0, 0, 0, 0, 1, 0, 1, 0 ], [ 0, 1, 1, 0, 0, 0, 0, 0, 0, 1, -1, 0, 0 ], 
              [ 0, 1, 0, 1, 0, 1, 0, -1, 0, 0, 0, 0, 0 ], [ 0, 1, 0, 0, -1, 1, 0, 0, 1, 0, 0, 0, 0 ], 
              [ 0, 0, 1, -1, 0, 0, 1, 1, 0, 0, 0, 0, 0 ], [ 0, 0, 0, 0, 0, 1, 1, 0, 0, -1, 1, 0, 0 ], 
              [ 0, 1, 0, 1, 0, 0, 0, 0, 0, -1, 0, 1, 0 ], [ 0, 1, 0, 0, 1, -1, 0, 0, 1, 0, 0, 0, 0 ], 
              [ 0, 0, 1, 1, 0, 0, -1, 1, 0, 0, 0, 0, 0 ], [ 0, 0, 0, 0, 0, -1, 0, 1, 0, 1, 0, 1, 0 ], 
              [ 0, -1, 0, 0, 1, 0, 0, 0, 0, 1, 0, 0, 1 ], [ 0, 0, -1, 1, 0, 0, 0, 0, 0, 0, 1, 1, 0 ], 
              [ 0, 0, -1, 0, 1, 0, 1, 0, 1, 0, 0, 0, 0 ], [ 2, 0, 0, 0, 0, -1, -1, 0, 0, -1, 1, 0, 0 ], 
              [ 2, -1, 0, -1, 0, 0, 0, 0, 0, -1, 0, 1, 0 ], [ 2, -1, -1, 0, 0, 0, 0, 0, 0, 1, -1, 0, 0 ], 
              [ 2, 1, -1, 0, 0, -1, -1, 0, 0, 0, 0, 0, 0 ], [ 2, -1, 1, 0, 0, 0, 0, 0, 0, -1, -1, 0, 0 ], 
              [ 2, -1, 0, 1, 0, -1, 0, -1, 0, 0, 0, 0, 0 ], [ 2, -1, 0, 0, -1, -1, 0, 0, 1, 0, 0, 0, 0 ], 
              [ 2, 0, -1, -1, 0, 0, -1, 1, 0, 0, 0, 0, 0 ], [ 2, -1, 0, -1, 0, 1, 0, -1, 0, 0, 0, 0, 0 ], 
              [ 0, 0, 0, 0, 0, 1, 1, 0, 0, 1, -1, 0, 0 ], [ 0, 0, 0, 0, 0, 1, 0, -1, 0, 1, 0, 1, 0 ], 
              [ 0, 1, 0, 0, -1, 0, 0, 0, 0, 1, 0, 0, 1 ], [ 0, 0, 1, -1, 0, 0, 0, 0, 0, 0, 1, 1, 0 ], 
              [ 0, 1, 0, 1, 0, 0, 0, 0, 0, 1, 0, -1, 0 ], [ 0, 1, 0, 0, 1, 1, 0, 0, -1, 0, 0, 0, 0 ], 
              [ 0, 0, 1, 1, 0, 0, 1, -1, 0, 0, 0, 0, 0 ], [ 0, 0, 1, 0, -1, 0, 1, 0, 1, 0, 0, 0, 0 ], 
              [ 0, 0, 0, 0, 0, 1, 0, 1, 0, -1, 0, 1, 0 ], [ 0, 1, 0, 0, 1, 0, 0, 0, 0, -1, 0, 0, 1 ], 
              [ 0, 0, 1, 1, 0, 0, 0, 0, 0, 0, -1, 1, 0 ], [ 0, 0, 1, 0, 1, 0, -1, 0, 1, 0, 0, 0, 0 ], 
              [ 0, 0, 0, 0, 0, -1, 0, 0, 1, 1, 0, 0, 1 ], [ 0, 0, 0, 0, 0, 0, -1, 1, 0, 0, 1, 1, 0 ], 
              [ 0, 0, -1, 0, 1, 0, 0, 0, 0, 0, 1, 0, 1 ], [ 0, 0, 0, -1, 1, 0, 0, 1, 1, 0, 0, 0, 0 ], 
              [ 2, 0, 0, 0, 0, -1, 1, 0, 0, -1, -1, 0, 0 ], [ 2, 0, 0, 0, 0, -1, 0, -1, 0, -1, 0, 1, 0 ], 
              [ 2, 0, 0, 0, 0, -1, -1, 0, 0, 1, -1, 0, 0 ], [ 2, -1, 0, 0, -1, 0, 0, 0, 0, -1, 0, 0, 1 ], 
              [ 2, 0, -1, -1, 0, 0, 0, 0, 0, 0, -1, 1, 0 ], [ 2, 1, -1, 0, 0, 0, 0, 0, 0, -1, -1, 0, 0 ], 
              [ 2, -1, 0, -1, 0, 0, 0, 0, 0, 1, 0, -1, 0 ], [ 2, 1, 0, -1, 0, -1, 0, -1, 0, 0, 0, 0, 0 ], 
              [ 2, -1, 0, 1, 0, 0, 0, 0, 0, -1, 0, -1, 0 ], [ 2, -1, 0, 0, 1, -1, 0, 0, -1, 0, 0, 0, 0 ], 
              [ 2, 0, -1, 1, 0, 0, -1, -1, 0, 0, 0, 0, 0 ], [ 2, 0, -1, 0, -1, 0, -1, 0, 1, 0, 0, 0, 0 ], 
              [ 2, 0, -1, -1, 0, 0, 1, -1, 0, 0, 0, 0, 0 ], [ 2, -1, 0, 0, -1, 1, 0, 0, -1, 0, 0, 0, 0 ], 
              [ 0, 0, 0, 0, 0, 1, 0, 1, 0, 1, 0, -1, 0 ], [ 0, 0, 0, 0, 0, 1, 0, 0, -1, 1, 0, 0, 1 ], 
              [ 0, 0, 0, 0, 0, 0, 1, -1, 0, 0, 1, 1, 0 ], [ 0, 0, 1, 0, -1, 0, 0, 0, 0, 0, 1, 0, 1 ], 
              [ 0, 1, 0, 0, 1, 0, 0, 0, 0, 1, 0, 0, -1 ], [ 0, 0, 1, 1, 0, 0, 0, 0, 0, 0, 1, -1, 0 ], 
              [ 0, 0, 1, 0, 1, 0, 1, 0, -1, 0, 0, 0, 0 ], [ 0, 0, 0, 1, -1, 0, 0, 1, 1, 0, 0, 0, 0 ], 
              [ 0, 0, 0, 0, 0, 1, 0, 0, 1, -1, 0, 0, 1 ], [ 0, 0, 0, 0, 0, 0, 1, 1, 0, 0, -1, 1, 0 ], 
              [ 0, 0, 1, 0, 1, 0, 0, 0, 0, 0, -1, 0, 1 ], [ 0, 0, 0, 1, 1, 0, 0, -1, 1, 0, 0, 0, 0 ], 
              [ 0, 0, 0, 0, 0, 0, -1, 0, 1, 0, 1, 0, 1 ], [ 0, 0, 0, -1, 1, 0, 0, 0, 0, 0, 0, 1, 1 ], 
              [ 2, 0, 0, 0, 0, -1, 0, 1, 0, -1, 0, -1, 0 ], [ 2, 0, 0, 0, 0, 1, -1, 0, 0, -1, -1, 0, 0 ], 
              [ 2, 0, 0, 0, 0, -1, 0, 0, -1, -1, 0, 0, 1 ], [ 2, 0, 0, 0, 0, 0, -1, -1, 0, 0, -1, 1, 0 ], 
              [ 2, 0, 0, 0, 0, -1, 0, -1, 0, 1, 0, -1, 0 ], [ 2, 0, -1, 0, -1, 0, 0, 0, 0, 0, -1, 0, 1 ], 
              [ 2, 0, -1, -1, 0, 0, 0, 0, 0, 0, 1, -1, 0 ], [ 2, 1, 0, -1, 0, 0, 0, 0, 0, -1, 0, -1, 0 ], 
              [ 2, -1, 0, 0, -1, 0, 0, 0, 0, 1, 0, 0, -1 ], [ 2, 1, 0, 0, -1, -1, 0, 0, -1, 0, 0, 0, 0 ], 
              [ 2, 0, 1, -1, 0, 0, -1, -1, 0, 0, 0, 0, 0 ], [ 2, -1, 0, 0, 1, 0, 0, 0, 0, -1, 0, 0, -1 ], 
              [ 2, 0, -1, 1, 0, 0, 0, 0, 0, 0, -1, -1, 0 ], [ 2, 0, -1, 0, 1, 0, -1, 0, -1, 0, 0, 0, 0 ], 
              [ 2, 0, 0, -1, -1, 0, 0, -1, 1, 0, 0, 0, 0 ], [ 2, 0, -1, 0, -1, 0, 1, 0, -1, 0, 0, 0, 0 ], 
              [ 0, 0, 0, 0, 0, 1, 0, 0, 1, 1, 0, 0, -1 ], [ 0, 0, 0, 0, 0, 0, 1, 1, 0, 0, 1, -1, 0 ], 
              [ 0, 0, 0, 0, 0, 0, 1, 0, -1, 0, 1, 0, 1 ], [ 0, 0, 0, 1, -1, 0, 0, 0, 0, 0, 0, 1, 1 ], 
              [ 0, 0, 1, 0, 1, 0, 0, 0, 0, 0, 1, 0, -1 ], [ 0, 0, 0, 1, 1, 0, 0, 1, -1, 0, 0, 0, 0 ], 
              [ 0, 0, 0, 0, 0, 0, 1, 0, 1, 0, -1, 0, 1 ], [ 0, 0, 0, 1, 1, 0, 0, 0, 0, 0, 0, -1, 1 ], 
              [ 0, 0, 0, 0, 0, 0, 0, -1, 1, 0, 0, 1, 1 ], [ 2, 0, 0, 0, 0, -1, 0, 0, 1, -1, 0, 0, -1 ], 
              [ 2, 0, 0, 0, 0, 0, -1, 1, 0, 0, -1, -1, 0 ], [ 2, 0, 0, 0, 0, 1, 0, -1, 0, -1, 0, -1, 0 ], 
              [ 2, 0, 0, 0, 0, 0, -1, 0, -1, 0, -1, 0, 1 ], [ 2, 0, 0, 0, 0, 0, -1, -1, 0, 0, 1, -1, 0 ], 
              [ 2, 0, 0, 0, 0, -1, 0, 0, -1, 1, 0, 0, -1 ], [ 2, 0, 0, -1, -1, 0, 0, 0, 0, 0, 0, -1, 1 ], 
              [ 2, 0, -1, 0, -1, 0, 0, 0, 0, 0, 1, 0, -1 ], [ 2, 1, 0, 0, -1, 0, 0, 0, 0, -1, 0, 0, -1 ], 
              [ 2, 0, 1, -1, 0, 0, 0, 0, 0, 0, -1, -1, 0 ], [ 2, 0, 1, 0, -1, 0, -1, 0, -1, 0, 0, 0, 0 ], 
              [ 2, 0, -1, 0, 1, 0, 0, 0, 0, 0, -1, 0, -1 ], [ 2, 0, 0, -1, 1, 0, 0, -1, -1, 0, 0, 0, 0 ], 
              [ 2, 0, 0, -1, -1, 0, 0, 1, -1, 0, 0, 0, 0 ], [ 0, 0, 0, 0, 0, 0, 1, 0, 1, 0, 1, 0, -1 ], 
              [ 0, 0, 0, 0, 0, 0, 0, 1, -1, 0, 0, 1, 1 ], [ 0, 0, 0, 1, 1, 0, 0, 0, 0, 0, 0, 1, -1 ], 
              [ 0, 0, 0, 0, 0, 0, 0, 1, 1, 0, 0, -1, 1 ], [ 2, 0, 0, 0, 0, 0, -1, 0, 1, 0, -1, 0, -1 ], 
              [ 2, 0, 0, 0, 0, 0, 1, -1, 0, 0, -1, -1, 0 ], [ 2, 0, 0, 0, 0, 1, 0, 0, -1, -1, 0, 0, -1 ], 
              [ 2, 0, 0, 0, 0, 0, 0, -1, -1, 0, 0, -1, 1 ], [ 2, 0, 0, 0, 0, 0, -1, 0, -1, 0, 1, 0, -1 ], 
              [ 2, 0, 0, -1, -1, 0, 0, 0, 0, 0, 0, 1, -1 ], [ 2, 0, 1, 0, -1, 0, 0, 0, 0, 0, -1, 0, -1 ], 
              [ 2, 0, 0, 1, -1, 0, 0, -1, -1, 0, 0, 0, 0 ], [ 2, 0, 0, -1, 1, 0, 0, 0, 0, 0, 0, -1, -1 ], 
              [ 0, 0, 0, 0, 0, 0, 0, 1, 1, 0, 0, 1, -1 ], [ 2, 0, 0, 0, 0, 0, 0, -1, 1, 0, 0, -1, -1 ], 
              [ 2, 0, 0, 0, 0, 0, 1, 0, -1, 0, -1, 0, -1 ], [ 2, 0, 0, 0, 0, 0, 0, -1, -1, 0, 0, 1, -1 ], 
              [ 2, 0, 0, 1, -1, 0, 0, 0, 0, 0, 0, -1, -1 ], [ 2, 0, 0, 0, 0, 0, 0, 1, -1, 0, 0, -1, -1 ], 
              [ 0, 1, 0, 0, 0, 0, 0, 0, 0, 0, 0, 0, 0 ], [ 1, -1, 0, 0, 0, 0, 0, 0, 0, 0, 0, 0, 0 ], 
              [ 0, 0, 0, 0, 0, 1, 0, 0, 0, 0, 0, 0, 0 ], [ 0, 0, 1, 0, 0, 0, 0, 0, 0, 0, 0, 0, 0 ], 
              [ 1, 0, 0, 0, 0, -1, 0, 0, 0, 0, 0, 0, 0 ], [ 1, 0, -1, 0, 0, 0, 0, 0, 0, 0, 0, 0, 0 ], 
              [ 0, 0, 0, 0, 0, 0, 0, 0, 0, 1, 0, 0, 0 ], [ 0, 0, 0, 0, 0, 0, 1, 0, 0, 0, 0, 0, 0 ], 
              [ 0, 0, 0, 1, 0, 0, 0, 0, 0, 0, 0, 0, 0 ], [ 1, 0, 0, 0, 0, 0, 0, 0, 0, -1, 0, 0, 0 ], 
              [ 1, 0, 0, 0, 0, 0, -1, 0, 0, 0, 0, 0, 0 ], [ 1, 0, 0, -1, 0, 0, 0, 0, 0, 0, 0, 0, 0 ], 
              [ 0, 0, 0, 0, 0, 0, 0, 0, 0, 0, 1, 0, 0 ], [ 0, 0, 0, 0, 0, 0, 0, 1, 0, 0, 0, 0, 0 ], 
              [ 0, 0, 0, 0, 1, 0, 0, 0, 0, 0, 0, 0, 0 ], [ 1, 0, 0, 0, 0, 0, 0, 0, 0, 0, -1, 0, 0 ], 
              [ 1, 0, 0, 0, 0, 0, 0, -1, 0, 0, 0, 0, 0 ], [ 1, 0, 0, 0, -1, 0, 0, 0, 0, 0, 0, 0, 0 ], 
              [ 0, 0, 0, 0, 0, 0, 0, 0, 0, 0, 0, 1, 0 ], [ 0, 0, 0, 0, 0, 0, 0, 0, 1, 0, 0, 0, 0 ], 
              [ 1, 0, 0, 0, 0, 0, 0, 0, 0, 0, 0, -1, 0 ], [ 1, 0, 0, 0, 0, 0, 0, 0, -1, 0, 0, 0, 0 ], 
              [ 0, 0, 0, 0, 0, 0, 0, 0, 0, 0, 0, 0, 1 ], [ 1, 0, 0, 0, 0, 0, 0, 0, 0, 0, 0, 0, -1 ] ],
          GRP := Group( [ (  1,  2)(  3,  6)(  4,  7)(  5,  9)(  8, 19)( 10, 16)( 11, 18)( 13, 21)( 14, 24)( 15, 25)( 17, 37)
                ( 22, 36)( 23, 42)( 27, 35)( 28, 40)( 29, 41)( 31, 45)( 32, 46)( 33, 50)( 38, 64)( 39, 66)( 47, 65)( 48, 72)
                ( 49, 71)( 52, 62)( 53, 63)( 54, 70)( 57, 76)( 58, 80)( 67, 94)( 68, 96)( 69, 97)( 77, 95)( 78, 93)( 79,102)
                ( 83, 92)( 84,101)( 86,106)( 98,120)( 99,121)(100,122)(107,119)(108,125)(110,118)(123,136)(124,137)(128,135)
                (138,143)(145,146)(148,150)(153,156)(159,162), (  1,  3)(  2,  6)(  4, 10)(  5, 11)(  7, 16)(  8, 17)(  9, 18)
                ( 12, 26)( 13, 27)( 14, 28)( 19, 37)( 20, 34)( 21, 35)( 22, 38)( 23, 39)( 24, 40)( 30, 51)( 31, 52)( 36, 64)
                ( 42, 66)( 43, 59)( 44, 60)( 45, 62)( 47, 67)( 48, 68)( 55, 81)( 61, 88)( 65, 94)( 72, 96)( 73, 87)( 74, 89)
                ( 77, 98)( 91,114)( 95,120)(103,112)(117,132)(145,146)(147,149)(151,154), (  1,  4)(  2,  7)(  3, 10)(  5, 13)
                (  6, 16)(  8, 22)(  9, 21)( 11, 27)( 12, 26)( 14, 31)( 15, 32)( 17, 38)( 18, 35)( 19, 36)( 20, 43)( 23, 47)
                ( 24, 45)( 25, 46)( 28, 52)( 29, 53)( 30, 51)( 33, 57)( 34, 59)( 37, 64)( 39, 67)( 40, 62)( 41, 63)( 42, 65)
                ( 44, 73)( 48, 77)( 49, 78)( 50, 76)( 54, 83)( 55, 81)( 56, 82)( 58, 86)( 60, 87)( 61, 88)( 66, 94)( 68, 98)
                ( 69, 99)( 70, 92)( 71, 93)( 72, 95)( 74,103)( 75,104)( 79,107)( 80,106)( 84,110)( 85,109)( 89,112)( 90,113)
                ( 91,114)( 96,120)( 97,121)(100,123)(101,118)(102,119)(105,126)(108,128)(111,129)(115,130)(116,131)(117,132)
                (122,136)(124,138)(125,135)(127,139)(133,140)(134,141)(137,143)(142,144)(147,151)(149,154)(152,157)(155,160)
                (158,163)(161,165)(164,167)(166,168), (  1,  3)(  2,  8)(  4, 12)(  5, 11)(  6, 17)(  7, 20)(  9, 23)( 10, 26)
                ( 13, 30)( 14, 28)( 15, 29)( 16, 34)( 18, 39)( 19, 37)( 21, 44)( 22, 43)( 24, 48)( 25, 49)( 27, 51)( 31, 55)
                ( 32, 56)( 33, 54)( 35, 60)( 36, 61)( 38, 59)( 40, 68)( 41, 69)( 42, 66)( 45, 74)( 46, 75)( 47, 73)( 50, 79)
                ( 52, 81)( 53, 82)( 57, 85)( 58, 84)( 62, 89)( 63, 90)( 64, 88)( 65, 91)( 67, 87)( 70,100)( 71, 97)( 72, 96)
                ( 76,105)( 77,103)( 78,104)( 80,108)( 83,109)( 86,111)( 92,115)( 93,116)( 94,114)( 95,117)( 98,112)( 99,113)
                (101,124)(102,122)(106,127)(107,126)(110,129)(118,133)(119,134)(120,132)(121,131)(123,130)(125,137)(128,139)
                (135,142)(136,141)(138,140)(143,144)(145,147)(146,149)(148,152)(150,155)(153,158)(156,161)(159,164)(162,166), 
              (  5, 14)(  9, 24)( 11, 28)( 13, 31)( 15, 33)( 18, 40)( 21, 45)( 23, 48)( 25, 50)( 27, 52)( 29, 54)( 30, 55)
                ( 32, 57)( 35, 62)( 39, 68)( 41, 70)( 42, 72)( 44, 74)( 46, 76)( 47, 77)( 49, 79)( 51, 81)( 53, 83)( 56, 85)
                ( 58, 80)( 60, 89)( 63, 92)( 65, 95)( 66, 96)( 67, 98)( 69,100)( 71,102)( 73,103)( 75,105)( 78,107)( 82,109)
                ( 84,108)( 86,106)( 87,112)( 90,115)( 91,117)( 93,119)( 94,120)( 97,122)( 99,123)(101,125)(104,126)(110,128)
                (111,127)(113,130)(114,132)(116,134)(118,135)(121,136)(124,137)(129,139)(131,141)(133,142)(138,143)(140,144)
                (153,159)(156,162)(158,164)(161,166)(163,167)(165,168), (  1,  5)(  2,  9)(  3, 11)(  4, 13)(  6, 18)(  7, 21)
                (  8, 23)( 10, 27)( 12, 30)( 15, 25)( 16, 35)( 17, 39)( 19, 42)( 20, 44)( 22, 47)( 26, 51)( 29, 49)( 32, 46)
                ( 33, 58)( 34, 60)( 36, 65)( 37, 66)( 38, 67)( 41, 71)( 43, 73)( 50, 80)( 53, 78)( 54, 84)( 56, 75)( 57, 86)
                ( 59, 87)( 61, 91)( 63, 93)( 64, 94)( 69, 97)( 70,101)( 76,106)( 79,108)( 82,104)( 83,110)( 85,111)( 88,114)
                ( 90,116)( 92,118)( 99,121)(100,124)(102,125)(105,127)(107,128)(109,129)(113,131)(115,133)(119,135)(122,137)
                (123,138)(126,139)(130,140)(134,142)(136,143)(141,144)(148,153)(150,156)(152,158)(155,161)(157,163)(160,165), 
              (  1,  2)(  3,  8)(  4,  7)(  5, 15)(  6, 19)(  9, 25)( 10, 22)( 11, 29)( 12, 20)( 13, 32)( 14, 33)( 16, 36)
                ( 17, 37)( 18, 41)( 21, 46)( 23, 49)( 24, 50)( 26, 43)( 27, 53)( 28, 54)( 30, 56)( 31, 57)( 34, 61)( 35, 63)
                ( 38, 64)( 39, 69)( 40, 70)( 42, 71)( 44, 75)( 45, 76)( 47, 78)( 48, 79)( 51, 82)( 52, 83)( 55, 85)( 59, 88)
                ( 60, 90)( 62, 92)( 65, 93)( 66, 97)( 67, 99)( 68,100)( 72,102)( 73,104)( 74,105)( 77,107)( 81,109)( 87,113)
                ( 89,115)( 91,116)( 94,121)( 95,119)( 96,122)( 98,123)(103,126)(112,130)(114,131)(117,134)(120,136)(132,141)
                (145,148)(146,150)(147,152)(149,155)(151,157)(154,160) ] ) ) ) );
