return rec(
  EXT := [ [ 1, 0, 0, 0, 0, 0, 0, 0, 0, 0, 0, 0, 0, 0, 0, 0 ], [ 1, 1, 1, 1, 1, 1, 1, 0, 0, 0, 0, 0, 0, 0, 0, 0 ], 
      [ 1, 0, 1, 1, 1, 1, 1, 1, 1, 1, 0, 0, 0, 0, 0, 0 ], [ 1, 0, 0, 1, 1, 1, 1, 1, 1, 1, 1, 1, 1, 0, 0, 0 ], 
      [ 1, 0, 0, 0, 1, 1, 1, 1, 1, 1, 1, 1, 1, 1, 1, 1 ], [ 1, 0, 0, 0, 0, 1, 1, 0, 1, 1, 0, 1, 1, 0, 1, 1 ], 
      [ 1, 0, 0, 0, 0, 0, 1, 0, 0, 1, 0, 0, 1, 0, 0, 1 ], [ 1, 0, 0, 0, 1, 0, 1, 1, 0, 1, 1, 0, 1, 1, 0, 1 ], 
      [ 1, 0, 0, 1, 0, 1, 1, 0, 1, 1, 0, 1, 1, 1, 0, 0 ], [ 1, 0, 0, 1, 0, 0, 1, 0, 0, 1, 0, 0, 1, 1, 1, 0 ], 
      [ 1, 0, 0, 1, 1, 0, 1, 1, 0, 1, 1, 0, 1, 0, 1, 0 ], [ 1, 0, 1, 0, 1, 1, 1, 1, 1, 1, 0, 0, 0, 1, 1, 1 ], 
      [ 1, 0, 1, 0, 0, 1, 1, 0, 1, 1, 1, 0, 0, 0, 1, 1 ], [ 1, 0, 1, 0, 0, 0, 1, 0, 0, 1, 1, 1, 0, 0, 0, 1 ], 
      [ 1, 0, 1, 0, 1, 0, 1, 1, 0, 1, 0, 1, 0, 1, 0, 1 ], [ 1, 0, 1, 1, 0, 1, 1, 0, 1, 1, 1, 0, 0, 1, 0, 0 ], 
      [ 1, 0, 1, 1, 0, 0, 1, 0, 0, 1, 1, 1, 0, 1, 1, 0 ], [ 1, 0, 1, 1, 1, 0, 1, 1, 0, 1, 0, 1, 0, 0, 1, 0 ], 
      [ 1, 1, 0, 1, 1, 1, 1, 0, 0, 0, 1, 1, 1, 0, 0, 0 ], [ 1, 1, 0, 0, 1, 1, 1, 0, 0, 0, 1, 1, 1, 1, 1, 1 ], 
      [ 1, 1, 0, 0, 0, 1, 1, 1, 0, 0, 0, 1, 1, 0, 1, 1 ], [ 1, 1, 0, 0, 0, 0, 1, 1, 1, 0, 0, 0, 1, 0, 0, 1 ], 
      [ 1, 1, 0, 0, 1, 0, 1, 0, 1, 0, 1, 0, 1, 1, 0, 1 ], [ 1, 1, 0, 1, 0, 1, 1, 1, 0, 0, 0, 1, 1, 1, 0, 0 ], 
      [ 1, 1, 0, 1, 0, 0, 1, 1, 1, 0, 0, 0, 1, 1, 1, 0 ], [ 1, 1, 0, 1, 1, 0, 1, 0, 1, 0, 1, 0, 1, 0, 1, 0 ], 
      [ 1, 1, 1, 0, 1, 1, 1, 0, 0, 0, 0, 0, 0, 1, 1, 1 ], [ 1, 1, 1, 0, 0, 1, 1, 1, 0, 0, 1, 0, 0, 0, 1, 1 ], 
      [ 1, 1, 1, 0, 0, 0, 1, 1, 1, 0, 1, 1, 0, 0, 0, 1 ], [ 1, 1, 1, 0, 1, 0, 1, 0, 1, 0, 0, 1, 0, 1, 0, 1 ], 
      [ 1, 1, 1, 1, 0, 1, 1, 1, 0, 0, 1, 0, 0, 1, 0, 0 ], [ 1, 1, 1, 1, 0, 0, 1, 1, 1, 0, 1, 1, 0, 1, 1, 0 ], 
      [ 1, 1, 1, 1, 1, 0, 1, 0, 1, 0, 0, 1, 0, 0, 1, 0 ], [ 1, 1, 0, 0, 0, 0, 0, 1, 1, 1, 0, 0, 0, 0, 0, 0 ], 
      [ 1, 1, 1, 0, 0, 0, 0, 1, 1, 1, 1, 1, 1, 0, 0, 0 ], [ 1, 1, 1, 1, 0, 0, 0, 1, 1, 1, 1, 1, 1, 1, 1, 1 ], 
      [ 1, 1, 1, 1, 1, 0, 0, 0, 1, 1, 0, 1, 1, 0, 1, 1 ], [ 1, 1, 1, 1, 1, 1, 0, 0, 0, 1, 0, 0, 1, 0, 0, 1 ], 
      [ 1, 1, 1, 1, 0, 1, 0, 1, 0, 1, 1, 0, 1, 1, 0, 1 ], [ 1, 1, 1, 0, 1, 0, 0, 0, 1, 1, 0, 1, 1, 1, 0, 0 ], 
      [ 1, 1, 1, 0, 1, 1, 0, 0, 0, 1, 0, 0, 1, 1, 1, 0 ], [ 1, 1, 1, 0, 0, 1, 0, 1, 0, 1, 1, 0, 1, 0, 1, 0 ], 
      [ 1, 1, 0, 1, 0, 0, 0, 1, 1, 1, 0, 0, 0, 1, 1, 1 ], [ 1, 1, 0, 1, 1, 0, 0, 0, 1, 1, 1, 0, 0, 0, 1, 1 ], 
      [ 1, 1, 0, 1, 1, 1, 0, 0, 0, 1, 1, 1, 0, 0, 0, 1 ], [ 1, 1, 0, 1, 0, 1, 0, 1, 0, 1, 0, 1, 0, 1, 0, 1 ], 
      [ 1, 1, 0, 0, 1, 0, 0, 0, 1, 1, 1, 0, 0, 1, 0, 0 ], [ 1, 1, 0, 0, 1, 1, 0, 0, 0, 1, 1, 1, 0, 1, 1, 0 ], 
      [ 1, 1, 0, 0, 0, 1, 0, 1, 0, 1, 0, 1, 0, 0, 1, 0 ], [ 1, 0, 1, 0, 0, 0, 0, 0, 0, 0, 1, 1, 1, 0, 0, 0 ], 
      [ 1, 0, 1, 1, 0, 0, 0, 0, 0, 0, 1, 1, 1, 1, 1, 1 ], [ 1, 0, 1, 1, 1, 0, 0, 1, 0, 0, 0, 1, 1, 0, 1, 1 ], 
      [ 1, 0, 1, 1, 1, 1, 0, 1, 1, 0, 0, 0, 1, 0, 0, 1 ], [ 1, 0, 1, 1, 0, 1, 0, 0, 1, 0, 1, 0, 1, 1, 0, 1 ], 
      [ 1, 0, 1, 0, 1, 0, 0, 1, 0, 0, 0, 1, 1, 1, 0, 0 ], [ 1, 0, 1, 0, 1, 1, 0, 1, 1, 0, 0, 0, 1, 1, 1, 0 ], 
      [ 1, 0, 1, 0, 0, 1, 0, 0, 1, 0, 1, 0, 1, 0, 1, 0 ], [ 1, 0, 0, 1, 0, 0, 0, 0, 0, 0, 0, 0, 0, 1, 1, 1 ], 
      [ 1, 0, 0, 1, 1, 0, 0, 1, 0, 0, 1, 0, 0, 0, 1, 1 ], [ 1, 0, 0, 1, 1, 1, 0, 1, 1, 0, 1, 1, 0, 0, 0, 1 ], 
      [ 1, 0, 0, 1, 0, 1, 0, 0, 1, 0, 0, 1, 0, 1, 0, 1 ], [ 1, 0, 0, 0, 1, 0, 0, 1, 0, 0, 1, 0, 0, 1, 0, 0 ], 
      [ 1, 0, 0, 0, 1, 1, 0, 1, 1, 0, 1, 1, 0, 1, 1, 0 ], [ 1, 0, 0, 0, 0, 1, 0, 0, 1, 0, 0, 1, 0, 0, 1, 0 ] ],
  GRP := Group( [ ( 3,19)(12,20)(13,21)(14,22)(15,23)(16,24)(17,25)(18,26)(34,50)(43,51)(44,52)(45,53)(46,54)(47,55)
        (48,56)(49,57), ( 3,19)( 7,64)( 8,63)(10,61)(11,60)(12,20)(13,21)(14,49)(15,48)(16,24)(17,46)(18,45)(22,57)
        (23,56)(25,54)(26,53)(29,42)(30,41)(32,39)(33,38)(34,50)(43,51)(44,52)(47,55), 
      ( 6, 8)( 9,11)(13,15)(16,18)(21,23)(24,26)(28,30)(31,33)(37,39)(40,42)(44,46)(47,49)(52,54)(55,57)(59,61)
        (62,64), ( 4,12)( 9,13)(10,14)(11,15)(19,27)(24,28)(25,29)(26,30)(35,43)(40,44)(41,45)(42,46)(50,58)(55,59)
        (56,60)(57,61), ( 3,33,27,38,19,31)( 4,32,12,37,20,39)( 5,36)( 6,51, 8,35,63,43)( 7,50,62,34,64,58)
        ( 9,17,15,40,48,46)(10,14,55,47,49,61)(11,29,56,44,21,54)(13,52,23,42,60,25)(16,18,30,41,45,24)(22,57,59)
        (26,28,53), ( 1, 2)( 3, 7)( 4, 6)( 8,12)(10,16)(11,13)(14,18)(19,64)(20,63)(21,60)(22,53)(23,56)(24,61)
        (25,54)(26,57)(27,62)(28,59)(29,52)(30,55)(31,58)(32,51)(33,50)(34,38)(35,37)(39,43)(41,47)(42,44)(45,49), 
      ( 1, 3,22,60,28,62, 2,34,53,29,59,31)( 4,21,63,27,47,38,35,52,32,58,16, 7)( 5,20,48,41,40,37,36,51,17,10, 9, 6)
        ( 8,19,49,56,30,44,39,50,18,25,61,13)(11,24,64,12,23,45,42,55,33,43,54,14)(15,26,46,57) ] ),
  LOrb := 
   [ [ 2, 3, 4, 5, 8, 9, 10, 11, 12, 15, 16, 17, 18, 19, 20, 23, 24, 25, 26, 27, 30, 31, 32, 33, 36, 37, 38, 39, 40, 
          41, 43, 44, 45, 46, 47, 48, 51, 52, 53, 54, 55, 56, 58, 59, 60, 61, 62, 63 ], 
      [ 1, 2, 9, 14, 15, 16, 17, 19, 20, 24, 27, 30, 31, 48, 50, 55, 61, 62, 63, 64 ], 
      [ 1, 2, 14, 15, 17, 18, 19, 20, 21, 24, 27, 28, 29, 30, 31, 32, 33, 45, 46, 48, 49, 50, 51, 52, 55, 58, 59, 
          60, 61, 62, 63, 64 ] ],
  eRec := rec(
      GRA := rec(
          adjacencies := [ [ 2, 3, 4, 5, 6, 7 ], [ 1, 5, 6, 7 ], [ 1, 5, 6, 7 ], [ 1, 5, 6, 7 ], [ 1, 2, 3, 4 ], 
              [ 1, 2, 3, 4 ], [ 1, 2, 3, 4 ] ],
          group := Group( [ () ] ),
          isGraph := true,
          order := 7,
          representatives := [ 1, 2, 3, 4, 5, 6, 7 ],
          schreierVector := [ -1, -2, -3, -4, -5, -6, -7 ] ),
      ListEdges := [ [ 1, 2 ], [ 1, 3 ], [ 1, 4 ], [ 1, 5 ], [ 1, 6 ], [ 1, 7 ], [ 2, 5 ], [ 2, 6 ], [ 2, 7 ], 
          [ 3, 5 ], [ 3, 6 ], [ 3, 7 ], [ 4, 5 ], [ 4, 6 ], [ 4, 7 ] ],
      ListSet := [ [  ], [ 1 ], [ 1, 2 ], [ 1, 2, 3 ], [ 1, 2, 3, 4 ], [ 1, 2, 3, 4, 5 ], [ 1, 2, 3, 4, 5, 6 ], 
          [ 1, 2, 3, 4, 6 ], [ 1, 2, 3, 5 ], [ 1, 2, 3, 5, 6 ], [ 1, 2, 3, 6 ], [ 1, 2, 4 ], [ 1, 2, 4, 5 ], 
          [ 1, 2, 4, 5, 6 ], [ 1, 2, 4, 6 ], [ 1, 2, 5 ], [ 1, 2, 5, 6 ], [ 1, 2, 6 ], [ 1, 3 ], [ 1, 3, 4 ], 
          [ 1, 3, 4, 5 ], [ 1, 3, 4, 5, 6 ], [ 1, 3, 4, 6 ], [ 1, 3, 5 ], [ 1, 3, 5, 6 ], [ 1, 3, 6 ], [ 1, 4 ], 
          [ 1, 4, 5 ], [ 1, 4, 5, 6 ], [ 1, 4, 6 ], [ 1, 5 ], [ 1, 5, 6 ], [ 1, 6 ], [ 2 ], [ 2, 3 ], [ 2, 3, 4 ], 
          [ 2, 3, 4, 5 ], [ 2, 3, 4, 5, 6 ], [ 2, 3, 4, 6 ], [ 2, 3, 5 ], [ 2, 3, 5, 6 ], [ 2, 3, 6 ], [ 2, 4 ], 
          [ 2, 4, 5 ], [ 2, 4, 5, 6 ], [ 2, 4, 6 ], [ 2, 5 ], [ 2, 5, 6 ], [ 2, 6 ], [ 3 ], [ 3, 4 ], [ 3, 4, 5 ], 
          [ 3, 4, 5, 6 ], [ 3, 4, 6 ], [ 3, 5 ], [ 3, 5, 6 ], [ 3, 6 ], [ 4 ], [ 4, 5 ], [ 4, 5, 6 ], [ 4, 6 ], 
          [ 5 ], [ 5, 6 ], [ 6 ] ],
      ListVect := [ [ 1, 0, 0, 0, 0, 0, 0, 0, 0, 0, 0, 0, 0, 0, 0, 0 ], 
          [ 1, 1, 1, 1, 1, 1, 1, 0, 0, 0, 0, 0, 0, 0, 0, 0 ], [ 1, 0, 1, 1, 1, 1, 1, 1, 1, 1, 0, 0, 0, 0, 0, 0 ], 
          [ 1, 0, 0, 1, 1, 1, 1, 1, 1, 1, 1, 1, 1, 0, 0, 0 ], [ 1, 0, 0, 0, 1, 1, 1, 1, 1, 1, 1, 1, 1, 1, 1, 1 ], 
          [ 1, 0, 0, 0, 0, 1, 1, 0, 1, 1, 0, 1, 1, 0, 1, 1 ], [ 1, 0, 0, 0, 0, 0, 1, 0, 0, 1, 0, 0, 1, 0, 0, 1 ], 
          [ 1, 0, 0, 0, 1, 0, 1, 1, 0, 1, 1, 0, 1, 1, 0, 1 ], [ 1, 0, 0, 1, 0, 1, 1, 0, 1, 1, 0, 1, 1, 1, 0, 0 ], 
          [ 1, 0, 0, 1, 0, 0, 1, 0, 0, 1, 0, 0, 1, 1, 1, 0 ], [ 1, 0, 0, 1, 1, 0, 1, 1, 0, 1, 1, 0, 1, 0, 1, 0 ], 
          [ 1, 0, 1, 0, 1, 1, 1, 1, 1, 1, 0, 0, 0, 1, 1, 1 ], [ 1, 0, 1, 0, 0, 1, 1, 0, 1, 1, 1, 0, 0, 0, 1, 1 ], 
          [ 1, 0, 1, 0, 0, 0, 1, 0, 0, 1, 1, 1, 0, 0, 0, 1 ], [ 1, 0, 1, 0, 1, 0, 1, 1, 0, 1, 0, 1, 0, 1, 0, 1 ], 
          [ 1, 0, 1, 1, 0, 1, 1, 0, 1, 1, 1, 0, 0, 1, 0, 0 ], [ 1, 0, 1, 1, 0, 0, 1, 0, 0, 1, 1, 1, 0, 1, 1, 0 ], 
          [ 1, 0, 1, 1, 1, 0, 1, 1, 0, 1, 0, 1, 0, 0, 1, 0 ], [ 1, 1, 0, 1, 1, 1, 1, 0, 0, 0, 1, 1, 1, 0, 0, 0 ], 
          [ 1, 1, 0, 0, 1, 1, 1, 0, 0, 0, 1, 1, 1, 1, 1, 1 ], [ 1, 1, 0, 0, 0, 1, 1, 1, 0, 0, 0, 1, 1, 0, 1, 1 ], 
          [ 1, 1, 0, 0, 0, 0, 1, 1, 1, 0, 0, 0, 1, 0, 0, 1 ], [ 1, 1, 0, 0, 1, 0, 1, 0, 1, 0, 1, 0, 1, 1, 0, 1 ], 
          [ 1, 1, 0, 1, 0, 1, 1, 1, 0, 0, 0, 1, 1, 1, 0, 0 ], [ 1, 1, 0, 1, 0, 0, 1, 1, 1, 0, 0, 0, 1, 1, 1, 0 ], 
          [ 1, 1, 0, 1, 1, 0, 1, 0, 1, 0, 1, 0, 1, 0, 1, 0 ], [ 1, 1, 1, 0, 1, 1, 1, 0, 0, 0, 0, 0, 0, 1, 1, 1 ], 
          [ 1, 1, 1, 0, 0, 1, 1, 1, 0, 0, 1, 0, 0, 0, 1, 1 ], [ 1, 1, 1, 0, 0, 0, 1, 1, 1, 0, 1, 1, 0, 0, 0, 1 ], 
          [ 1, 1, 1, 0, 1, 0, 1, 0, 1, 0, 0, 1, 0, 1, 0, 1 ], [ 1, 1, 1, 1, 0, 1, 1, 1, 0, 0, 1, 0, 0, 1, 0, 0 ], 
          [ 1, 1, 1, 1, 0, 0, 1, 1, 1, 0, 1, 1, 0, 1, 1, 0 ], [ 1, 1, 1, 1, 1, 0, 1, 0, 1, 0, 0, 1, 0, 0, 1, 0 ], 
          [ 1, 1, 0, 0, 0, 0, 0, 1, 1, 1, 0, 0, 0, 0, 0, 0 ], [ 1, 1, 1, 0, 0, 0, 0, 1, 1, 1, 1, 1, 1, 0, 0, 0 ], 
          [ 1, 1, 1, 1, 0, 0, 0, 1, 1, 1, 1, 1, 1, 1, 1, 1 ], [ 1, 1, 1, 1, 1, 0, 0, 0, 1, 1, 0, 1, 1, 0, 1, 1 ], 
          [ 1, 1, 1, 1, 1, 1, 0, 0, 0, 1, 0, 0, 1, 0, 0, 1 ], [ 1, 1, 1, 1, 0, 1, 0, 1, 0, 1, 1, 0, 1, 1, 0, 1 ], 
          [ 1, 1, 1, 0, 1, 0, 0, 0, 1, 1, 0, 1, 1, 1, 0, 0 ], [ 1, 1, 1, 0, 1, 1, 0, 0, 0, 1, 0, 0, 1, 1, 1, 0 ], 
          [ 1, 1, 1, 0, 0, 1, 0, 1, 0, 1, 1, 0, 1, 0, 1, 0 ], [ 1, 1, 0, 1, 0, 0, 0, 1, 1, 1, 0, 0, 0, 1, 1, 1 ], 
          [ 1, 1, 0, 1, 1, 0, 0, 0, 1, 1, 1, 0, 0, 0, 1, 1 ], [ 1, 1, 0, 1, 1, 1, 0, 0, 0, 1, 1, 1, 0, 0, 0, 1 ], 
          [ 1, 1, 0, 1, 0, 1, 0, 1, 0, 1, 0, 1, 0, 1, 0, 1 ], [ 1, 1, 0, 0, 1, 0, 0, 0, 1, 1, 1, 0, 0, 1, 0, 0 ], 
          [ 1, 1, 0, 0, 1, 1, 0, 0, 0, 1, 1, 1, 0, 1, 1, 0 ], [ 1, 1, 0, 0, 0, 1, 0, 1, 0, 1, 0, 1, 0, 0, 1, 0 ], 
          [ 1, 0, 1, 0, 0, 0, 0, 0, 0, 0, 1, 1, 1, 0, 0, 0 ], [ 1, 0, 1, 1, 0, 0, 0, 0, 0, 0, 1, 1, 1, 1, 1, 1 ], 
          [ 1, 0, 1, 1, 1, 0, 0, 1, 0, 0, 0, 1, 1, 0, 1, 1 ], [ 1, 0, 1, 1, 1, 1, 0, 1, 1, 0, 0, 0, 1, 0, 0, 1 ], 
          [ 1, 0, 1, 1, 0, 1, 0, 0, 1, 0, 1, 0, 1, 1, 0, 1 ], [ 1, 0, 1, 0, 1, 0, 0, 1, 0, 0, 0, 1, 1, 1, 0, 0 ], 
          [ 1, 0, 1, 0, 1, 1, 0, 1, 1, 0, 0, 0, 1, 1, 1, 0 ], [ 1, 0, 1, 0, 0, 1, 0, 0, 1, 0, 1, 0, 1, 0, 1, 0 ], 
          [ 1, 0, 0, 1, 0, 0, 0, 0, 0, 0, 0, 0, 0, 1, 1, 1 ], [ 1, 0, 0, 1, 1, 0, 0, 1, 0, 0, 1, 0, 0, 0, 1, 1 ], 
          [ 1, 0, 0, 1, 1, 1, 0, 1, 1, 0, 1, 1, 0, 0, 0, 1 ], [ 1, 0, 0, 1, 0, 1, 0, 0, 1, 0, 0, 1, 0, 1, 0, 1 ], 
          [ 1, 0, 0, 0, 1, 0, 0, 1, 0, 0, 1, 0, 0, 1, 0, 0 ], [ 1, 0, 0, 0, 1, 1, 0, 1, 1, 0, 1, 1, 0, 1, 1, 0 ], 
          [ 1, 0, 0, 0, 0, 1, 0, 0, 1, 0, 0, 1, 0, 0, 1, 0 ] ] ) );
