return rec(
  EXT := [ [ 1, 0, 0, 0, 0, 0 ], [ 1, 1, 1, 1, 0, 0 ], [ 1, 0, 1, 1, 1, 1 ], [ 1, 0, 0, 1, 0, 1 ], 
      [ 1, 1, 0, 1, 1, 0 ], [ 1, 1, 0, 0, 1, 1 ], [ 1, 1, 1, 0, 0, 1 ], [ 1, 0, 1, 0, 1, 0 ] ],
  GRP := Group( [ (4,8), (5,7), (2,5)(6,7), (1,2)(3,6)(4,5)(7,8) ] ),
  LOrb := [ [ 1, 2, 4, 5, 6, 7 ] ],
  eRec := rec(
      GRA := rec(
          adjacencies := [ [ 2, 3, 4 ], [ 1, 3, 4 ], [ 1, 2 ], [ 1, 2 ] ],
          autGroup := Group( [ (1,2), (3,4) ] ),
          group := Group( [ () ] ),
          isGraph := true,
          isSimple := true,
          order := 4,
          representatives := [ 1, 2, 3, 4 ],
          schreierVector := [ -1, -2, -3, -4 ] ),
      GRPcanonic := Group( [ (2,6)(5,7), (4,8)(5,7), (1,2)(3,6)(4,7)(5,8), (1,6)(2,3)(4,5)(7,8), 
          (1,8)(2,5)(3,4)(6,7), (1,4)(2,7)(3,8)(5,6) ] ),
      ListEdges := [ [ 1, 2 ], [ 1, 3 ], [ 1, 4 ], [ 2, 3 ], [ 2, 4 ] ],
      ListSet := [ [  ], [ 1 ], [ 1, 2 ], [ 1, 2, 3 ], [ 1, 3 ], [ 2 ], [ 2, 3 ], [ 3 ] ],
      ListVect := [ [ 1, 0, 0, 0, 0, 0 ], [ 1, 1, 1, 1, 0, 0 ], [ 1, 0, 1, 1, 1, 1 ], [ 1, 0, 0, 1, 0, 1 ], 
          [ 1, 1, 0, 1, 1, 0 ], [ 1, 1, 0, 0, 1, 1 ], [ 1, 1, 1, 0, 0, 1 ], [ 1, 0, 1, 0, 1, 0 ] ] ) );
