return rec(
  EXT := [ [ 1, 0, 0, 0, 0, 0, 0, 0, 0, 0, 0, 0, 0 ], [ 1, 1, 1, 1, 1, 0, 0, 0, 0, 0, 0, 0, 0 ], 
      [ 1, 0, 1, 1, 1, 1, 1, 1, 0, 0, 0, 0, 0 ], [ 1, 0, 0, 1, 1, 0, 1, 1, 1, 1, 0, 0, 0 ], 
      [ 1, 0, 0, 0, 1, 0, 1, 1, 0, 1, 1, 1, 0 ], [ 1, 0, 0, 0, 0, 0, 0, 1, 0, 1, 0, 1, 1 ], 
      [ 1, 0, 0, 1, 0, 0, 0, 1, 1, 1, 1, 0, 1 ], [ 1, 0, 1, 0, 1, 1, 1, 1, 1, 0, 1, 1, 0 ], 
      [ 1, 0, 1, 0, 0, 1, 0, 1, 1, 0, 0, 1, 1 ], [ 1, 0, 1, 1, 0, 1, 0, 1, 0, 0, 1, 0, 1 ], 
      [ 1, 1, 0, 1, 1, 1, 0, 0, 1, 1, 0, 0, 0 ], [ 1, 1, 0, 0, 1, 1, 0, 0, 0, 1, 1, 1, 0 ], 
      [ 1, 1, 0, 0, 0, 1, 1, 0, 0, 1, 0, 1, 1 ], [ 1, 1, 0, 1, 0, 1, 1, 0, 1, 1, 1, 0, 1 ], 
      [ 1, 1, 1, 0, 1, 0, 0, 0, 1, 0, 1, 1, 0 ], [ 1, 1, 1, 0, 0, 0, 1, 0, 1, 0, 0, 1, 1 ], 
      [ 1, 1, 1, 1, 0, 0, 1, 0, 0, 0, 1, 0, 1 ], [ 1, 1, 0, 0, 0, 1, 1, 1, 0, 0, 0, 0, 0 ], 
      [ 1, 1, 1, 0, 0, 0, 1, 1, 1, 1, 0, 0, 0 ], [ 1, 1, 1, 1, 0, 0, 1, 1, 0, 1, 1, 1, 0 ], 
      [ 1, 1, 1, 1, 1, 0, 0, 1, 0, 1, 0, 1, 1 ], [ 1, 1, 1, 0, 1, 0, 0, 1, 1, 1, 1, 0, 1 ], 
      [ 1, 1, 0, 1, 0, 1, 1, 1, 1, 0, 1, 1, 0 ], [ 1, 1, 0, 1, 1, 1, 0, 1, 1, 0, 0, 1, 1 ], 
      [ 1, 1, 0, 0, 1, 1, 0, 1, 0, 0, 1, 0, 1 ], [ 1, 0, 1, 0, 0, 1, 0, 0, 1, 1, 0, 0, 0 ], 
      [ 1, 0, 1, 1, 0, 1, 0, 0, 0, 1, 1, 1, 0 ], [ 1, 0, 1, 1, 1, 1, 1, 0, 0, 1, 0, 1, 1 ], 
      [ 1, 0, 1, 0, 1, 1, 1, 0, 1, 1, 1, 0, 1 ], [ 1, 0, 0, 1, 0, 0, 0, 0, 1, 0, 1, 1, 0 ], 
      [ 1, 0, 0, 1, 1, 0, 1, 0, 1, 0, 0, 1, 1 ], [ 1, 0, 0, 0, 1, 0, 1, 0, 0, 0, 1, 0, 1 ] ],
  GRP := Group( [ ( 4,10)( 5, 9)(11,17)(12,16)(19,25)(20,24)(26,32)(27,31), ( 2,18)( 4,10)( 5,27)( 6,30)( 8,28)
        ( 9,31)(11,25)(13,15)(14,22)(17,19)(21,23)(26,32), ( 2, 6)( 3, 5)( 7,11)( 9,15)(10,12)(13,17)(18,32)(19,31)
        (20,28)(22,24)(23,29)(26,30), ( 1, 2,11,26)( 3, 4,19,18)( 5,20,23, 8)( 6,17,24,29)( 7,16,25,28)( 9,32,21,14)
        (10,31,22,13)(12,27,30,15) ] ),
  LOrb := [ [ 5, 6, 8, 9, 12, 13, 15, 16, 18, 19, 20, 21, 22, 23, 24, 25 ], 
      [ 3, 4, 5, 6, 7, 8, 9, 10, 13, 14, 16, 17, 18, 19, 20, 21, 22, 23, 24, 25, 28, 29, 31, 32 ] ],
  eRec := rec(
      GRA := rec(
          adjacencies := [ [ 2, 3, 4, 5 ], [ 1, 3, 5, 6 ], [ 1, 2, 4, 6 ], [ 1, 3, 5, 6 ], [ 1, 2, 4, 6 ], 
              [ 2, 3, 4, 5 ] ],
          group := Group( [ () ] ),
          isGraph := true,
          order := 6,
          representatives := [ 1, 2, 3, 4, 5, 6 ],
          schreierVector := [ -1, -2, -3, -4, -5, -6 ] ),
      ListEdges := [ [ 1, 2 ], [ 1, 3 ], [ 1, 4 ], [ 1, 5 ], [ 2, 3 ], [ 2, 5 ], [ 2, 6 ], [ 3, 4 ], [ 3, 6 ], 
          [ 4, 5 ], [ 4, 6 ], [ 5, 6 ] ],
      ListSet := [ [  ], [ 1 ], [ 1, 2 ], [ 1, 2, 3 ], [ 1, 2, 3, 4 ], [ 1, 2, 3, 4, 5 ], [ 1, 2, 3, 5 ], 
          [ 1, 2, 4 ], [ 1, 2, 4, 5 ], [ 1, 2, 5 ], [ 1, 3 ], [ 1, 3, 4 ], [ 1, 3, 4, 5 ], [ 1, 3, 5 ], [ 1, 4 ], 
          [ 1, 4, 5 ], [ 1, 5 ], [ 2 ], [ 2, 3 ], [ 2, 3, 4 ], [ 2, 3, 4, 5 ], [ 2, 3, 5 ], [ 2, 4 ], [ 2, 4, 5 ], 
          [ 2, 5 ], [ 3 ], [ 3, 4 ], [ 3, 4, 5 ], [ 3, 5 ], [ 4 ], [ 4, 5 ], [ 5 ] ],
      ListVect := [ [ 1, 0, 0, 0, 0, 0, 0, 0, 0, 0, 0, 0, 0 ], [ 1, 1, 1, 1, 1, 0, 0, 0, 0, 0, 0, 0, 0 ], 
          [ 1, 0, 1, 1, 1, 1, 1, 1, 0, 0, 0, 0, 0 ], [ 1, 0, 0, 1, 1, 0, 1, 1, 1, 1, 0, 0, 0 ], 
          [ 1, 0, 0, 0, 1, 0, 1, 1, 0, 1, 1, 1, 0 ], [ 1, 0, 0, 0, 0, 0, 0, 1, 0, 1, 0, 1, 1 ], 
          [ 1, 0, 0, 1, 0, 0, 0, 1, 1, 1, 1, 0, 1 ], [ 1, 0, 1, 0, 1, 1, 1, 1, 1, 0, 1, 1, 0 ], 
          [ 1, 0, 1, 0, 0, 1, 0, 1, 1, 0, 0, 1, 1 ], [ 1, 0, 1, 1, 0, 1, 0, 1, 0, 0, 1, 0, 1 ], 
          [ 1, 1, 0, 1, 1, 1, 0, 0, 1, 1, 0, 0, 0 ], [ 1, 1, 0, 0, 1, 1, 0, 0, 0, 1, 1, 1, 0 ], 
          [ 1, 1, 0, 0, 0, 1, 1, 0, 0, 1, 0, 1, 1 ], [ 1, 1, 0, 1, 0, 1, 1, 0, 1, 1, 1, 0, 1 ], 
          [ 1, 1, 1, 0, 1, 0, 0, 0, 1, 0, 1, 1, 0 ], [ 1, 1, 1, 0, 0, 0, 1, 0, 1, 0, 0, 1, 1 ], 
          [ 1, 1, 1, 1, 0, 0, 1, 0, 0, 0, 1, 0, 1 ], [ 1, 1, 0, 0, 0, 1, 1, 1, 0, 0, 0, 0, 0 ], 
          [ 1, 1, 1, 0, 0, 0, 1, 1, 1, 1, 0, 0, 0 ], [ 1, 1, 1, 1, 0, 0, 1, 1, 0, 1, 1, 1, 0 ], 
          [ 1, 1, 1, 1, 1, 0, 0, 1, 0, 1, 0, 1, 1 ], [ 1, 1, 1, 0, 1, 0, 0, 1, 1, 1, 1, 0, 1 ], 
          [ 1, 1, 0, 1, 0, 1, 1, 1, 1, 0, 1, 1, 0 ], [ 1, 1, 0, 1, 1, 1, 0, 1, 1, 0, 0, 1, 1 ], 
          [ 1, 1, 0, 0, 1, 1, 0, 1, 0, 0, 1, 0, 1 ], [ 1, 0, 1, 0, 0, 1, 0, 0, 1, 1, 0, 0, 0 ], 
          [ 1, 0, 1, 1, 0, 1, 0, 0, 0, 1, 1, 1, 0 ], [ 1, 0, 1, 1, 1, 1, 1, 0, 0, 1, 0, 1, 1 ], 
          [ 1, 0, 1, 0, 1, 1, 1, 0, 1, 1, 1, 0, 1 ], [ 1, 0, 0, 1, 0, 0, 0, 0, 1, 0, 1, 1, 0 ], 
          [ 1, 0, 0, 1, 1, 0, 1, 0, 1, 0, 0, 1, 1 ], [ 1, 0, 0, 0, 1, 0, 1, 0, 0, 0, 1, 0, 1 ] ] ) );
