return rec(
  EXT := [ [ 1, 0, 0, 0, 0, 0, 0, 0, 0, 0, 0, 0, 0, 0, 0 ], [ 1, 1, 1, 1, 1, 1, 1, 1, 0, 0, 0, 0, 0, 0, 0 ], 
      [ 1, 1, 1, 1, 1, 1, 1, 1, 1, 1, 1, 1, 1, 1, 1 ], [ 1, 0, 1, 1, 1, 1, 1, 1, 0, 1, 1, 1, 1, 1, 1 ], 
      [ 1, 0, 0, 1, 1, 1, 1, 1, 0, 0, 1, 1, 1, 1, 1 ], [ 1, 0, 0, 0, 1, 1, 1, 1, 0, 0, 0, 1, 1, 1, 1 ], 
      [ 1, 0, 0, 0, 0, 1, 1, 1, 0, 0, 0, 0, 1, 1, 1 ], [ 1, 0, 0, 0, 0, 0, 1, 1, 0, 0, 0, 0, 0, 1, 1 ], 
      [ 1, 0, 0, 0, 0, 0, 0, 1, 0, 0, 0, 0, 0, 0, 1 ], [ 1, 0, 0, 0, 0, 1, 0, 1, 0, 0, 0, 0, 1, 0, 1 ], 
      [ 1, 0, 0, 0, 1, 0, 1, 1, 0, 0, 0, 1, 0, 1, 1 ], [ 1, 0, 0, 0, 1, 0, 0, 1, 0, 0, 0, 1, 0, 0, 1 ], 
      [ 1, 0, 0, 0, 1, 1, 0, 1, 0, 0, 0, 1, 1, 0, 1 ], [ 1, 0, 0, 1, 0, 1, 1, 1, 0, 0, 1, 0, 1, 1, 1 ], 
      [ 1, 0, 0, 1, 0, 0, 1, 1, 0, 0, 1, 0, 0, 1, 1 ], [ 1, 0, 0, 1, 0, 0, 0, 1, 0, 0, 1, 0, 0, 0, 1 ], 
      [ 1, 0, 0, 1, 0, 1, 0, 1, 0, 0, 1, 0, 1, 0, 1 ], [ 1, 0, 0, 1, 1, 0, 1, 1, 0, 0, 1, 1, 0, 1, 1 ], 
      [ 1, 0, 0, 1, 1, 0, 0, 1, 0, 0, 1, 1, 0, 0, 1 ], [ 1, 0, 0, 1, 1, 1, 0, 1, 0, 0, 1, 1, 1, 0, 1 ], 
      [ 1, 0, 1, 0, 1, 1, 1, 1, 0, 1, 0, 1, 1, 1, 1 ], [ 1, 0, 1, 0, 0, 1, 1, 1, 0, 1, 0, 0, 1, 1, 1 ], 
      [ 1, 0, 1, 0, 0, 0, 1, 1, 0, 1, 0, 0, 0, 1, 1 ], [ 1, 0, 1, 0, 0, 0, 0, 1, 0, 1, 0, 0, 0, 0, 1 ], 
      [ 1, 0, 1, 0, 0, 1, 0, 1, 0, 1, 0, 0, 1, 0, 1 ], [ 1, 0, 1, 0, 1, 0, 1, 1, 0, 1, 0, 1, 0, 1, 1 ], 
      [ 1, 0, 1, 0, 1, 0, 0, 1, 0, 1, 0, 1, 0, 0, 1 ], [ 1, 0, 1, 0, 1, 1, 0, 1, 0, 1, 0, 1, 1, 0, 1 ], 
      [ 1, 0, 1, 1, 0, 1, 1, 1, 0, 1, 1, 0, 1, 1, 1 ], [ 1, 0, 1, 1, 0, 0, 1, 1, 0, 1, 1, 0, 0, 1, 1 ], 
      [ 1, 0, 1, 1, 0, 0, 0, 1, 0, 1, 1, 0, 0, 0, 1 ], [ 1, 0, 1, 1, 0, 1, 0, 1, 0, 1, 1, 0, 1, 0, 1 ], 
      [ 1, 0, 1, 1, 1, 0, 1, 1, 0, 1, 1, 1, 0, 1, 1 ], [ 1, 0, 1, 1, 1, 0, 0, 1, 0, 1, 1, 1, 0, 0, 1 ], 
      [ 1, 0, 1, 1, 1, 1, 0, 1, 0, 1, 1, 1, 1, 0, 1 ], [ 1, 1, 0, 1, 1, 1, 1, 1, 1, 0, 1, 1, 1, 1, 1 ], 
      [ 1, 1, 0, 0, 1, 1, 1, 1, 1, 0, 0, 1, 1, 1, 1 ], [ 1, 1, 0, 0, 0, 1, 1, 1, 1, 0, 0, 0, 1, 1, 1 ], 
      [ 1, 1, 0, 0, 0, 0, 1, 1, 1, 0, 0, 0, 0, 1, 1 ], [ 1, 1, 0, 0, 0, 0, 0, 1, 1, 0, 0, 0, 0, 0, 1 ], 
      [ 1, 1, 0, 0, 0, 1, 0, 1, 1, 0, 0, 0, 1, 0, 1 ], [ 1, 1, 0, 0, 1, 0, 1, 1, 1, 0, 0, 1, 0, 1, 1 ], 
      [ 1, 1, 0, 0, 1, 0, 0, 1, 1, 0, 0, 1, 0, 0, 1 ], [ 1, 1, 0, 0, 1, 1, 0, 1, 1, 0, 0, 1, 1, 0, 1 ], 
      [ 1, 1, 0, 1, 0, 1, 1, 1, 1, 0, 1, 0, 1, 1, 1 ], [ 1, 1, 0, 1, 0, 0, 1, 1, 1, 0, 1, 0, 0, 1, 1 ], 
      [ 1, 1, 0, 1, 0, 0, 0, 1, 1, 0, 1, 0, 0, 0, 1 ], [ 1, 1, 0, 1, 0, 1, 0, 1, 1, 0, 1, 0, 1, 0, 1 ], 
      [ 1, 1, 0, 1, 1, 0, 1, 1, 1, 0, 1, 1, 0, 1, 1 ], [ 1, 1, 0, 1, 1, 0, 0, 1, 1, 0, 1, 1, 0, 0, 1 ], 
      [ 1, 1, 0, 1, 1, 1, 0, 1, 1, 0, 1, 1, 1, 0, 1 ], [ 1, 1, 1, 0, 1, 1, 1, 1, 1, 1, 0, 1, 1, 1, 1 ], 
      [ 1, 1, 1, 0, 0, 1, 1, 1, 1, 1, 0, 0, 1, 1, 1 ], [ 1, 1, 1, 0, 0, 0, 1, 1, 1, 1, 0, 0, 0, 1, 1 ], 
      [ 1, 1, 1, 0, 0, 0, 0, 1, 1, 1, 0, 0, 0, 0, 1 ], [ 1, 1, 1, 0, 0, 1, 0, 1, 1, 1, 0, 0, 1, 0, 1 ], 
      [ 1, 1, 1, 0, 1, 0, 1, 1, 1, 1, 0, 1, 0, 1, 1 ], [ 1, 1, 1, 0, 1, 0, 0, 1, 1, 1, 0, 1, 0, 0, 1 ], 
      [ 1, 1, 1, 0, 1, 1, 0, 1, 1, 1, 0, 1, 1, 0, 1 ], [ 1, 1, 1, 1, 0, 1, 1, 1, 1, 1, 1, 0, 1, 1, 1 ], 
      [ 1, 1, 1, 1, 0, 0, 1, 1, 1, 1, 1, 0, 0, 1, 1 ], [ 1, 1, 1, 1, 0, 0, 0, 1, 1, 1, 1, 0, 0, 0, 1 ], 
      [ 1, 1, 1, 1, 0, 1, 0, 1, 1, 1, 1, 0, 1, 0, 1 ], [ 1, 1, 1, 1, 1, 0, 1, 1, 1, 1, 1, 1, 0, 1, 1 ], 
      [ 1, 1, 1, 1, 1, 0, 0, 1, 1, 1, 1, 1, 0, 0, 1 ], [ 1, 1, 1, 1, 1, 1, 0, 1, 1, 1, 1, 1, 1, 0, 1 ], 
      [ 1, 0, 1, 1, 1, 1, 1, 1, 1, 0, 0, 0, 0, 0, 0 ], [ 1, 0, 0, 1, 1, 1, 1, 1, 1, 1, 0, 0, 0, 0, 0 ], 
      [ 1, 0, 0, 0, 1, 1, 1, 1, 1, 1, 1, 0, 0, 0, 0 ], [ 1, 0, 0, 0, 0, 1, 1, 1, 1, 1, 1, 1, 0, 0, 0 ], 
      [ 1, 0, 0, 0, 0, 0, 1, 1, 1, 1, 1, 1, 1, 0, 0 ], [ 1, 0, 0, 0, 0, 0, 0, 1, 1, 1, 1, 1, 1, 1, 0 ], 
      [ 1, 0, 0, 0, 0, 1, 0, 1, 1, 1, 1, 1, 0, 1, 0 ], [ 1, 0, 0, 0, 1, 0, 1, 1, 1, 1, 1, 0, 1, 0, 0 ], 
      [ 1, 0, 0, 0, 1, 0, 0, 1, 1, 1, 1, 0, 1, 1, 0 ], [ 1, 0, 0, 0, 1, 1, 0, 1, 1, 1, 1, 0, 0, 1, 0 ], 
      [ 1, 0, 0, 1, 0, 1, 1, 1, 1, 1, 0, 1, 0, 0, 0 ], [ 1, 0, 0, 1, 0, 0, 1, 1, 1, 1, 0, 1, 1, 0, 0 ], 
      [ 1, 0, 0, 1, 0, 0, 0, 1, 1, 1, 0, 1, 1, 1, 0 ], [ 1, 0, 0, 1, 0, 1, 0, 1, 1, 1, 0, 1, 0, 1, 0 ], 
      [ 1, 0, 0, 1, 1, 0, 1, 1, 1, 1, 0, 0, 1, 0, 0 ], [ 1, 0, 0, 1, 1, 0, 0, 1, 1, 1, 0, 0, 1, 1, 0 ], 
      [ 1, 0, 0, 1, 1, 1, 0, 1, 1, 1, 0, 0, 0, 1, 0 ], [ 1, 0, 1, 0, 1, 1, 1, 1, 1, 0, 1, 0, 0, 0, 0 ], 
      [ 1, 0, 1, 0, 0, 1, 1, 1, 1, 0, 1, 1, 0, 0, 0 ], [ 1, 0, 1, 0, 0, 0, 1, 1, 1, 0, 1, 1, 1, 0, 0 ], 
      [ 1, 0, 1, 0, 0, 0, 0, 1, 1, 0, 1, 1, 1, 1, 0 ], [ 1, 0, 1, 0, 0, 1, 0, 1, 1, 0, 1, 1, 0, 1, 0 ], 
      [ 1, 0, 1, 0, 1, 0, 1, 1, 1, 0, 1, 0, 1, 0, 0 ], [ 1, 0, 1, 0, 1, 0, 0, 1, 1, 0, 1, 0, 1, 1, 0 ], 
      [ 1, 0, 1, 0, 1, 1, 0, 1, 1, 0, 1, 0, 0, 1, 0 ], [ 1, 0, 1, 1, 0, 1, 1, 1, 1, 0, 0, 1, 0, 0, 0 ], 
      [ 1, 0, 1, 1, 0, 0, 1, 1, 1, 0, 0, 1, 1, 0, 0 ], [ 1, 0, 1, 1, 0, 0, 0, 1, 1, 0, 0, 1, 1, 1, 0 ], 
      [ 1, 0, 1, 1, 0, 1, 0, 1, 1, 0, 0, 1, 0, 1, 0 ], [ 1, 0, 1, 1, 1, 0, 1, 1, 1, 0, 0, 0, 1, 0, 0 ], 
      [ 1, 0, 1, 1, 1, 0, 0, 1, 1, 0, 0, 0, 1, 1, 0 ], [ 1, 0, 1, 1, 1, 1, 0, 1, 1, 0, 0, 0, 0, 1, 0 ], 
      [ 1, 1, 0, 1, 1, 1, 1, 1, 0, 1, 0, 0, 0, 0, 0 ], [ 1, 1, 0, 0, 1, 1, 1, 1, 0, 1, 1, 0, 0, 0, 0 ], 
      [ 1, 1, 0, 0, 0, 1, 1, 1, 0, 1, 1, 1, 0, 0, 0 ], [ 1, 1, 0, 0, 0, 0, 1, 1, 0, 1, 1, 1, 1, 0, 0 ], 
      [ 1, 1, 0, 0, 0, 0, 0, 1, 0, 1, 1, 1, 1, 1, 0 ], [ 1, 1, 0, 0, 0, 1, 0, 1, 0, 1, 1, 1, 0, 1, 0 ], 
      [ 1, 1, 0, 0, 1, 0, 1, 1, 0, 1, 1, 0, 1, 0, 0 ], [ 1, 1, 0, 0, 1, 0, 0, 1, 0, 1, 1, 0, 1, 1, 0 ], 
      [ 1, 1, 0, 0, 1, 1, 0, 1, 0, 1, 1, 0, 0, 1, 0 ], [ 1, 1, 0, 1, 0, 1, 1, 1, 0, 1, 0, 1, 0, 0, 0 ], 
      [ 1, 1, 0, 1, 0, 0, 1, 1, 0, 1, 0, 1, 1, 0, 0 ], [ 1, 1, 0, 1, 0, 0, 0, 1, 0, 1, 0, 1, 1, 1, 0 ], 
      [ 1, 1, 0, 1, 0, 1, 0, 1, 0, 1, 0, 1, 0, 1, 0 ], [ 1, 1, 0, 1, 1, 0, 1, 1, 0, 1, 0, 0, 1, 0, 0 ], 
      [ 1, 1, 0, 1, 1, 0, 0, 1, 0, 1, 0, 0, 1, 1, 0 ], [ 1, 1, 0, 1, 1, 1, 0, 1, 0, 1, 0, 0, 0, 1, 0 ], 
      [ 1, 1, 1, 0, 1, 1, 1, 1, 0, 0, 1, 0, 0, 0, 0 ], [ 1, 1, 1, 0, 0, 1, 1, 1, 0, 0, 1, 1, 0, 0, 0 ], 
      [ 1, 1, 1, 0, 0, 0, 1, 1, 0, 0, 1, 1, 1, 0, 0 ], [ 1, 1, 1, 0, 0, 0, 0, 1, 0, 0, 1, 1, 1, 1, 0 ], 
      [ 1, 1, 1, 0, 0, 1, 0, 1, 0, 0, 1, 1, 0, 1, 0 ], [ 1, 1, 1, 0, 1, 0, 1, 1, 0, 0, 1, 0, 1, 0, 0 ], 
      [ 1, 1, 1, 0, 1, 0, 0, 1, 0, 0, 1, 0, 1, 1, 0 ], [ 1, 1, 1, 0, 1, 1, 0, 1, 0, 0, 1, 0, 0, 1, 0 ], 
      [ 1, 1, 1, 1, 0, 1, 1, 1, 0, 0, 0, 1, 0, 0, 0 ], [ 1, 1, 1, 1, 0, 0, 1, 1, 0, 0, 0, 1, 1, 0, 0 ], 
      [ 1, 1, 1, 1, 0, 0, 0, 1, 0, 0, 0, 1, 1, 1, 0 ], [ 1, 1, 1, 1, 0, 1, 0, 1, 0, 0, 0, 1, 0, 1, 0 ], 
      [ 1, 1, 1, 1, 1, 0, 1, 1, 0, 0, 0, 0, 1, 0, 0 ], [ 1, 1, 1, 1, 1, 0, 0, 1, 0, 0, 0, 0, 1, 1, 0 ], 
      [ 1, 1, 1, 1, 1, 1, 0, 1, 0, 0, 0, 0, 0, 1, 0 ], [ 1, 0, 0, 0, 0, 0, 0, 0, 1, 1, 1, 1, 1, 1, 1 ], 
      [ 1, 1, 0, 0, 0, 0, 0, 0, 0, 1, 1, 1, 1, 1, 1 ], [ 1, 1, 1, 0, 0, 0, 0, 0, 0, 0, 1, 1, 1, 1, 1 ], 
      [ 1, 1, 1, 1, 0, 0, 0, 0, 0, 0, 0, 1, 1, 1, 1 ], [ 1, 1, 1, 1, 1, 0, 0, 0, 0, 0, 0, 0, 1, 1, 1 ], 
      [ 1, 1, 1, 1, 1, 1, 0, 0, 0, 0, 0, 0, 0, 1, 1 ], [ 1, 1, 1, 1, 1, 1, 1, 0, 0, 0, 0, 0, 0, 0, 1 ], 
      [ 1, 1, 1, 1, 1, 0, 1, 0, 0, 0, 0, 0, 1, 0, 1 ], [ 1, 1, 1, 1, 0, 1, 0, 0, 0, 0, 0, 1, 0, 1, 1 ], 
      [ 1, 1, 1, 1, 0, 1, 1, 0, 0, 0, 0, 1, 0, 0, 1 ], [ 1, 1, 1, 1, 0, 0, 1, 0, 0, 0, 0, 1, 1, 0, 1 ], 
      [ 1, 1, 1, 0, 1, 0, 0, 0, 0, 0, 1, 0, 1, 1, 1 ], [ 1, 1, 1, 0, 1, 1, 0, 0, 0, 0, 1, 0, 0, 1, 1 ], 
      [ 1, 1, 1, 0, 1, 1, 1, 0, 0, 0, 1, 0, 0, 0, 1 ], [ 1, 1, 1, 0, 1, 0, 1, 0, 0, 0, 1, 0, 1, 0, 1 ], 
      [ 1, 1, 1, 0, 0, 1, 0, 0, 0, 0, 1, 1, 0, 1, 1 ], [ 1, 1, 1, 0, 0, 1, 1, 0, 0, 0, 1, 1, 0, 0, 1 ], 
      [ 1, 1, 1, 0, 0, 0, 1, 0, 0, 0, 1, 1, 1, 0, 1 ], [ 1, 1, 0, 1, 0, 0, 0, 0, 0, 1, 0, 1, 1, 1, 1 ], 
      [ 1, 1, 0, 1, 1, 0, 0, 0, 0, 1, 0, 0, 1, 1, 1 ], [ 1, 1, 0, 1, 1, 1, 0, 0, 0, 1, 0, 0, 0, 1, 1 ], 
      [ 1, 1, 0, 1, 1, 1, 1, 0, 0, 1, 0, 0, 0, 0, 1 ], [ 1, 1, 0, 1, 1, 0, 1, 0, 0, 1, 0, 0, 1, 0, 1 ], 
      [ 1, 1, 0, 1, 0, 1, 0, 0, 0, 1, 0, 1, 0, 1, 1 ], [ 1, 1, 0, 1, 0, 1, 1, 0, 0, 1, 0, 1, 0, 0, 1 ], 
      [ 1, 1, 0, 1, 0, 0, 1, 0, 0, 1, 0, 1, 1, 0, 1 ], [ 1, 1, 0, 0, 1, 0, 0, 0, 0, 1, 1, 0, 1, 1, 1 ], 
      [ 1, 1, 0, 0, 1, 1, 0, 0, 0, 1, 1, 0, 0, 1, 1 ], [ 1, 1, 0, 0, 1, 1, 1, 0, 0, 1, 1, 0, 0, 0, 1 ], 
      [ 1, 1, 0, 0, 1, 0, 1, 0, 0, 1, 1, 0, 1, 0, 1 ], [ 1, 1, 0, 0, 0, 1, 0, 0, 0, 1, 1, 1, 0, 1, 1 ], 
      [ 1, 1, 0, 0, 0, 1, 1, 0, 0, 1, 1, 1, 0, 0, 1 ], [ 1, 1, 0, 0, 0, 0, 1, 0, 0, 1, 1, 1, 1, 0, 1 ], 
      [ 1, 0, 1, 0, 0, 0, 0, 0, 1, 0, 1, 1, 1, 1, 1 ], [ 1, 0, 1, 1, 0, 0, 0, 0, 1, 0, 0, 1, 1, 1, 1 ], 
      [ 1, 0, 1, 1, 1, 0, 0, 0, 1, 0, 0, 0, 1, 1, 1 ], [ 1, 0, 1, 1, 1, 1, 0, 0, 1, 0, 0, 0, 0, 1, 1 ], 
      [ 1, 0, 1, 1, 1, 1, 1, 0, 1, 0, 0, 0, 0, 0, 1 ], [ 1, 0, 1, 1, 1, 0, 1, 0, 1, 0, 0, 0, 1, 0, 1 ], 
      [ 1, 0, 1, 1, 0, 1, 0, 0, 1, 0, 0, 1, 0, 1, 1 ], [ 1, 0, 1, 1, 0, 1, 1, 0, 1, 0, 0, 1, 0, 0, 1 ], 
      [ 1, 0, 1, 1, 0, 0, 1, 0, 1, 0, 0, 1, 1, 0, 1 ], [ 1, 0, 1, 0, 1, 0, 0, 0, 1, 0, 1, 0, 1, 1, 1 ], 
      [ 1, 0, 1, 0, 1, 1, 0, 0, 1, 0, 1, 0, 0, 1, 1 ], [ 1, 0, 1, 0, 1, 1, 1, 0, 1, 0, 1, 0, 0, 0, 1 ], 
      [ 1, 0, 1, 0, 1, 0, 1, 0, 1, 0, 1, 0, 1, 0, 1 ], [ 1, 0, 1, 0, 0, 1, 0, 0, 1, 0, 1, 1, 0, 1, 1 ], 
      [ 1, 0, 1, 0, 0, 1, 1, 0, 1, 0, 1, 1, 0, 0, 1 ], [ 1, 0, 1, 0, 0, 0, 1, 0, 1, 0, 1, 1, 1, 0, 1 ], 
      [ 1, 0, 0, 1, 0, 0, 0, 0, 1, 1, 0, 1, 1, 1, 1 ], [ 1, 0, 0, 1, 1, 0, 0, 0, 1, 1, 0, 0, 1, 1, 1 ], 
      [ 1, 0, 0, 1, 1, 1, 0, 0, 1, 1, 0, 0, 0, 1, 1 ], [ 1, 0, 0, 1, 1, 1, 1, 0, 1, 1, 0, 0, 0, 0, 1 ], 
      [ 1, 0, 0, 1, 1, 0, 1, 0, 1, 1, 0, 0, 1, 0, 1 ], [ 1, 0, 0, 1, 0, 1, 0, 0, 1, 1, 0, 1, 0, 1, 1 ], 
      [ 1, 0, 0, 1, 0, 1, 1, 0, 1, 1, 0, 1, 0, 0, 1 ], [ 1, 0, 0, 1, 0, 0, 1, 0, 1, 1, 0, 1, 1, 0, 1 ], 
      [ 1, 0, 0, 0, 1, 0, 0, 0, 1, 1, 1, 0, 1, 1, 1 ], [ 1, 0, 0, 0, 1, 1, 0, 0, 1, 1, 1, 0, 0, 1, 1 ], 
      [ 1, 0, 0, 0, 1, 1, 1, 0, 1, 1, 1, 0, 0, 0, 1 ], [ 1, 0, 0, 0, 1, 0, 1, 0, 1, 1, 1, 0, 1, 0, 1 ], 
      [ 1, 0, 0, 0, 0, 1, 0, 0, 1, 1, 1, 1, 0, 1, 1 ], [ 1, 0, 0, 0, 0, 1, 1, 0, 1, 1, 1, 1, 0, 0, 1 ], 
      [ 1, 0, 0, 0, 0, 0, 1, 0, 1, 1, 1, 1, 1, 0, 1 ], [ 1, 1, 0, 0, 0, 0, 0, 0, 1, 0, 0, 0, 0, 0, 0 ], 
      [ 1, 1, 1, 0, 0, 0, 0, 0, 1, 1, 0, 0, 0, 0, 0 ], [ 1, 1, 1, 1, 0, 0, 0, 0, 1, 1, 1, 0, 0, 0, 0 ], 
      [ 1, 1, 1, 1, 1, 0, 0, 0, 1, 1, 1, 1, 0, 0, 0 ], [ 1, 1, 1, 1, 1, 1, 0, 0, 1, 1, 1, 1, 1, 0, 0 ], 
      [ 1, 1, 1, 1, 1, 1, 1, 0, 1, 1, 1, 1, 1, 1, 0 ], [ 1, 1, 1, 1, 1, 0, 1, 0, 1, 1, 1, 1, 0, 1, 0 ], 
      [ 1, 1, 1, 1, 0, 1, 0, 0, 1, 1, 1, 0, 1, 0, 0 ], [ 1, 1, 1, 1, 0, 1, 1, 0, 1, 1, 1, 0, 1, 1, 0 ], 
      [ 1, 1, 1, 1, 0, 0, 1, 0, 1, 1, 1, 0, 0, 1, 0 ], [ 1, 1, 1, 0, 1, 0, 0, 0, 1, 1, 0, 1, 0, 0, 0 ], 
      [ 1, 1, 1, 0, 1, 1, 0, 0, 1, 1, 0, 1, 1, 0, 0 ], [ 1, 1, 1, 0, 1, 1, 1, 0, 1, 1, 0, 1, 1, 1, 0 ], 
      [ 1, 1, 1, 0, 1, 0, 1, 0, 1, 1, 0, 1, 0, 1, 0 ], [ 1, 1, 1, 0, 0, 1, 0, 0, 1, 1, 0, 0, 1, 0, 0 ], 
      [ 1, 1, 1, 0, 0, 1, 1, 0, 1, 1, 0, 0, 1, 1, 0 ], [ 1, 1, 1, 0, 0, 0, 1, 0, 1, 1, 0, 0, 0, 1, 0 ], 
      [ 1, 1, 0, 1, 0, 0, 0, 0, 1, 0, 1, 0, 0, 0, 0 ], [ 1, 1, 0, 1, 1, 0, 0, 0, 1, 0, 1, 1, 0, 0, 0 ], 
      [ 1, 1, 0, 1, 1, 1, 0, 0, 1, 0, 1, 1, 1, 0, 0 ], [ 1, 1, 0, 1, 1, 1, 1, 0, 1, 0, 1, 1, 1, 1, 0 ], 
      [ 1, 1, 0, 1, 1, 0, 1, 0, 1, 0, 1, 1, 0, 1, 0 ], [ 1, 1, 0, 1, 0, 1, 0, 0, 1, 0, 1, 0, 1, 0, 0 ], 
      [ 1, 1, 0, 1, 0, 1, 1, 0, 1, 0, 1, 0, 1, 1, 0 ], [ 1, 1, 0, 1, 0, 0, 1, 0, 1, 0, 1, 0, 0, 1, 0 ], 
      [ 1, 1, 0, 0, 1, 0, 0, 0, 1, 0, 0, 1, 0, 0, 0 ], [ 1, 1, 0, 0, 1, 1, 0, 0, 1, 0, 0, 1, 1, 0, 0 ], 
      [ 1, 1, 0, 0, 1, 1, 1, 0, 1, 0, 0, 1, 1, 1, 0 ], [ 1, 1, 0, 0, 1, 0, 1, 0, 1, 0, 0, 1, 0, 1, 0 ], 
      [ 1, 1, 0, 0, 0, 1, 0, 0, 1, 0, 0, 0, 1, 0, 0 ], [ 1, 1, 0, 0, 0, 1, 1, 0, 1, 0, 0, 0, 1, 1, 0 ], 
      [ 1, 1, 0, 0, 0, 0, 1, 0, 1, 0, 0, 0, 0, 1, 0 ], [ 1, 0, 1, 0, 0, 0, 0, 0, 0, 1, 0, 0, 0, 0, 0 ], 
      [ 1, 0, 1, 1, 0, 0, 0, 0, 0, 1, 1, 0, 0, 0, 0 ], [ 1, 0, 1, 1, 1, 0, 0, 0, 0, 1, 1, 1, 0, 0, 0 ], 
      [ 1, 0, 1, 1, 1, 1, 0, 0, 0, 1, 1, 1, 1, 0, 0 ], [ 1, 0, 1, 1, 1, 1, 1, 0, 0, 1, 1, 1, 1, 1, 0 ], 
      [ 1, 0, 1, 1, 1, 0, 1, 0, 0, 1, 1, 1, 0, 1, 0 ], [ 1, 0, 1, 1, 0, 1, 0, 0, 0, 1, 1, 0, 1, 0, 0 ], 
      [ 1, 0, 1, 1, 0, 1, 1, 0, 0, 1, 1, 0, 1, 1, 0 ], [ 1, 0, 1, 1, 0, 0, 1, 0, 0, 1, 1, 0, 0, 1, 0 ], 
      [ 1, 0, 1, 0, 1, 0, 0, 0, 0, 1, 0, 1, 0, 0, 0 ], [ 1, 0, 1, 0, 1, 1, 0, 0, 0, 1, 0, 1, 1, 0, 0 ], 
      [ 1, 0, 1, 0, 1, 1, 1, 0, 0, 1, 0, 1, 1, 1, 0 ], [ 1, 0, 1, 0, 1, 0, 1, 0, 0, 1, 0, 1, 0, 1, 0 ], 
      [ 1, 0, 1, 0, 0, 1, 0, 0, 0, 1, 0, 0, 1, 0, 0 ], [ 1, 0, 1, 0, 0, 1, 1, 0, 0, 1, 0, 0, 1, 1, 0 ], 
      [ 1, 0, 1, 0, 0, 0, 1, 0, 0, 1, 0, 0, 0, 1, 0 ], [ 1, 0, 0, 1, 0, 0, 0, 0, 0, 0, 1, 0, 0, 0, 0 ], 
      [ 1, 0, 0, 1, 1, 0, 0, 0, 0, 0, 1, 1, 0, 0, 0 ], [ 1, 0, 0, 1, 1, 1, 0, 0, 0, 0, 1, 1, 1, 0, 0 ], 
      [ 1, 0, 0, 1, 1, 1, 1, 0, 0, 0, 1, 1, 1, 1, 0 ], [ 1, 0, 0, 1, 1, 0, 1, 0, 0, 0, 1, 1, 0, 1, 0 ], 
      [ 1, 0, 0, 1, 0, 1, 0, 0, 0, 0, 1, 0, 1, 0, 0 ], [ 1, 0, 0, 1, 0, 1, 1, 0, 0, 0, 1, 0, 1, 1, 0 ], 
      [ 1, 0, 0, 1, 0, 0, 1, 0, 0, 0, 1, 0, 0, 1, 0 ], [ 1, 0, 0, 0, 1, 0, 0, 0, 0, 0, 0, 1, 0, 0, 0 ], 
      [ 1, 0, 0, 0, 1, 1, 0, 0, 0, 0, 0, 1, 1, 0, 0 ], [ 1, 0, 0, 0, 1, 1, 1, 0, 0, 0, 0, 1, 1, 1, 0 ], 
      [ 1, 0, 0, 0, 1, 0, 1, 0, 0, 0, 0, 1, 0, 1, 0 ], [ 1, 0, 0, 0, 0, 1, 0, 0, 0, 0, 0, 0, 1, 0, 0 ], 
      [ 1, 0, 0, 0, 0, 1, 1, 0, 0, 0, 0, 0, 1, 1, 0 ], [ 1, 0, 0, 0, 0, 0, 1, 0, 0, 0, 0, 0, 0, 1, 0 ] ],
  GRP := Group( [ ( 70, 74)( 73, 75)( 77, 81)( 80, 82)( 85, 89)( 88, 90)( 92, 96)( 95, 97)(101,105)(104,106)(108,112)(111,113)
        (116,120)(119,121)(123,127)(126,128)(134,138)(137,139)(141,145)(144,146)(149,153)(152,154)(156,160)(159,161)(165,169)
        (168,170)(172,176)(175,177)(180,184)(183,185)(187,191)(190,192), ( 68, 84)( 77, 85)( 78, 86)( 79, 87)( 80, 88)( 81, 89)
        ( 82, 90)( 83, 91)( 99,115)(108,116)(109,117)(110,118)(111,119)(112,120)(113,121)(114,122)(132,148)(141,149)(142,150)
        (143,151)(144,152)(145,153)(146,154)(147,155)(163,179)(172,180)(173,181)(174,182)(175,183)(176,184)(177,185)(178,186), 
      ( 68, 84)( 70, 74)( 72,193)( 73,190)( 75,192)( 76,189)( 77, 89)( 78, 86)( 79,178)( 80,175)( 81, 85)( 82,177)( 83,174)
        ( 87,186)( 88,183)( 90,185)( 91,182)( 92, 96)( 94,171)( 95,168)( 97,170)( 98,167)( 99,115)(101,105)(103,162)(104,159)
        (106,161)(107,158)(108,120)(109,117)(110,147)(111,144)(112,116)(113,146)(114,143)(118,155)(119,152)(121,154)(122,151)
        (123,127)(125,140)(126,137)(128,139)(129,136)(132,148)(134,138)(141,153)(142,150)(145,149)(156,160)(163,179)(165,169)
        (172,184)(173,181)(176,180)(187,191), ( 71, 73)( 74, 76)( 78, 80)( 81, 83)( 86, 88)( 89, 91)( 93, 95)( 96, 98)(102,104)
        (105,107)(109,111)(112,114)(117,119)(120,122)(124,126)(127,129)(135,137)(138,140)(142,144)(145,147)(150,152)(153,155)
        (157,159)(160,162)(166,168)(169,171)(173,175)(176,178)(181,183)(184,186)(188,190)(191,193), 
      ( 67, 99)( 84,100)( 85,101)( 86,102)( 87,103)( 88,104)( 89,105)( 90,106)( 91,107)( 92,108)( 93,109)( 94,110)( 95,111)
        ( 96,112)( 97,113)( 98,114)(131,163)(148,164)(149,165)(150,166)(151,167)(152,168)(153,169)(154,170)(155,171)(156,172)
        (157,173)(158,174)(159,175)(160,176)(161,177)(162,178), ( 69, 77)( 74, 78)( 75, 79)( 76, 80)( 84, 92)( 89, 93)( 90, 94)
        ( 91, 95)(100,108)(105,109)(106,110)(107,111)(115,123)(120,124)(121,125)(122,126)(133,141)(138,142)(139,143)(140,144)
        (148,156)(153,157)(154,158)(155,159)(164,172)(169,173)(170,174)(171,175)(179,187)(184,188)(185,189)(186,190), 
      (  2, 67, 68, 69, 70, 71, 72,103,118,125,128,129)( 73,102, 87,110,121,126,127, 98, 99, 84, 77, 74)( 75,104,117, 94,113,122,
         123, 96, 83,100, 85, 78)( 76,101, 86, 79,106,119,124, 97,114,115, 92, 81)( 80,105, 88,109, 90,111,120, 95,112, 91,108, 89
         )( 82,107,116, 93)(130,131,132,133,134,135,136,167,182,189,192,193)(137,166,151,174,185,190,191,162,163,148,141,138)
        (139,168,181,158,177,186,187,160,147,164,149,142)(140,165,150,143,170,183,188,161,178,179,156,145)(144,169,152,173,154,
         175,184,159,176,155,172,153)(146,171,180,157), (  7, 11)( 10, 12)( 14, 18)( 17, 19)( 22, 26)( 25, 27)( 29, 33)( 32, 34)
        ( 38, 42)( 41, 43)( 45, 49)( 48, 50)( 53, 57)( 56, 58)( 60, 64)( 63, 65)(197,201)(200,202)(204,208)(207,209)(212,216)
        (215,217)(219,223)(222,224)(228,232)(231,233)(235,239)(238,240)(243,247)(246,248)(250,254)(253,255), 
      (  5, 21)( 14, 22)( 15, 23)( 16, 24)( 17, 25)( 18, 26)( 19, 27)( 20, 28)( 36, 52)( 45, 53)( 46, 54)( 47, 55)( 48, 56)
        ( 49, 57)( 50, 58)( 51, 59)(195,211)(204,212)(205,213)(206,214)(207,215)(208,216)(209,217)(210,218)(226,242)(235,243)
        (236,244)(237,245)(238,246)(239,247)(240,248)(241,249), (  5, 21)(  7, 11)(  9,256)( 10,253)( 12,255)( 13,252)( 14, 26)
        ( 15, 23)( 16,241)( 17,238)( 18, 22)( 19,240)( 20,237)( 24,249)( 25,246)( 27,248)( 28,245)( 29, 33)( 31,234)( 32,231)
        ( 34,233)( 35,230)( 36, 52)( 38, 42)( 40,225)( 41,222)( 43,224)( 44,221)( 45, 57)( 46, 54)( 47,210)( 48,207)( 49, 53)
        ( 50,209)( 51,206)( 55,218)( 56,215)( 58,217)( 59,214)( 60, 64)( 62,203)( 63,200)( 65,202)( 66,199)(195,211)(197,201)
        (204,216)(205,213)(208,212)(219,223)(226,242)(228,232)(235,247)(236,244)(239,243)(250,254), 
      (  8, 10)( 11, 13)( 15, 17)( 18, 20)( 23, 25)( 26, 28)( 30, 32)( 33, 35)( 39, 41)( 42, 44)( 46, 48)( 49, 51)( 54, 56)
        ( 57, 59)( 61, 63)( 64, 66)(198,200)(201,203)(205,207)(208,210)(213,215)(216,218)(220,222)(223,225)(229,231)(232,234)
        (236,238)(239,241)(244,246)(247,249)(251,253)(254,256), (  4, 36)( 21, 37)( 22, 38)( 23, 39)( 24, 40)( 25, 41)( 26, 42)
        ( 27, 43)( 28, 44)( 29, 45)( 30, 46)( 31, 47)( 32, 48)( 33, 49)( 34, 50)( 35, 51)(194,226)(211,227)(212,228)(213,229)
        (214,230)(215,231)(216,232)(217,233)(218,234)(219,235)(220,236)(221,237)(222,238)(223,239)(224,240)(225,241), 
      (  6, 14)( 11, 15)( 12, 16)( 13, 17)( 21, 29)( 26, 30)( 27, 31)( 28, 32)( 37, 45)( 42, 46)( 43, 47)( 44, 48)( 52, 60)
        ( 57, 61)( 58, 62)( 59, 63)(196,204)(201,205)(202,206)(203,207)(211,219)(216,220)(217,221)(218,222)(227,235)(232,236)
        (233,237)(234,238)(242,250)(247,251)(248,252)(249,253), (  1,  2)(  3,130)(  4, 72, 36,191, 60,179, 66,131,199,163, 64,
         187, 52,193)(  5, 73, 45,184, 63,148,198,132,200,172, 57,190, 21, 71)(  6, 70, 14, 80, 48,153,201,133,197,141,207,175,
          26, 74)(  7, 77, 17,111,216,138,196,134,204,144,238, 89, 11, 69)(  8, 68, 10,108,247,126,211,135,195,137,235,120,253, 84
         )(  9, 99,254,123,242,129,194,136,226,127,250,115,256, 67)( 12,100,255, 92, 16,114,223,139,227,128,219,143,241, 96)
        ( 13,101,248, 95, 47,150,208,140,228,121,222,174, 23, 81)( 15, 83, 41,154,232,125,212,142,210,168, 27,105,252, 85)
        ( 18, 76, 38,185, 32,110,213,145,203,165, 58,159,237, 86)( 19,107,224,170, 31,113,220,146,234, 97, 43,158,240, 93)
        ( 20,104,217,169, 62,149,205,147,231, 90, 42,189, 22, 78)( 24,112,251,116,249, 98, 40,151,239,124,243,122,225,167)
        ( 25,109,244,119,218,166, 55,152,236,117,246, 91, 39,182)( 28,102,245, 88, 46,181, 56,155,229,118,215,173, 54,183)
        ( 29, 79, 51,160,202,164, 65,156,206,178, 33, 75, 37,192)( 30, 82, 44,161,233, 94, 50,157,209,171, 34,106,221,177)
        ( 35,103,214,176, 61,180, 59,162,230, 87, 49,188, 53,186) ] ),
  LOrb := [ [ 2, 3, 4, 5, 6, 7, 8, 11, 14, 15, 18, 21, 22, 23, 26, 29, 30, 33, 36, 37, 38, 39, 42, 45, 46, 49, 52, 53, 54, 57, 
          60, 61, 64, 67, 68, 69, 74, 75, 76, 81, 82, 83, 84, 89, 90, 91, 96, 97, 98, 99, 100, 105, 106, 107, 112, 113, 114, 115, 
          120, 121, 122, 127, 128, 129, 134, 135, 136, 137, 141, 142, 143, 144, 149, 150, 151, 152, 156, 157, 158, 159, 165, 166, 
          167, 168, 172, 173, 174, 175, 180, 181, 182, 183, 187, 188, 189, 190, 199, 200, 202, 203, 206, 207, 209, 210, 214, 215, 
          217, 218, 221, 222, 224, 225, 230, 231, 233, 234, 237, 238, 240, 241, 245, 246, 248, 249, 252, 253, 255, 256 ] ],
  eRec := rec(
      CUT_info := rec(
          EXT := [ [ 1, 0, 0, 0, 0, 0, 0, 0, 0, 0, 0, 0, 0, 0, 0 ], [ 1, 1, 1, 1, 1, 1, 1, 1, 0, 0, 0, 0, 0, 0, 0 ], 
              [ 1, 1, 1, 1, 1, 1, 1, 1, 1, 1, 1, 1, 1, 1, 1 ], [ 1, 0, 1, 1, 1, 1, 1, 1, 0, 1, 1, 1, 1, 1, 1 ], 
              [ 1, 0, 0, 1, 1, 1, 1, 1, 0, 0, 1, 1, 1, 1, 1 ], [ 1, 0, 0, 0, 1, 1, 1, 1, 0, 0, 0, 1, 1, 1, 1 ], 
              [ 1, 0, 0, 0, 0, 1, 1, 1, 0, 0, 0, 0, 1, 1, 1 ], [ 1, 0, 0, 0, 0, 0, 1, 1, 0, 0, 0, 0, 0, 1, 1 ], 
              [ 1, 0, 0, 0, 0, 0, 0, 1, 0, 0, 0, 0, 0, 0, 1 ], [ 1, 0, 0, 0, 0, 1, 0, 1, 0, 0, 0, 0, 1, 0, 1 ], 
              [ 1, 0, 0, 0, 1, 0, 1, 1, 0, 0, 0, 1, 0, 1, 1 ], [ 1, 0, 0, 0, 1, 0, 0, 1, 0, 0, 0, 1, 0, 0, 1 ], 
              [ 1, 0, 0, 0, 1, 1, 0, 1, 0, 0, 0, 1, 1, 0, 1 ], [ 1, 0, 0, 1, 0, 1, 1, 1, 0, 0, 1, 0, 1, 1, 1 ], 
              [ 1, 0, 0, 1, 0, 0, 1, 1, 0, 0, 1, 0, 0, 1, 1 ], [ 1, 0, 0, 1, 0, 0, 0, 1, 0, 0, 1, 0, 0, 0, 1 ], 
              [ 1, 0, 0, 1, 0, 1, 0, 1, 0, 0, 1, 0, 1, 0, 1 ], [ 1, 0, 0, 1, 1, 0, 1, 1, 0, 0, 1, 1, 0, 1, 1 ], 
              [ 1, 0, 0, 1, 1, 0, 0, 1, 0, 0, 1, 1, 0, 0, 1 ], [ 1, 0, 0, 1, 1, 1, 0, 1, 0, 0, 1, 1, 1, 0, 1 ], 
              [ 1, 0, 1, 0, 1, 1, 1, 1, 0, 1, 0, 1, 1, 1, 1 ], [ 1, 0, 1, 0, 0, 1, 1, 1, 0, 1, 0, 0, 1, 1, 1 ], 
              [ 1, 0, 1, 0, 0, 0, 1, 1, 0, 1, 0, 0, 0, 1, 1 ], [ 1, 0, 1, 0, 0, 0, 0, 1, 0, 1, 0, 0, 0, 0, 1 ], 
              [ 1, 0, 1, 0, 0, 1, 0, 1, 0, 1, 0, 0, 1, 0, 1 ], [ 1, 0, 1, 0, 1, 0, 1, 1, 0, 1, 0, 1, 0, 1, 1 ], 
              [ 1, 0, 1, 0, 1, 0, 0, 1, 0, 1, 0, 1, 0, 0, 1 ], [ 1, 0, 1, 0, 1, 1, 0, 1, 0, 1, 0, 1, 1, 0, 1 ], 
              [ 1, 0, 1, 1, 0, 1, 1, 1, 0, 1, 1, 0, 1, 1, 1 ], [ 1, 0, 1, 1, 0, 0, 1, 1, 0, 1, 1, 0, 0, 1, 1 ], 
              [ 1, 0, 1, 1, 0, 0, 0, 1, 0, 1, 1, 0, 0, 0, 1 ], [ 1, 0, 1, 1, 0, 1, 0, 1, 0, 1, 1, 0, 1, 0, 1 ], 
              [ 1, 0, 1, 1, 1, 0, 1, 1, 0, 1, 1, 1, 0, 1, 1 ], [ 1, 0, 1, 1, 1, 0, 0, 1, 0, 1, 1, 1, 0, 0, 1 ], 
              [ 1, 0, 1, 1, 1, 1, 0, 1, 0, 1, 1, 1, 1, 0, 1 ], [ 1, 1, 0, 1, 1, 1, 1, 1, 1, 0, 1, 1, 1, 1, 1 ], 
              [ 1, 1, 0, 0, 1, 1, 1, 1, 1, 0, 0, 1, 1, 1, 1 ], [ 1, 1, 0, 0, 0, 1, 1, 1, 1, 0, 0, 0, 1, 1, 1 ], 
              [ 1, 1, 0, 0, 0, 0, 1, 1, 1, 0, 0, 0, 0, 1, 1 ], [ 1, 1, 0, 0, 0, 0, 0, 1, 1, 0, 0, 0, 0, 0, 1 ], 
              [ 1, 1, 0, 0, 0, 1, 0, 1, 1, 0, 0, 0, 1, 0, 1 ], [ 1, 1, 0, 0, 1, 0, 1, 1, 1, 0, 0, 1, 0, 1, 1 ], 
              [ 1, 1, 0, 0, 1, 0, 0, 1, 1, 0, 0, 1, 0, 0, 1 ], [ 1, 1, 0, 0, 1, 1, 0, 1, 1, 0, 0, 1, 1, 0, 1 ], 
              [ 1, 1, 0, 1, 0, 1, 1, 1, 1, 0, 1, 0, 1, 1, 1 ], [ 1, 1, 0, 1, 0, 0, 1, 1, 1, 0, 1, 0, 0, 1, 1 ], 
              [ 1, 1, 0, 1, 0, 0, 0, 1, 1, 0, 1, 0, 0, 0, 1 ], [ 1, 1, 0, 1, 0, 1, 0, 1, 1, 0, 1, 0, 1, 0, 1 ], 
              [ 1, 1, 0, 1, 1, 0, 1, 1, 1, 0, 1, 1, 0, 1, 1 ], [ 1, 1, 0, 1, 1, 0, 0, 1, 1, 0, 1, 1, 0, 0, 1 ], 
              [ 1, 1, 0, 1, 1, 1, 0, 1, 1, 0, 1, 1, 1, 0, 1 ], [ 1, 1, 1, 0, 1, 1, 1, 1, 1, 1, 0, 1, 1, 1, 1 ], 
              [ 1, 1, 1, 0, 0, 1, 1, 1, 1, 1, 0, 0, 1, 1, 1 ], [ 1, 1, 1, 0, 0, 0, 1, 1, 1, 1, 0, 0, 0, 1, 1 ], 
              [ 1, 1, 1, 0, 0, 0, 0, 1, 1, 1, 0, 0, 0, 0, 1 ], [ 1, 1, 1, 0, 0, 1, 0, 1, 1, 1, 0, 0, 1, 0, 1 ], 
              [ 1, 1, 1, 0, 1, 0, 1, 1, 1, 1, 0, 1, 0, 1, 1 ], [ 1, 1, 1, 0, 1, 0, 0, 1, 1, 1, 0, 1, 0, 0, 1 ], 
              [ 1, 1, 1, 0, 1, 1, 0, 1, 1, 1, 0, 1, 1, 0, 1 ], [ 1, 1, 1, 1, 0, 1, 1, 1, 1, 1, 1, 0, 1, 1, 1 ], 
              [ 1, 1, 1, 1, 0, 0, 1, 1, 1, 1, 1, 0, 0, 1, 1 ], [ 1, 1, 1, 1, 0, 0, 0, 1, 1, 1, 1, 0, 0, 0, 1 ], 
              [ 1, 1, 1, 1, 0, 1, 0, 1, 1, 1, 1, 0, 1, 0, 1 ], [ 1, 1, 1, 1, 1, 0, 1, 1, 1, 1, 1, 1, 0, 1, 1 ], 
              [ 1, 1, 1, 1, 1, 0, 0, 1, 1, 1, 1, 1, 0, 0, 1 ], [ 1, 1, 1, 1, 1, 1, 0, 1, 1, 1, 1, 1, 1, 0, 1 ], 
              [ 1, 0, 1, 1, 1, 1, 1, 1, 1, 0, 0, 0, 0, 0, 0 ], [ 1, 0, 0, 1, 1, 1, 1, 1, 1, 1, 0, 0, 0, 0, 0 ], 
              [ 1, 0, 0, 0, 1, 1, 1, 1, 1, 1, 1, 0, 0, 0, 0 ], [ 1, 0, 0, 0, 0, 1, 1, 1, 1, 1, 1, 1, 0, 0, 0 ], 
              [ 1, 0, 0, 0, 0, 0, 1, 1, 1, 1, 1, 1, 1, 0, 0 ], [ 1, 0, 0, 0, 0, 0, 0, 1, 1, 1, 1, 1, 1, 1, 0 ], 
              [ 1, 0, 0, 0, 0, 1, 0, 1, 1, 1, 1, 1, 0, 1, 0 ], [ 1, 0, 0, 0, 1, 0, 1, 1, 1, 1, 1, 0, 1, 0, 0 ], 
              [ 1, 0, 0, 0, 1, 0, 0, 1, 1, 1, 1, 0, 1, 1, 0 ], [ 1, 0, 0, 0, 1, 1, 0, 1, 1, 1, 1, 0, 0, 1, 0 ], 
              [ 1, 0, 0, 1, 0, 1, 1, 1, 1, 1, 0, 1, 0, 0, 0 ], [ 1, 0, 0, 1, 0, 0, 1, 1, 1, 1, 0, 1, 1, 0, 0 ], 
              [ 1, 0, 0, 1, 0, 0, 0, 1, 1, 1, 0, 1, 1, 1, 0 ], [ 1, 0, 0, 1, 0, 1, 0, 1, 1, 1, 0, 1, 0, 1, 0 ], 
              [ 1, 0, 0, 1, 1, 0, 1, 1, 1, 1, 0, 0, 1, 0, 0 ], [ 1, 0, 0, 1, 1, 0, 0, 1, 1, 1, 0, 0, 1, 1, 0 ], 
              [ 1, 0, 0, 1, 1, 1, 0, 1, 1, 1, 0, 0, 0, 1, 0 ], [ 1, 0, 1, 0, 1, 1, 1, 1, 1, 0, 1, 0, 0, 0, 0 ], 
              [ 1, 0, 1, 0, 0, 1, 1, 1, 1, 0, 1, 1, 0, 0, 0 ], [ 1, 0, 1, 0, 0, 0, 1, 1, 1, 0, 1, 1, 1, 0, 0 ], 
              [ 1, 0, 1, 0, 0, 0, 0, 1, 1, 0, 1, 1, 1, 1, 0 ], [ 1, 0, 1, 0, 0, 1, 0, 1, 1, 0, 1, 1, 0, 1, 0 ], 
              [ 1, 0, 1, 0, 1, 0, 1, 1, 1, 0, 1, 0, 1, 0, 0 ], [ 1, 0, 1, 0, 1, 0, 0, 1, 1, 0, 1, 0, 1, 1, 0 ], 
              [ 1, 0, 1, 0, 1, 1, 0, 1, 1, 0, 1, 0, 0, 1, 0 ], [ 1, 0, 1, 1, 0, 1, 1, 1, 1, 0, 0, 1, 0, 0, 0 ], 
              [ 1, 0, 1, 1, 0, 0, 1, 1, 1, 0, 0, 1, 1, 0, 0 ], [ 1, 0, 1, 1, 0, 0, 0, 1, 1, 0, 0, 1, 1, 1, 0 ], 
              [ 1, 0, 1, 1, 0, 1, 0, 1, 1, 0, 0, 1, 0, 1, 0 ], [ 1, 0, 1, 1, 1, 0, 1, 1, 1, 0, 0, 0, 1, 0, 0 ], 
              [ 1, 0, 1, 1, 1, 0, 0, 1, 1, 0, 0, 0, 1, 1, 0 ], [ 1, 0, 1, 1, 1, 1, 0, 1, 1, 0, 0, 0, 0, 1, 0 ], 
              [ 1, 1, 0, 1, 1, 1, 1, 1, 0, 1, 0, 0, 0, 0, 0 ], [ 1, 1, 0, 0, 1, 1, 1, 1, 0, 1, 1, 0, 0, 0, 0 ], 
              [ 1, 1, 0, 0, 0, 1, 1, 1, 0, 1, 1, 1, 0, 0, 0 ], [ 1, 1, 0, 0, 0, 0, 1, 1, 0, 1, 1, 1, 1, 0, 0 ], 
              [ 1, 1, 0, 0, 0, 0, 0, 1, 0, 1, 1, 1, 1, 1, 0 ], [ 1, 1, 0, 0, 0, 1, 0, 1, 0, 1, 1, 1, 0, 1, 0 ], 
              [ 1, 1, 0, 0, 1, 0, 1, 1, 0, 1, 1, 0, 1, 0, 0 ], [ 1, 1, 0, 0, 1, 0, 0, 1, 0, 1, 1, 0, 1, 1, 0 ], 
              [ 1, 1, 0, 0, 1, 1, 0, 1, 0, 1, 1, 0, 0, 1, 0 ], [ 1, 1, 0, 1, 0, 1, 1, 1, 0, 1, 0, 1, 0, 0, 0 ], 
              [ 1, 1, 0, 1, 0, 0, 1, 1, 0, 1, 0, 1, 1, 0, 0 ], [ 1, 1, 0, 1, 0, 0, 0, 1, 0, 1, 0, 1, 1, 1, 0 ], 
              [ 1, 1, 0, 1, 0, 1, 0, 1, 0, 1, 0, 1, 0, 1, 0 ], [ 1, 1, 0, 1, 1, 0, 1, 1, 0, 1, 0, 0, 1, 0, 0 ], 
              [ 1, 1, 0, 1, 1, 0, 0, 1, 0, 1, 0, 0, 1, 1, 0 ], [ 1, 1, 0, 1, 1, 1, 0, 1, 0, 1, 0, 0, 0, 1, 0 ], 
              [ 1, 1, 1, 0, 1, 1, 1, 1, 0, 0, 1, 0, 0, 0, 0 ], [ 1, 1, 1, 0, 0, 1, 1, 1, 0, 0, 1, 1, 0, 0, 0 ], 
              [ 1, 1, 1, 0, 0, 0, 1, 1, 0, 0, 1, 1, 1, 0, 0 ], [ 1, 1, 1, 0, 0, 0, 0, 1, 0, 0, 1, 1, 1, 1, 0 ], 
              [ 1, 1, 1, 0, 0, 1, 0, 1, 0, 0, 1, 1, 0, 1, 0 ], [ 1, 1, 1, 0, 1, 0, 1, 1, 0, 0, 1, 0, 1, 0, 0 ], 
              [ 1, 1, 1, 0, 1, 0, 0, 1, 0, 0, 1, 0, 1, 1, 0 ], [ 1, 1, 1, 0, 1, 1, 0, 1, 0, 0, 1, 0, 0, 1, 0 ], 
              [ 1, 1, 1, 1, 0, 1, 1, 1, 0, 0, 0, 1, 0, 0, 0 ], [ 1, 1, 1, 1, 0, 0, 1, 1, 0, 0, 0, 1, 1, 0, 0 ], 
              [ 1, 1, 1, 1, 0, 0, 0, 1, 0, 0, 0, 1, 1, 1, 0 ], [ 1, 1, 1, 1, 0, 1, 0, 1, 0, 0, 0, 1, 0, 1, 0 ], 
              [ 1, 1, 1, 1, 1, 0, 1, 1, 0, 0, 0, 0, 1, 0, 0 ], [ 1, 1, 1, 1, 1, 0, 0, 1, 0, 0, 0, 0, 1, 1, 0 ], 
              [ 1, 1, 1, 1, 1, 1, 0, 1, 0, 0, 0, 0, 0, 1, 0 ], [ 1, 0, 0, 0, 0, 0, 0, 0, 1, 1, 1, 1, 1, 1, 1 ], 
              [ 1, 1, 0, 0, 0, 0, 0, 0, 0, 1, 1, 1, 1, 1, 1 ], [ 1, 1, 1, 0, 0, 0, 0, 0, 0, 0, 1, 1, 1, 1, 1 ], 
              [ 1, 1, 1, 1, 0, 0, 0, 0, 0, 0, 0, 1, 1, 1, 1 ], [ 1, 1, 1, 1, 1, 0, 0, 0, 0, 0, 0, 0, 1, 1, 1 ], 
              [ 1, 1, 1, 1, 1, 1, 0, 0, 0, 0, 0, 0, 0, 1, 1 ], [ 1, 1, 1, 1, 1, 1, 1, 0, 0, 0, 0, 0, 0, 0, 1 ], 
              [ 1, 1, 1, 1, 1, 0, 1, 0, 0, 0, 0, 0, 1, 0, 1 ], [ 1, 1, 1, 1, 0, 1, 0, 0, 0, 0, 0, 1, 0, 1, 1 ], 
              [ 1, 1, 1, 1, 0, 1, 1, 0, 0, 0, 0, 1, 0, 0, 1 ], [ 1, 1, 1, 1, 0, 0, 1, 0, 0, 0, 0, 1, 1, 0, 1 ], 
              [ 1, 1, 1, 0, 1, 0, 0, 0, 0, 0, 1, 0, 1, 1, 1 ], [ 1, 1, 1, 0, 1, 1, 0, 0, 0, 0, 1, 0, 0, 1, 1 ], 
              [ 1, 1, 1, 0, 1, 1, 1, 0, 0, 0, 1, 0, 0, 0, 1 ], [ 1, 1, 1, 0, 1, 0, 1, 0, 0, 0, 1, 0, 1, 0, 1 ], 
              [ 1, 1, 1, 0, 0, 1, 0, 0, 0, 0, 1, 1, 0, 1, 1 ], [ 1, 1, 1, 0, 0, 1, 1, 0, 0, 0, 1, 1, 0, 0, 1 ], 
              [ 1, 1, 1, 0, 0, 0, 1, 0, 0, 0, 1, 1, 1, 0, 1 ], [ 1, 1, 0, 1, 0, 0, 0, 0, 0, 1, 0, 1, 1, 1, 1 ], 
              [ 1, 1, 0, 1, 1, 0, 0, 0, 0, 1, 0, 0, 1, 1, 1 ], [ 1, 1, 0, 1, 1, 1, 0, 0, 0, 1, 0, 0, 0, 1, 1 ], 
              [ 1, 1, 0, 1, 1, 1, 1, 0, 0, 1, 0, 0, 0, 0, 1 ], [ 1, 1, 0, 1, 1, 0, 1, 0, 0, 1, 0, 0, 1, 0, 1 ], 
              [ 1, 1, 0, 1, 0, 1, 0, 0, 0, 1, 0, 1, 0, 1, 1 ], [ 1, 1, 0, 1, 0, 1, 1, 0, 0, 1, 0, 1, 0, 0, 1 ], 
              [ 1, 1, 0, 1, 0, 0, 1, 0, 0, 1, 0, 1, 1, 0, 1 ], [ 1, 1, 0, 0, 1, 0, 0, 0, 0, 1, 1, 0, 1, 1, 1 ], 
              [ 1, 1, 0, 0, 1, 1, 0, 0, 0, 1, 1, 0, 0, 1, 1 ], [ 1, 1, 0, 0, 1, 1, 1, 0, 0, 1, 1, 0, 0, 0, 1 ], 
              [ 1, 1, 0, 0, 1, 0, 1, 0, 0, 1, 1, 0, 1, 0, 1 ], [ 1, 1, 0, 0, 0, 1, 0, 0, 0, 1, 1, 1, 0, 1, 1 ], 
              [ 1, 1, 0, 0, 0, 1, 1, 0, 0, 1, 1, 1, 0, 0, 1 ], [ 1, 1, 0, 0, 0, 0, 1, 0, 0, 1, 1, 1, 1, 0, 1 ], 
              [ 1, 0, 1, 0, 0, 0, 0, 0, 1, 0, 1, 1, 1, 1, 1 ], [ 1, 0, 1, 1, 0, 0, 0, 0, 1, 0, 0, 1, 1, 1, 1 ], 
              [ 1, 0, 1, 1, 1, 0, 0, 0, 1, 0, 0, 0, 1, 1, 1 ], [ 1, 0, 1, 1, 1, 1, 0, 0, 1, 0, 0, 0, 0, 1, 1 ], 
              [ 1, 0, 1, 1, 1, 1, 1, 0, 1, 0, 0, 0, 0, 0, 1 ], [ 1, 0, 1, 1, 1, 0, 1, 0, 1, 0, 0, 0, 1, 0, 1 ], 
              [ 1, 0, 1, 1, 0, 1, 0, 0, 1, 0, 0, 1, 0, 1, 1 ], [ 1, 0, 1, 1, 0, 1, 1, 0, 1, 0, 0, 1, 0, 0, 1 ], 
              [ 1, 0, 1, 1, 0, 0, 1, 0, 1, 0, 0, 1, 1, 0, 1 ], [ 1, 0, 1, 0, 1, 0, 0, 0, 1, 0, 1, 0, 1, 1, 1 ], 
              [ 1, 0, 1, 0, 1, 1, 0, 0, 1, 0, 1, 0, 0, 1, 1 ], [ 1, 0, 1, 0, 1, 1, 1, 0, 1, 0, 1, 0, 0, 0, 1 ], 
              [ 1, 0, 1, 0, 1, 0, 1, 0, 1, 0, 1, 0, 1, 0, 1 ], [ 1, 0, 1, 0, 0, 1, 0, 0, 1, 0, 1, 1, 0, 1, 1 ], 
              [ 1, 0, 1, 0, 0, 1, 1, 0, 1, 0, 1, 1, 0, 0, 1 ], [ 1, 0, 1, 0, 0, 0, 1, 0, 1, 0, 1, 1, 1, 0, 1 ], 
              [ 1, 0, 0, 1, 0, 0, 0, 0, 1, 1, 0, 1, 1, 1, 1 ], [ 1, 0, 0, 1, 1, 0, 0, 0, 1, 1, 0, 0, 1, 1, 1 ], 
              [ 1, 0, 0, 1, 1, 1, 0, 0, 1, 1, 0, 0, 0, 1, 1 ], [ 1, 0, 0, 1, 1, 1, 1, 0, 1, 1, 0, 0, 0, 0, 1 ], 
              [ 1, 0, 0, 1, 1, 0, 1, 0, 1, 1, 0, 0, 1, 0, 1 ], [ 1, 0, 0, 1, 0, 1, 0, 0, 1, 1, 0, 1, 0, 1, 1 ], 
              [ 1, 0, 0, 1, 0, 1, 1, 0, 1, 1, 0, 1, 0, 0, 1 ], [ 1, 0, 0, 1, 0, 0, 1, 0, 1, 1, 0, 1, 1, 0, 1 ], 
              [ 1, 0, 0, 0, 1, 0, 0, 0, 1, 1, 1, 0, 1, 1, 1 ], [ 1, 0, 0, 0, 1, 1, 0, 0, 1, 1, 1, 0, 0, 1, 1 ], 
              [ 1, 0, 0, 0, 1, 1, 1, 0, 1, 1, 1, 0, 0, 0, 1 ], [ 1, 0, 0, 0, 1, 0, 1, 0, 1, 1, 1, 0, 1, 0, 1 ], 
              [ 1, 0, 0, 0, 0, 1, 0, 0, 1, 1, 1, 1, 0, 1, 1 ], [ 1, 0, 0, 0, 0, 1, 1, 0, 1, 1, 1, 1, 0, 0, 1 ], 
              [ 1, 0, 0, 0, 0, 0, 1, 0, 1, 1, 1, 1, 1, 0, 1 ], [ 1, 1, 0, 0, 0, 0, 0, 0, 1, 0, 0, 0, 0, 0, 0 ], 
              [ 1, 1, 1, 0, 0, 0, 0, 0, 1, 1, 0, 0, 0, 0, 0 ], [ 1, 1, 1, 1, 0, 0, 0, 0, 1, 1, 1, 0, 0, 0, 0 ], 
              [ 1, 1, 1, 1, 1, 0, 0, 0, 1, 1, 1, 1, 0, 0, 0 ], [ 1, 1, 1, 1, 1, 1, 0, 0, 1, 1, 1, 1, 1, 0, 0 ], 
              [ 1, 1, 1, 1, 1, 1, 1, 0, 1, 1, 1, 1, 1, 1, 0 ], [ 1, 1, 1, 1, 1, 0, 1, 0, 1, 1, 1, 1, 0, 1, 0 ], 
              [ 1, 1, 1, 1, 0, 1, 0, 0, 1, 1, 1, 0, 1, 0, 0 ], [ 1, 1, 1, 1, 0, 1, 1, 0, 1, 1, 1, 0, 1, 1, 0 ], 
              [ 1, 1, 1, 1, 0, 0, 1, 0, 1, 1, 1, 0, 0, 1, 0 ], [ 1, 1, 1, 0, 1, 0, 0, 0, 1, 1, 0, 1, 0, 0, 0 ], 
              [ 1, 1, 1, 0, 1, 1, 0, 0, 1, 1, 0, 1, 1, 0, 0 ], [ 1, 1, 1, 0, 1, 1, 1, 0, 1, 1, 0, 1, 1, 1, 0 ], 
              [ 1, 1, 1, 0, 1, 0, 1, 0, 1, 1, 0, 1, 0, 1, 0 ], [ 1, 1, 1, 0, 0, 1, 0, 0, 1, 1, 0, 0, 1, 0, 0 ], 
              [ 1, 1, 1, 0, 0, 1, 1, 0, 1, 1, 0, 0, 1, 1, 0 ], [ 1, 1, 1, 0, 0, 0, 1, 0, 1, 1, 0, 0, 0, 1, 0 ], 
              [ 1, 1, 0, 1, 0, 0, 0, 0, 1, 0, 1, 0, 0, 0, 0 ], [ 1, 1, 0, 1, 1, 0, 0, 0, 1, 0, 1, 1, 0, 0, 0 ], 
              [ 1, 1, 0, 1, 1, 1, 0, 0, 1, 0, 1, 1, 1, 0, 0 ], [ 1, 1, 0, 1, 1, 1, 1, 0, 1, 0, 1, 1, 1, 1, 0 ], 
              [ 1, 1, 0, 1, 1, 0, 1, 0, 1, 0, 1, 1, 0, 1, 0 ], [ 1, 1, 0, 1, 0, 1, 0, 0, 1, 0, 1, 0, 1, 0, 0 ], 
              [ 1, 1, 0, 1, 0, 1, 1, 0, 1, 0, 1, 0, 1, 1, 0 ], [ 1, 1, 0, 1, 0, 0, 1, 0, 1, 0, 1, 0, 0, 1, 0 ], 
              [ 1, 1, 0, 0, 1, 0, 0, 0, 1, 0, 0, 1, 0, 0, 0 ], [ 1, 1, 0, 0, 1, 1, 0, 0, 1, 0, 0, 1, 1, 0, 0 ], 
              [ 1, 1, 0, 0, 1, 1, 1, 0, 1, 0, 0, 1, 1, 1, 0 ], [ 1, 1, 0, 0, 1, 0, 1, 0, 1, 0, 0, 1, 0, 1, 0 ], 
              [ 1, 1, 0, 0, 0, 1, 0, 0, 1, 0, 0, 0, 1, 0, 0 ], [ 1, 1, 0, 0, 0, 1, 1, 0, 1, 0, 0, 0, 1, 1, 0 ], 
              [ 1, 1, 0, 0, 0, 0, 1, 0, 1, 0, 0, 0, 0, 1, 0 ], [ 1, 0, 1, 0, 0, 0, 0, 0, 0, 1, 0, 0, 0, 0, 0 ], 
              [ 1, 0, 1, 1, 0, 0, 0, 0, 0, 1, 1, 0, 0, 0, 0 ], [ 1, 0, 1, 1, 1, 0, 0, 0, 0, 1, 1, 1, 0, 0, 0 ], 
              [ 1, 0, 1, 1, 1, 1, 0, 0, 0, 1, 1, 1, 1, 0, 0 ], [ 1, 0, 1, 1, 1, 1, 1, 0, 0, 1, 1, 1, 1, 1, 0 ], 
              [ 1, 0, 1, 1, 1, 0, 1, 0, 0, 1, 1, 1, 0, 1, 0 ], [ 1, 0, 1, 1, 0, 1, 0, 0, 0, 1, 1, 0, 1, 0, 0 ], 
              [ 1, 0, 1, 1, 0, 1, 1, 0, 0, 1, 1, 0, 1, 1, 0 ], [ 1, 0, 1, 1, 0, 0, 1, 0, 0, 1, 1, 0, 0, 1, 0 ], 
              [ 1, 0, 1, 0, 1, 0, 0, 0, 0, 1, 0, 1, 0, 0, 0 ], [ 1, 0, 1, 0, 1, 1, 0, 0, 0, 1, 0, 1, 1, 0, 0 ], 
              [ 1, 0, 1, 0, 1, 1, 1, 0, 0, 1, 0, 1, 1, 1, 0 ], [ 1, 0, 1, 0, 1, 0, 1, 0, 0, 1, 0, 1, 0, 1, 0 ], 
              [ 1, 0, 1, 0, 0, 1, 0, 0, 0, 1, 0, 0, 1, 0, 0 ], [ 1, 0, 1, 0, 0, 1, 1, 0, 0, 1, 0, 0, 1, 1, 0 ], 
              [ 1, 0, 1, 0, 0, 0, 1, 0, 0, 1, 0, 0, 0, 1, 0 ], [ 1, 0, 0, 1, 0, 0, 0, 0, 0, 0, 1, 0, 0, 0, 0 ], 
              [ 1, 0, 0, 1, 1, 0, 0, 0, 0, 0, 1, 1, 0, 0, 0 ], [ 1, 0, 0, 1, 1, 1, 0, 0, 0, 0, 1, 1, 1, 0, 0 ], 
              [ 1, 0, 0, 1, 1, 1, 1, 0, 0, 0, 1, 1, 1, 1, 0 ], [ 1, 0, 0, 1, 1, 0, 1, 0, 0, 0, 1, 1, 0, 1, 0 ], 
              [ 1, 0, 0, 1, 0, 1, 0, 0, 0, 0, 1, 0, 1, 0, 0 ], [ 1, 0, 0, 1, 0, 1, 1, 0, 0, 0, 1, 0, 1, 1, 0 ], 
              [ 1, 0, 0, 1, 0, 0, 1, 0, 0, 0, 1, 0, 0, 1, 0 ], [ 1, 0, 0, 0, 1, 0, 0, 0, 0, 0, 0, 1, 0, 0, 0 ], 
              [ 1, 0, 0, 0, 1, 1, 0, 0, 0, 0, 0, 1, 1, 0, 0 ], [ 1, 0, 0, 0, 1, 1, 1, 0, 0, 0, 0, 1, 1, 1, 0 ], 
              [ 1, 0, 0, 0, 1, 0, 1, 0, 0, 0, 0, 1, 0, 1, 0 ], [ 1, 0, 0, 0, 0, 1, 0, 0, 0, 0, 0, 0, 1, 0, 0 ], 
              [ 1, 0, 0, 0, 0, 1, 1, 0, 0, 0, 0, 0, 1, 1, 0 ], [ 1, 0, 0, 0, 0, 0, 1, 0, 0, 0, 0, 0, 0, 1, 0 ] ],
          GRP := Group( [ (  1,  2)(  3,130)(  4,131)(  5,132)(  6,133)(  7,134)(  8,135)(  9,136)( 10,137)( 11,138)( 12,139)
                ( 13,140)( 14,141)( 15,142)( 16,143)( 17,144)( 18,145)( 19,146)( 20,147)( 21,148)( 22,149)( 23,150)( 24,151)
                ( 25,152)( 26,153)( 27,154)( 28,155)( 29,156)( 30,157)( 31,158)( 32,159)( 33,160)( 34,161)( 35,162)( 36,163)
                ( 37,164)( 38,165)( 39,166)( 40,167)( 41,168)( 42,169)( 43,170)( 44,171)( 45,172)( 46,173)( 47,174)( 48,175)
                ( 49,176)( 50,177)( 51,178)( 52,179)( 53,180)( 54,181)( 55,182)( 56,183)( 57,184)( 58,185)( 59,186)( 60,187)
                ( 61,188)( 62,189)( 63,190)( 64,191)( 65,192)( 66,193)( 67,194)( 68,195)( 69,196)( 70,197)( 71,198)( 72,199)
                ( 73,200)( 74,201)( 75,202)( 76,203)( 77,204)( 78,205)( 79,206)( 80,207)( 81,208)( 82,209)( 83,210)( 84,211)
                ( 85,212)( 86,213)( 87,214)( 88,215)( 89,216)( 90,217)( 91,218)( 92,219)( 93,220)( 94,221)( 95,222)( 96,223)
                ( 97,224)( 98,225)( 99,226)(100,227)(101,228)(102,229)(103,230)(104,231)(105,232)(106,233)(107,234)(108,235)
                (109,236)(110,237)(111,238)(112,239)(113,240)(114,241)(115,242)(116,243)(117,244)(118,245)(119,246)(120,247)
                (121,248)(122,249)(123,250)(124,251)(125,252)(126,253)(127,254)(128,255)(129,256), 
              (  1,194)(  2, 67)(  3,  4)(  5, 36)(  6, 37)(  7, 38)(  8, 39)(  9, 40)( 10, 41)( 11, 42)( 12, 43)( 13, 44)
                ( 14, 45)( 15, 46)( 16, 47)( 17, 48)( 18, 49)( 19, 50)( 20, 51)( 21, 52)( 22, 53)( 23, 54)( 24, 55)( 25, 56)
                ( 26, 57)( 27, 58)( 28, 59)( 29, 60)( 30, 61)( 31, 62)( 32, 63)( 33, 64)( 34, 65)( 35, 66)( 68, 99)( 69,100)
                ( 70,101)( 71,102)( 72,103)( 73,104)( 74,105)( 75,106)( 76,107)( 77,108)( 78,109)( 79,110)( 80,111)( 81,112)
                ( 82,113)( 83,114)( 84,115)( 85,116)( 86,117)( 87,118)( 88,119)( 89,120)( 90,121)( 91,122)( 92,123)( 93,124)
                ( 94,125)( 95,126)( 96,127)( 97,128)( 98,129)(130,131)(132,163)(133,164)(134,165)(135,166)(136,167)(137,168)
                (138,169)(139,170)(140,171)(141,172)(142,173)(143,174)(144,175)(145,176)(146,177)(147,178)(148,179)(149,180)
                (150,181)(151,182)(152,183)(153,184)(154,185)(155,186)(156,187)(157,188)(158,189)(159,190)(160,191)(161,192)
                (162,193)(195,226)(196,227)(197,228)(198,229)(199,230)(200,231)(201,232)(202,233)(203,234)(204,235)(205,236)
                (206,237)(207,238)(208,239)(209,240)(210,241)(211,242)(212,243)(213,244)(214,245)(215,246)(216,247)(217,248)
                (218,249)(219,250)(220,251)(221,252)(222,253)(223,254)(224,255)(225,256), (  2,130)( 67,131)( 68,132)( 69,133)
                ( 70,134)( 71,135)( 72,136)( 73,137)( 74,138)( 75,139)( 76,140)( 77,141)( 78,142)( 79,143)( 80,144)( 81,145)
                ( 82,146)( 83,147)( 84,148)( 85,149)( 86,150)( 87,151)( 88,152)( 89,153)( 90,154)( 91,155)( 92,156)( 93,157)
                ( 94,158)( 95,159)( 96,160)( 97,161)( 98,162)( 99,163)(100,164)(101,165)(102,166)(103,167)(104,168)(105,169)
                (106,170)(107,171)(108,172)(109,173)(110,174)(111,175)(112,176)(113,177)(114,178)(115,179)(116,180)(117,181)
                (118,182)(119,183)(120,184)(121,185)(122,186)(123,187)(124,188)(125,189)(126,190)(127,191)(128,192)(129,193), 
              (  9,256)( 10,255)( 12,253)( 13,252)( 16,249)( 17,248)( 19,246)( 20,245)( 24,241)( 25,240)( 27,238)( 28,237)
                ( 31,234)( 32,233)( 34,231)( 35,230)( 40,225)( 41,224)( 43,222)( 44,221)( 47,218)( 48,217)( 50,215)( 51,214)
                ( 55,210)( 56,209)( 58,207)( 59,206)( 62,203)( 63,202)( 65,200)( 66,199)( 72,193)( 73,192)( 75,190)( 76,189)
                ( 79,186)( 80,185)( 82,183)( 83,182)( 87,178)( 88,177)( 90,175)( 91,174)( 94,171)( 95,170)( 97,168)( 98,167)
                (103,162)(104,161)(106,159)(107,158)(110,155)(111,154)(113,152)(114,151)(118,147)(119,146)(121,144)(122,143)
                (125,140)(126,139)(128,137)(129,136), (  8, 10)( 11, 13)( 15, 17)( 18, 20)( 23, 25)( 26, 28)( 30, 32)( 33, 35)
                ( 39, 41)( 42, 44)( 46, 48)( 49, 51)( 54, 56)( 57, 59)( 61, 63)( 64, 66)( 71, 73)( 74, 76)( 78, 80)( 81, 83)
                ( 86, 88)( 89, 91)( 93, 95)( 96, 98)(102,104)(105,107)(109,111)(112,114)(117,119)(120,122)(124,126)(127,129)
                (135,137)(138,140)(142,144)(145,147)(150,152)(153,155)(157,159)(160,162)(166,168)(169,171)(173,175)(176,178)
                (181,183)(184,186)(188,190)(191,193)(198,200)(201,203)(205,207)(208,210)(213,215)(216,218)(220,222)(223,225)
                (229,231)(232,234)(236,238)(239,241)(244,246)(247,249)(251,253)(254,256), (  7, 11)( 10, 12)( 14, 18)( 17, 19)
                ( 22, 26)( 25, 27)( 29, 33)( 32, 34)( 38, 42)( 41, 43)( 45, 49)( 48, 50)( 53, 57)( 56, 58)( 60, 64)( 63, 65)
                ( 70, 74)( 73, 75)( 77, 81)( 80, 82)( 85, 89)( 88, 90)( 92, 96)( 95, 97)(101,105)(104,106)(108,112)(111,113)
                (116,120)(119,121)(123,127)(126,128)(134,138)(137,139)(141,145)(144,146)(149,153)(152,154)(156,160)(159,161)
                (165,169)(168,170)(172,176)(175,177)(180,184)(183,185)(187,191)(190,192)(197,201)(200,202)(204,208)(207,209)
                (212,216)(215,217)(219,223)(222,224)(228,232)(231,233)(235,239)(238,240)(243,247)(246,248)(250,254)(253,255), 
              (  6, 14)( 11, 15)( 12, 16)( 13, 17)( 21, 29)( 26, 30)( 27, 31)( 28, 32)( 37, 45)( 42, 46)( 43, 47)( 44, 48)
                ( 52, 60)( 57, 61)( 58, 62)( 59, 63)( 69, 77)( 74, 78)( 75, 79)( 76, 80)( 84, 92)( 89, 93)( 90, 94)( 91, 95)
                (100,108)(105,109)(106,110)(107,111)(115,123)(120,124)(121,125)(122,126)(133,141)(138,142)(139,143)(140,144)
                (148,156)(153,157)(154,158)(155,159)(164,172)(169,173)(170,174)(171,175)(179,187)(184,188)(185,189)(186,190)
                (196,204)(201,205)(202,206)(203,207)(211,219)(216,220)(217,221)(218,222)(227,235)(232,236)(233,237)(234,238)
                (242,250)(247,251)(248,252)(249,253), (  5, 21)( 14, 22)( 15, 23)( 16, 24)( 17, 25)( 18, 26)( 19, 27)( 20, 28)
                ( 36, 52)( 45, 53)( 46, 54)( 47, 55)( 48, 56)( 49, 57)( 50, 58)( 51, 59)( 68, 84)( 77, 85)( 78, 86)( 79, 87)
                ( 80, 88)( 81, 89)( 82, 90)( 83, 91)( 99,115)(108,116)(109,117)(110,118)(111,119)(112,120)(113,121)(114,122)
                (132,148)(141,149)(142,150)(143,151)(144,152)(145,153)(146,154)(147,155)(163,179)(172,180)(173,181)(174,182)
                (175,183)(176,184)(177,185)(178,186)(195,211)(204,212)(205,213)(206,214)(207,215)(208,216)(209,217)(210,218)
                (226,242)(235,243)(236,244)(237,245)(238,246)(239,247)(240,248)(241,249), (  4, 36)( 21, 37)( 22, 38)( 23, 39)
                ( 24, 40)( 25, 41)( 26, 42)( 27, 43)( 28, 44)( 29, 45)( 30, 46)( 31, 47)( 32, 48)( 33, 49)( 34, 50)( 35, 51)
                ( 67, 99)( 84,100)( 85,101)( 86,102)( 87,103)( 88,104)( 89,105)( 90,106)( 91,107)( 92,108)( 93,109)( 94,110)
                ( 95,111)( 96,112)( 97,113)( 98,114)(131,163)(148,164)(149,165)(150,166)(151,167)(152,168)(153,169)(154,170)
                (155,171)(156,172)(157,173)(158,174)(159,175)(160,176)(161,177)(162,178)(194,226)(211,227)(212,228)(213,229)
                (214,230)(215,231)(216,232)(217,233)(218,234)(219,235)(220,236)(221,237)(222,238)(223,239)(224,240)(225,241) ] ) )
       ,
      GRA := rec(
          adjacencies := [ [ 3, 4, 5, 6, 7, 8, 9 ], [ 3, 4, 5, 6, 7, 8, 9 ], [ 1, 2 ], [ 1, 2 ], [ 1, 2 ], [ 1, 2 ], [ 1, 2 ], 
              [ 1, 2 ], [ 1, 2 ] ],
          autGroup := Group( [ (1,2), (8,9), (7,8), (6,7), (5,6), (4,5), (3,4) ] ),
          group := Group( [ () ] ),
          isGraph := true,
          isSimple := true,
          order := 9,
          representatives := [ 1, 2, 3, 4, 5, 6, 7, 8, 9 ],
          schreierVector := [ -1, -2, -3, -4, -5, -6, -7, -8, -9 ] ),
      GRPedge := Group( [ ( 1, 8)( 2, 9)( 3,10)( 4,11)( 5,12)( 6,13)( 7,14), ( 6, 7)(13,14), ( 5, 6)(12,13), ( 4, 5)(11,12), 
          ( 3, 4)(10,11), ( 2, 3)( 9,10), ( 1, 2)( 8, 9) ] ),
      GRPvert := Group( [ (1,2), (8,9), (7,8), (6,7), (5,6), (4,5), (3,4) ] ),
      ListEdges := [ [ 1, 3 ], [ 1, 4 ], [ 1, 5 ], [ 1, 6 ], [ 1, 7 ], [ 1, 8 ], [ 1, 9 ], [ 2, 3 ], [ 2, 4 ], [ 2, 5 ], 
          [ 2, 6 ], [ 2, 7 ], [ 2, 8 ], [ 2, 9 ] ],
      ListSet := [ [  ], [ 1 ], [ 1, 2 ], [ 1, 2, 3 ], [ 1, 2, 3, 4 ], [ 1, 2, 3, 4, 5 ], [ 1, 2, 3, 4, 5, 6 ], 
          [ 1, 2, 3, 4, 5, 6, 7 ], [ 1, 2, 3, 4, 5, 6, 7, 8 ], [ 1, 2, 3, 4, 5, 6, 8 ], [ 1, 2, 3, 4, 5, 7 ], 
          [ 1, 2, 3, 4, 5, 7, 8 ], [ 1, 2, 3, 4, 5, 8 ], [ 1, 2, 3, 4, 6 ], [ 1, 2, 3, 4, 6, 7 ], [ 1, 2, 3, 4, 6, 7, 8 ], 
          [ 1, 2, 3, 4, 6, 8 ], [ 1, 2, 3, 4, 7 ], [ 1, 2, 3, 4, 7, 8 ], [ 1, 2, 3, 4, 8 ], [ 1, 2, 3, 5 ], [ 1, 2, 3, 5, 6 ], 
          [ 1, 2, 3, 5, 6, 7 ], [ 1, 2, 3, 5, 6, 7, 8 ], [ 1, 2, 3, 5, 6, 8 ], [ 1, 2, 3, 5, 7 ], [ 1, 2, 3, 5, 7, 8 ], 
          [ 1, 2, 3, 5, 8 ], [ 1, 2, 3, 6 ], [ 1, 2, 3, 6, 7 ], [ 1, 2, 3, 6, 7, 8 ], [ 1, 2, 3, 6, 8 ], [ 1, 2, 3, 7 ], 
          [ 1, 2, 3, 7, 8 ], [ 1, 2, 3, 8 ], [ 1, 2, 4 ], [ 1, 2, 4, 5 ], [ 1, 2, 4, 5, 6 ], [ 1, 2, 4, 5, 6, 7 ], 
          [ 1, 2, 4, 5, 6, 7, 8 ], [ 1, 2, 4, 5, 6, 8 ], [ 1, 2, 4, 5, 7 ], [ 1, 2, 4, 5, 7, 8 ], [ 1, 2, 4, 5, 8 ], 
          [ 1, 2, 4, 6 ], [ 1, 2, 4, 6, 7 ], [ 1, 2, 4, 6, 7, 8 ], [ 1, 2, 4, 6, 8 ], [ 1, 2, 4, 7 ], [ 1, 2, 4, 7, 8 ], 
          [ 1, 2, 4, 8 ], [ 1, 2, 5 ], [ 1, 2, 5, 6 ], [ 1, 2, 5, 6, 7 ], [ 1, 2, 5, 6, 7, 8 ], [ 1, 2, 5, 6, 8 ], 
          [ 1, 2, 5, 7 ], [ 1, 2, 5, 7, 8 ], [ 1, 2, 5, 8 ], [ 1, 2, 6 ], [ 1, 2, 6, 7 ], [ 1, 2, 6, 7, 8 ], [ 1, 2, 6, 8 ], 
          [ 1, 2, 7 ], [ 1, 2, 7, 8 ], [ 1, 2, 8 ], [ 1, 3 ], [ 1, 3, 4 ], [ 1, 3, 4, 5 ], [ 1, 3, 4, 5, 6 ], 
          [ 1, 3, 4, 5, 6, 7 ], [ 1, 3, 4, 5, 6, 7, 8 ], [ 1, 3, 4, 5, 6, 8 ], [ 1, 3, 4, 5, 7 ], [ 1, 3, 4, 5, 7, 8 ], 
          [ 1, 3, 4, 5, 8 ], [ 1, 3, 4, 6 ], [ 1, 3, 4, 6, 7 ], [ 1, 3, 4, 6, 7, 8 ], [ 1, 3, 4, 6, 8 ], [ 1, 3, 4, 7 ], 
          [ 1, 3, 4, 7, 8 ], [ 1, 3, 4, 8 ], [ 1, 3, 5 ], [ 1, 3, 5, 6 ], [ 1, 3, 5, 6, 7 ], [ 1, 3, 5, 6, 7, 8 ], 
          [ 1, 3, 5, 6, 8 ], [ 1, 3, 5, 7 ], [ 1, 3, 5, 7, 8 ], [ 1, 3, 5, 8 ], [ 1, 3, 6 ], [ 1, 3, 6, 7 ], [ 1, 3, 6, 7, 8 ], 
          [ 1, 3, 6, 8 ], [ 1, 3, 7 ], [ 1, 3, 7, 8 ], [ 1, 3, 8 ], [ 1, 4 ], [ 1, 4, 5 ], [ 1, 4, 5, 6 ], [ 1, 4, 5, 6, 7 ], 
          [ 1, 4, 5, 6, 7, 8 ], [ 1, 4, 5, 6, 8 ], [ 1, 4, 5, 7 ], [ 1, 4, 5, 7, 8 ], [ 1, 4, 5, 8 ], [ 1, 4, 6 ], 
          [ 1, 4, 6, 7 ], [ 1, 4, 6, 7, 8 ], [ 1, 4, 6, 8 ], [ 1, 4, 7 ], [ 1, 4, 7, 8 ], [ 1, 4, 8 ], [ 1, 5 ], 
          [ 1, 5, 6 ], [ 1, 5, 6, 7 ], [ 1, 5, 6, 7, 8 ], [ 1, 5, 6, 8 ], [ 1, 5, 7 ], [ 1, 5, 7, 8 ], [ 1, 5, 8 ], [ 1, 6 ], 
          [ 1, 6, 7 ], [ 1, 6, 7, 8 ], [ 1, 6, 8 ], [ 1, 7 ], [ 1, 7, 8 ], [ 1, 8 ], [ 2 ], [ 2, 3 ], [ 2, 3, 4 ], 
          [ 2, 3, 4, 5 ], [ 2, 3, 4, 5, 6 ], [ 2, 3, 4, 5, 6, 7 ], [ 2, 3, 4, 5, 6, 7, 8 ], [ 2, 3, 4, 5, 6, 8 ], 
          [ 2, 3, 4, 5, 7 ], [ 2, 3, 4, 5, 7, 8 ], [ 2, 3, 4, 5, 8 ], [ 2, 3, 4, 6 ], [ 2, 3, 4, 6, 7 ], [ 2, 3, 4, 6, 7, 8 ], 
          [ 2, 3, 4, 6, 8 ], [ 2, 3, 4, 7 ], [ 2, 3, 4, 7, 8 ], [ 2, 3, 4, 8 ], [ 2, 3, 5 ], [ 2, 3, 5, 6 ], [ 2, 3, 5, 6, 7 ], 
          [ 2, 3, 5, 6, 7, 8 ], [ 2, 3, 5, 6, 8 ], [ 2, 3, 5, 7 ], [ 2, 3, 5, 7, 8 ], [ 2, 3, 5, 8 ], [ 2, 3, 6 ], 
          [ 2, 3, 6, 7 ], [ 2, 3, 6, 7, 8 ], [ 2, 3, 6, 8 ], [ 2, 3, 7 ], [ 2, 3, 7, 8 ], [ 2, 3, 8 ], [ 2, 4 ], 
          [ 2, 4, 5 ], [ 2, 4, 5, 6 ], [ 2, 4, 5, 6, 7 ], [ 2, 4, 5, 6, 7, 8 ], [ 2, 4, 5, 6, 8 ], [ 2, 4, 5, 7 ], 
          [ 2, 4, 5, 7, 8 ], [ 2, 4, 5, 8 ], [ 2, 4, 6 ], [ 2, 4, 6, 7 ], [ 2, 4, 6, 7, 8 ], [ 2, 4, 6, 8 ], [ 2, 4, 7 ], 
          [ 2, 4, 7, 8 ], [ 2, 4, 8 ], [ 2, 5 ], [ 2, 5, 6 ], [ 2, 5, 6, 7 ], [ 2, 5, 6, 7, 8 ], [ 2, 5, 6, 8 ], [ 2, 5, 7 ], 
          [ 2, 5, 7, 8 ], [ 2, 5, 8 ], [ 2, 6 ], [ 2, 6, 7 ], [ 2, 6, 7, 8 ], [ 2, 6, 8 ], [ 2, 7 ], [ 2, 7, 8 ], [ 2, 8 ], 
          [ 3 ], [ 3, 4 ], [ 3, 4, 5 ], [ 3, 4, 5, 6 ], [ 3, 4, 5, 6, 7 ], [ 3, 4, 5, 6, 7, 8 ], [ 3, 4, 5, 6, 8 ], 
          [ 3, 4, 5, 7 ], [ 3, 4, 5, 7, 8 ], [ 3, 4, 5, 8 ], [ 3, 4, 6 ], [ 3, 4, 6, 7 ], [ 3, 4, 6, 7, 8 ], 
          [ 3, 4, 6, 8 ], [ 3, 4, 7 ], [ 3, 4, 7, 8 ], [ 3, 4, 8 ], [ 3, 5 ], [ 3, 5, 6 ], [ 3, 5, 6, 7 ], [ 3, 5, 6, 7, 8 ], 
          [ 3, 5, 6, 8 ], [ 3, 5, 7 ], [ 3, 5, 7, 8 ], [ 3, 5, 8 ], [ 3, 6 ], [ 3, 6, 7 ], [ 3, 6, 7, 8 ], [ 3, 6, 8 ], 
          [ 3, 7 ], [ 3, 7, 8 ], [ 3, 8 ], [ 4 ], [ 4, 5 ], [ 4, 5, 6 ], [ 4, 5, 6, 7 ], [ 4, 5, 6, 7, 8 ], [ 4, 5, 6, 8 ], 
          [ 4, 5, 7 ], [ 4, 5, 7, 8 ], [ 4, 5, 8 ], [ 4, 6 ], [ 4, 6, 7 ], [ 4, 6, 7, 8 ], [ 4, 6, 8 ], [ 4, 7 ], [ 4, 7, 8 ], 
          [ 4, 8 ], [ 5 ], [ 5, 6 ], [ 5, 6, 7 ], [ 5, 6, 7, 8 ], [ 5, 6, 8 ], [ 5, 7 ], [ 5, 7, 8 ], [ 5, 8 ], [ 6 ], [ 6, 7 ], 
          [ 6, 7, 8 ], [ 6, 8 ], [ 7 ], [ 7, 8 ], [ 8 ] ],
      ListVect := [ [ 1, 0, 0, 0, 0, 0, 0, 0, 0, 0, 0, 0, 0, 0, 0 ], [ 1, 1, 1, 1, 1, 1, 1, 1, 0, 0, 0, 0, 0, 0, 0 ], 
          [ 1, 1, 1, 1, 1, 1, 1, 1, 1, 1, 1, 1, 1, 1, 1 ], [ 1, 0, 1, 1, 1, 1, 1, 1, 0, 1, 1, 1, 1, 1, 1 ], 
          [ 1, 0, 0, 1, 1, 1, 1, 1, 0, 0, 1, 1, 1, 1, 1 ], [ 1, 0, 0, 0, 1, 1, 1, 1, 0, 0, 0, 1, 1, 1, 1 ], 
          [ 1, 0, 0, 0, 0, 1, 1, 1, 0, 0, 0, 0, 1, 1, 1 ], [ 1, 0, 0, 0, 0, 0, 1, 1, 0, 0, 0, 0, 0, 1, 1 ], 
          [ 1, 0, 0, 0, 0, 0, 0, 1, 0, 0, 0, 0, 0, 0, 1 ], [ 1, 0, 0, 0, 0, 1, 0, 1, 0, 0, 0, 0, 1, 0, 1 ], 
          [ 1, 0, 0, 0, 1, 0, 1, 1, 0, 0, 0, 1, 0, 1, 1 ], [ 1, 0, 0, 0, 1, 0, 0, 1, 0, 0, 0, 1, 0, 0, 1 ], 
          [ 1, 0, 0, 0, 1, 1, 0, 1, 0, 0, 0, 1, 1, 0, 1 ], [ 1, 0, 0, 1, 0, 1, 1, 1, 0, 0, 1, 0, 1, 1, 1 ], 
          [ 1, 0, 0, 1, 0, 0, 1, 1, 0, 0, 1, 0, 0, 1, 1 ], [ 1, 0, 0, 1, 0, 0, 0, 1, 0, 0, 1, 0, 0, 0, 1 ], 
          [ 1, 0, 0, 1, 0, 1, 0, 1, 0, 0, 1, 0, 1, 0, 1 ], [ 1, 0, 0, 1, 1, 0, 1, 1, 0, 0, 1, 1, 0, 1, 1 ], 
          [ 1, 0, 0, 1, 1, 0, 0, 1, 0, 0, 1, 1, 0, 0, 1 ], [ 1, 0, 0, 1, 1, 1, 0, 1, 0, 0, 1, 1, 1, 0, 1 ], 
          [ 1, 0, 1, 0, 1, 1, 1, 1, 0, 1, 0, 1, 1, 1, 1 ], [ 1, 0, 1, 0, 0, 1, 1, 1, 0, 1, 0, 0, 1, 1, 1 ], 
          [ 1, 0, 1, 0, 0, 0, 1, 1, 0, 1, 0, 0, 0, 1, 1 ], [ 1, 0, 1, 0, 0, 0, 0, 1, 0, 1, 0, 0, 0, 0, 1 ], 
          [ 1, 0, 1, 0, 0, 1, 0, 1, 0, 1, 0, 0, 1, 0, 1 ], [ 1, 0, 1, 0, 1, 0, 1, 1, 0, 1, 0, 1, 0, 1, 1 ], 
          [ 1, 0, 1, 0, 1, 0, 0, 1, 0, 1, 0, 1, 0, 0, 1 ], [ 1, 0, 1, 0, 1, 1, 0, 1, 0, 1, 0, 1, 1, 0, 1 ], 
          [ 1, 0, 1, 1, 0, 1, 1, 1, 0, 1, 1, 0, 1, 1, 1 ], [ 1, 0, 1, 1, 0, 0, 1, 1, 0, 1, 1, 0, 0, 1, 1 ], 
          [ 1, 0, 1, 1, 0, 0, 0, 1, 0, 1, 1, 0, 0, 0, 1 ], [ 1, 0, 1, 1, 0, 1, 0, 1, 0, 1, 1, 0, 1, 0, 1 ], 
          [ 1, 0, 1, 1, 1, 0, 1, 1, 0, 1, 1, 1, 0, 1, 1 ], [ 1, 0, 1, 1, 1, 0, 0, 1, 0, 1, 1, 1, 0, 0, 1 ], 
          [ 1, 0, 1, 1, 1, 1, 0, 1, 0, 1, 1, 1, 1, 0, 1 ], [ 1, 1, 0, 1, 1, 1, 1, 1, 1, 0, 1, 1, 1, 1, 1 ], 
          [ 1, 1, 0, 0, 1, 1, 1, 1, 1, 0, 0, 1, 1, 1, 1 ], [ 1, 1, 0, 0, 0, 1, 1, 1, 1, 0, 0, 0, 1, 1, 1 ], 
          [ 1, 1, 0, 0, 0, 0, 1, 1, 1, 0, 0, 0, 0, 1, 1 ], [ 1, 1, 0, 0, 0, 0, 0, 1, 1, 0, 0, 0, 0, 0, 1 ], 
          [ 1, 1, 0, 0, 0, 1, 0, 1, 1, 0, 0, 0, 1, 0, 1 ], [ 1, 1, 0, 0, 1, 0, 1, 1, 1, 0, 0, 1, 0, 1, 1 ], 
          [ 1, 1, 0, 0, 1, 0, 0, 1, 1, 0, 0, 1, 0, 0, 1 ], [ 1, 1, 0, 0, 1, 1, 0, 1, 1, 0, 0, 1, 1, 0, 1 ], 
          [ 1, 1, 0, 1, 0, 1, 1, 1, 1, 0, 1, 0, 1, 1, 1 ], [ 1, 1, 0, 1, 0, 0, 1, 1, 1, 0, 1, 0, 0, 1, 1 ], 
          [ 1, 1, 0, 1, 0, 0, 0, 1, 1, 0, 1, 0, 0, 0, 1 ], [ 1, 1, 0, 1, 0, 1, 0, 1, 1, 0, 1, 0, 1, 0, 1 ], 
          [ 1, 1, 0, 1, 1, 0, 1, 1, 1, 0, 1, 1, 0, 1, 1 ], [ 1, 1, 0, 1, 1, 0, 0, 1, 1, 0, 1, 1, 0, 0, 1 ], 
          [ 1, 1, 0, 1, 1, 1, 0, 1, 1, 0, 1, 1, 1, 0, 1 ], [ 1, 1, 1, 0, 1, 1, 1, 1, 1, 1, 0, 1, 1, 1, 1 ], 
          [ 1, 1, 1, 0, 0, 1, 1, 1, 1, 1, 0, 0, 1, 1, 1 ], [ 1, 1, 1, 0, 0, 0, 1, 1, 1, 1, 0, 0, 0, 1, 1 ], 
          [ 1, 1, 1, 0, 0, 0, 0, 1, 1, 1, 0, 0, 0, 0, 1 ], [ 1, 1, 1, 0, 0, 1, 0, 1, 1, 1, 0, 0, 1, 0, 1 ], 
          [ 1, 1, 1, 0, 1, 0, 1, 1, 1, 1, 0, 1, 0, 1, 1 ], [ 1, 1, 1, 0, 1, 0, 0, 1, 1, 1, 0, 1, 0, 0, 1 ], 
          [ 1, 1, 1, 0, 1, 1, 0, 1, 1, 1, 0, 1, 1, 0, 1 ], [ 1, 1, 1, 1, 0, 1, 1, 1, 1, 1, 1, 0, 1, 1, 1 ], 
          [ 1, 1, 1, 1, 0, 0, 1, 1, 1, 1, 1, 0, 0, 1, 1 ], [ 1, 1, 1, 1, 0, 0, 0, 1, 1, 1, 1, 0, 0, 0, 1 ], 
          [ 1, 1, 1, 1, 0, 1, 0, 1, 1, 1, 1, 0, 1, 0, 1 ], [ 1, 1, 1, 1, 1, 0, 1, 1, 1, 1, 1, 1, 0, 1, 1 ], 
          [ 1, 1, 1, 1, 1, 0, 0, 1, 1, 1, 1, 1, 0, 0, 1 ], [ 1, 1, 1, 1, 1, 1, 0, 1, 1, 1, 1, 1, 1, 0, 1 ], 
          [ 1, 0, 1, 1, 1, 1, 1, 1, 1, 0, 0, 0, 0, 0, 0 ], [ 1, 0, 0, 1, 1, 1, 1, 1, 1, 1, 0, 0, 0, 0, 0 ], 
          [ 1, 0, 0, 0, 1, 1, 1, 1, 1, 1, 1, 0, 0, 0, 0 ], [ 1, 0, 0, 0, 0, 1, 1, 1, 1, 1, 1, 1, 0, 0, 0 ], 
          [ 1, 0, 0, 0, 0, 0, 1, 1, 1, 1, 1, 1, 1, 0, 0 ], [ 1, 0, 0, 0, 0, 0, 0, 1, 1, 1, 1, 1, 1, 1, 0 ], 
          [ 1, 0, 0, 0, 0, 1, 0, 1, 1, 1, 1, 1, 0, 1, 0 ], [ 1, 0, 0, 0, 1, 0, 1, 1, 1, 1, 1, 0, 1, 0, 0 ], 
          [ 1, 0, 0, 0, 1, 0, 0, 1, 1, 1, 1, 0, 1, 1, 0 ], [ 1, 0, 0, 0, 1, 1, 0, 1, 1, 1, 1, 0, 0, 1, 0 ], 
          [ 1, 0, 0, 1, 0, 1, 1, 1, 1, 1, 0, 1, 0, 0, 0 ], [ 1, 0, 0, 1, 0, 0, 1, 1, 1, 1, 0, 1, 1, 0, 0 ], 
          [ 1, 0, 0, 1, 0, 0, 0, 1, 1, 1, 0, 1, 1, 1, 0 ], [ 1, 0, 0, 1, 0, 1, 0, 1, 1, 1, 0, 1, 0, 1, 0 ], 
          [ 1, 0, 0, 1, 1, 0, 1, 1, 1, 1, 0, 0, 1, 0, 0 ], [ 1, 0, 0, 1, 1, 0, 0, 1, 1, 1, 0, 0, 1, 1, 0 ], 
          [ 1, 0, 0, 1, 1, 1, 0, 1, 1, 1, 0, 0, 0, 1, 0 ], [ 1, 0, 1, 0, 1, 1, 1, 1, 1, 0, 1, 0, 0, 0, 0 ], 
          [ 1, 0, 1, 0, 0, 1, 1, 1, 1, 0, 1, 1, 0, 0, 0 ], [ 1, 0, 1, 0, 0, 0, 1, 1, 1, 0, 1, 1, 1, 0, 0 ], 
          [ 1, 0, 1, 0, 0, 0, 0, 1, 1, 0, 1, 1, 1, 1, 0 ], [ 1, 0, 1, 0, 0, 1, 0, 1, 1, 0, 1, 1, 0, 1, 0 ], 
          [ 1, 0, 1, 0, 1, 0, 1, 1, 1, 0, 1, 0, 1, 0, 0 ], [ 1, 0, 1, 0, 1, 0, 0, 1, 1, 0, 1, 0, 1, 1, 0 ], 
          [ 1, 0, 1, 0, 1, 1, 0, 1, 1, 0, 1, 0, 0, 1, 0 ], [ 1, 0, 1, 1, 0, 1, 1, 1, 1, 0, 0, 1, 0, 0, 0 ], 
          [ 1, 0, 1, 1, 0, 0, 1, 1, 1, 0, 0, 1, 1, 0, 0 ], [ 1, 0, 1, 1, 0, 0, 0, 1, 1, 0, 0, 1, 1, 1, 0 ], 
          [ 1, 0, 1, 1, 0, 1, 0, 1, 1, 0, 0, 1, 0, 1, 0 ], [ 1, 0, 1, 1, 1, 0, 1, 1, 1, 0, 0, 0, 1, 0, 0 ], 
          [ 1, 0, 1, 1, 1, 0, 0, 1, 1, 0, 0, 0, 1, 1, 0 ], [ 1, 0, 1, 1, 1, 1, 0, 1, 1, 0, 0, 0, 0, 1, 0 ], 
          [ 1, 1, 0, 1, 1, 1, 1, 1, 0, 1, 0, 0, 0, 0, 0 ], [ 1, 1, 0, 0, 1, 1, 1, 1, 0, 1, 1, 0, 0, 0, 0 ], 
          [ 1, 1, 0, 0, 0, 1, 1, 1, 0, 1, 1, 1, 0, 0, 0 ], [ 1, 1, 0, 0, 0, 0, 1, 1, 0, 1, 1, 1, 1, 0, 0 ], 
          [ 1, 1, 0, 0, 0, 0, 0, 1, 0, 1, 1, 1, 1, 1, 0 ], [ 1, 1, 0, 0, 0, 1, 0, 1, 0, 1, 1, 1, 0, 1, 0 ], 
          [ 1, 1, 0, 0, 1, 0, 1, 1, 0, 1, 1, 0, 1, 0, 0 ], [ 1, 1, 0, 0, 1, 0, 0, 1, 0, 1, 1, 0, 1, 1, 0 ], 
          [ 1, 1, 0, 0, 1, 1, 0, 1, 0, 1, 1, 0, 0, 1, 0 ], [ 1, 1, 0, 1, 0, 1, 1, 1, 0, 1, 0, 1, 0, 0, 0 ], 
          [ 1, 1, 0, 1, 0, 0, 1, 1, 0, 1, 0, 1, 1, 0, 0 ], [ 1, 1, 0, 1, 0, 0, 0, 1, 0, 1, 0, 1, 1, 1, 0 ], 
          [ 1, 1, 0, 1, 0, 1, 0, 1, 0, 1, 0, 1, 0, 1, 0 ], [ 1, 1, 0, 1, 1, 0, 1, 1, 0, 1, 0, 0, 1, 0, 0 ], 
          [ 1, 1, 0, 1, 1, 0, 0, 1, 0, 1, 0, 0, 1, 1, 0 ], [ 1, 1, 0, 1, 1, 1, 0, 1, 0, 1, 0, 0, 0, 1, 0 ], 
          [ 1, 1, 1, 0, 1, 1, 1, 1, 0, 0, 1, 0, 0, 0, 0 ], [ 1, 1, 1, 0, 0, 1, 1, 1, 0, 0, 1, 1, 0, 0, 0 ], 
          [ 1, 1, 1, 0, 0, 0, 1, 1, 0, 0, 1, 1, 1, 0, 0 ], [ 1, 1, 1, 0, 0, 0, 0, 1, 0, 0, 1, 1, 1, 1, 0 ], 
          [ 1, 1, 1, 0, 0, 1, 0, 1, 0, 0, 1, 1, 0, 1, 0 ], [ 1, 1, 1, 0, 1, 0, 1, 1, 0, 0, 1, 0, 1, 0, 0 ], 
          [ 1, 1, 1, 0, 1, 0, 0, 1, 0, 0, 1, 0, 1, 1, 0 ], [ 1, 1, 1, 0, 1, 1, 0, 1, 0, 0, 1, 0, 0, 1, 0 ], 
          [ 1, 1, 1, 1, 0, 1, 1, 1, 0, 0, 0, 1, 0, 0, 0 ], [ 1, 1, 1, 1, 0, 0, 1, 1, 0, 0, 0, 1, 1, 0, 0 ], 
          [ 1, 1, 1, 1, 0, 0, 0, 1, 0, 0, 0, 1, 1, 1, 0 ], [ 1, 1, 1, 1, 0, 1, 0, 1, 0, 0, 0, 1, 0, 1, 0 ], 
          [ 1, 1, 1, 1, 1, 0, 1, 1, 0, 0, 0, 0, 1, 0, 0 ], [ 1, 1, 1, 1, 1, 0, 0, 1, 0, 0, 0, 0, 1, 1, 0 ], 
          [ 1, 1, 1, 1, 1, 1, 0, 1, 0, 0, 0, 0, 0, 1, 0 ], [ 1, 0, 0, 0, 0, 0, 0, 0, 1, 1, 1, 1, 1, 1, 1 ], 
          [ 1, 1, 0, 0, 0, 0, 0, 0, 0, 1, 1, 1, 1, 1, 1 ], [ 1, 1, 1, 0, 0, 0, 0, 0, 0, 0, 1, 1, 1, 1, 1 ], 
          [ 1, 1, 1, 1, 0, 0, 0, 0, 0, 0, 0, 1, 1, 1, 1 ], [ 1, 1, 1, 1, 1, 0, 0, 0, 0, 0, 0, 0, 1, 1, 1 ], 
          [ 1, 1, 1, 1, 1, 1, 0, 0, 0, 0, 0, 0, 0, 1, 1 ], [ 1, 1, 1, 1, 1, 1, 1, 0, 0, 0, 0, 0, 0, 0, 1 ], 
          [ 1, 1, 1, 1, 1, 0, 1, 0, 0, 0, 0, 0, 1, 0, 1 ], [ 1, 1, 1, 1, 0, 1, 0, 0, 0, 0, 0, 1, 0, 1, 1 ], 
          [ 1, 1, 1, 1, 0, 1, 1, 0, 0, 0, 0, 1, 0, 0, 1 ], [ 1, 1, 1, 1, 0, 0, 1, 0, 0, 0, 0, 1, 1, 0, 1 ], 
          [ 1, 1, 1, 0, 1, 0, 0, 0, 0, 0, 1, 0, 1, 1, 1 ], [ 1, 1, 1, 0, 1, 1, 0, 0, 0, 0, 1, 0, 0, 1, 1 ], 
          [ 1, 1, 1, 0, 1, 1, 1, 0, 0, 0, 1, 0, 0, 0, 1 ], [ 1, 1, 1, 0, 1, 0, 1, 0, 0, 0, 1, 0, 1, 0, 1 ], 
          [ 1, 1, 1, 0, 0, 1, 0, 0, 0, 0, 1, 1, 0, 1, 1 ], [ 1, 1, 1, 0, 0, 1, 1, 0, 0, 0, 1, 1, 0, 0, 1 ], 
          [ 1, 1, 1, 0, 0, 0, 1, 0, 0, 0, 1, 1, 1, 0, 1 ], [ 1, 1, 0, 1, 0, 0, 0, 0, 0, 1, 0, 1, 1, 1, 1 ], 
          [ 1, 1, 0, 1, 1, 0, 0, 0, 0, 1, 0, 0, 1, 1, 1 ], [ 1, 1, 0, 1, 1, 1, 0, 0, 0, 1, 0, 0, 0, 1, 1 ], 
          [ 1, 1, 0, 1, 1, 1, 1, 0, 0, 1, 0, 0, 0, 0, 1 ], [ 1, 1, 0, 1, 1, 0, 1, 0, 0, 1, 0, 0, 1, 0, 1 ], 
          [ 1, 1, 0, 1, 0, 1, 0, 0, 0, 1, 0, 1, 0, 1, 1 ], [ 1, 1, 0, 1, 0, 1, 1, 0, 0, 1, 0, 1, 0, 0, 1 ], 
          [ 1, 1, 0, 1, 0, 0, 1, 0, 0, 1, 0, 1, 1, 0, 1 ], [ 1, 1, 0, 0, 1, 0, 0, 0, 0, 1, 1, 0, 1, 1, 1 ], 
          [ 1, 1, 0, 0, 1, 1, 0, 0, 0, 1, 1, 0, 0, 1, 1 ], [ 1, 1, 0, 0, 1, 1, 1, 0, 0, 1, 1, 0, 0, 0, 1 ], 
          [ 1, 1, 0, 0, 1, 0, 1, 0, 0, 1, 1, 0, 1, 0, 1 ], [ 1, 1, 0, 0, 0, 1, 0, 0, 0, 1, 1, 1, 0, 1, 1 ], 
          [ 1, 1, 0, 0, 0, 1, 1, 0, 0, 1, 1, 1, 0, 0, 1 ], [ 1, 1, 0, 0, 0, 0, 1, 0, 0, 1, 1, 1, 1, 0, 1 ], 
          [ 1, 0, 1, 0, 0, 0, 0, 0, 1, 0, 1, 1, 1, 1, 1 ], [ 1, 0, 1, 1, 0, 0, 0, 0, 1, 0, 0, 1, 1, 1, 1 ], 
          [ 1, 0, 1, 1, 1, 0, 0, 0, 1, 0, 0, 0, 1, 1, 1 ], [ 1, 0, 1, 1, 1, 1, 0, 0, 1, 0, 0, 0, 0, 1, 1 ], 
          [ 1, 0, 1, 1, 1, 1, 1, 0, 1, 0, 0, 0, 0, 0, 1 ], [ 1, 0, 1, 1, 1, 0, 1, 0, 1, 0, 0, 0, 1, 0, 1 ], 
          [ 1, 0, 1, 1, 0, 1, 0, 0, 1, 0, 0, 1, 0, 1, 1 ], [ 1, 0, 1, 1, 0, 1, 1, 0, 1, 0, 0, 1, 0, 0, 1 ], 
          [ 1, 0, 1, 1, 0, 0, 1, 0, 1, 0, 0, 1, 1, 0, 1 ], [ 1, 0, 1, 0, 1, 0, 0, 0, 1, 0, 1, 0, 1, 1, 1 ], 
          [ 1, 0, 1, 0, 1, 1, 0, 0, 1, 0, 1, 0, 0, 1, 1 ], [ 1, 0, 1, 0, 1, 1, 1, 0, 1, 0, 1, 0, 0, 0, 1 ], 
          [ 1, 0, 1, 0, 1, 0, 1, 0, 1, 0, 1, 0, 1, 0, 1 ], [ 1, 0, 1, 0, 0, 1, 0, 0, 1, 0, 1, 1, 0, 1, 1 ], 
          [ 1, 0, 1, 0, 0, 1, 1, 0, 1, 0, 1, 1, 0, 0, 1 ], [ 1, 0, 1, 0, 0, 0, 1, 0, 1, 0, 1, 1, 1, 0, 1 ], 
          [ 1, 0, 0, 1, 0, 0, 0, 0, 1, 1, 0, 1, 1, 1, 1 ], [ 1, 0, 0, 1, 1, 0, 0, 0, 1, 1, 0, 0, 1, 1, 1 ], 
          [ 1, 0, 0, 1, 1, 1, 0, 0, 1, 1, 0, 0, 0, 1, 1 ], [ 1, 0, 0, 1, 1, 1, 1, 0, 1, 1, 0, 0, 0, 0, 1 ], 
          [ 1, 0, 0, 1, 1, 0, 1, 0, 1, 1, 0, 0, 1, 0, 1 ], [ 1, 0, 0, 1, 0, 1, 0, 0, 1, 1, 0, 1, 0, 1, 1 ], 
          [ 1, 0, 0, 1, 0, 1, 1, 0, 1, 1, 0, 1, 0, 0, 1 ], [ 1, 0, 0, 1, 0, 0, 1, 0, 1, 1, 0, 1, 1, 0, 1 ], 
          [ 1, 0, 0, 0, 1, 0, 0, 0, 1, 1, 1, 0, 1, 1, 1 ], [ 1, 0, 0, 0, 1, 1, 0, 0, 1, 1, 1, 0, 0, 1, 1 ], 
          [ 1, 0, 0, 0, 1, 1, 1, 0, 1, 1, 1, 0, 0, 0, 1 ], [ 1, 0, 0, 0, 1, 0, 1, 0, 1, 1, 1, 0, 1, 0, 1 ], 
          [ 1, 0, 0, 0, 0, 1, 0, 0, 1, 1, 1, 1, 0, 1, 1 ], [ 1, 0, 0, 0, 0, 1, 1, 0, 1, 1, 1, 1, 0, 0, 1 ], 
          [ 1, 0, 0, 0, 0, 0, 1, 0, 1, 1, 1, 1, 1, 0, 1 ], [ 1, 1, 0, 0, 0, 0, 0, 0, 1, 0, 0, 0, 0, 0, 0 ], 
          [ 1, 1, 1, 0, 0, 0, 0, 0, 1, 1, 0, 0, 0, 0, 0 ], [ 1, 1, 1, 1, 0, 0, 0, 0, 1, 1, 1, 0, 0, 0, 0 ], 
          [ 1, 1, 1, 1, 1, 0, 0, 0, 1, 1, 1, 1, 0, 0, 0 ], [ 1, 1, 1, 1, 1, 1, 0, 0, 1, 1, 1, 1, 1, 0, 0 ], 
          [ 1, 1, 1, 1, 1, 1, 1, 0, 1, 1, 1, 1, 1, 1, 0 ], [ 1, 1, 1, 1, 1, 0, 1, 0, 1, 1, 1, 1, 0, 1, 0 ], 
          [ 1, 1, 1, 1, 0, 1, 0, 0, 1, 1, 1, 0, 1, 0, 0 ], [ 1, 1, 1, 1, 0, 1, 1, 0, 1, 1, 1, 0, 1, 1, 0 ], 
          [ 1, 1, 1, 1, 0, 0, 1, 0, 1, 1, 1, 0, 0, 1, 0 ], [ 1, 1, 1, 0, 1, 0, 0, 0, 1, 1, 0, 1, 0, 0, 0 ], 
          [ 1, 1, 1, 0, 1, 1, 0, 0, 1, 1, 0, 1, 1, 0, 0 ], [ 1, 1, 1, 0, 1, 1, 1, 0, 1, 1, 0, 1, 1, 1, 0 ], 
          [ 1, 1, 1, 0, 1, 0, 1, 0, 1, 1, 0, 1, 0, 1, 0 ], [ 1, 1, 1, 0, 0, 1, 0, 0, 1, 1, 0, 0, 1, 0, 0 ], 
          [ 1, 1, 1, 0, 0, 1, 1, 0, 1, 1, 0, 0, 1, 1, 0 ], [ 1, 1, 1, 0, 0, 0, 1, 0, 1, 1, 0, 0, 0, 1, 0 ], 
          [ 1, 1, 0, 1, 0, 0, 0, 0, 1, 0, 1, 0, 0, 0, 0 ], [ 1, 1, 0, 1, 1, 0, 0, 0, 1, 0, 1, 1, 0, 0, 0 ], 
          [ 1, 1, 0, 1, 1, 1, 0, 0, 1, 0, 1, 1, 1, 0, 0 ], [ 1, 1, 0, 1, 1, 1, 1, 0, 1, 0, 1, 1, 1, 1, 0 ], 
          [ 1, 1, 0, 1, 1, 0, 1, 0, 1, 0, 1, 1, 0, 1, 0 ], [ 1, 1, 0, 1, 0, 1, 0, 0, 1, 0, 1, 0, 1, 0, 0 ], 
          [ 1, 1, 0, 1, 0, 1, 1, 0, 1, 0, 1, 0, 1, 1, 0 ], [ 1, 1, 0, 1, 0, 0, 1, 0, 1, 0, 1, 0, 0, 1, 0 ], 
          [ 1, 1, 0, 0, 1, 0, 0, 0, 1, 0, 0, 1, 0, 0, 0 ], [ 1, 1, 0, 0, 1, 1, 0, 0, 1, 0, 0, 1, 1, 0, 0 ], 
          [ 1, 1, 0, 0, 1, 1, 1, 0, 1, 0, 0, 1, 1, 1, 0 ], [ 1, 1, 0, 0, 1, 0, 1, 0, 1, 0, 0, 1, 0, 1, 0 ], 
          [ 1, 1, 0, 0, 0, 1, 0, 0, 1, 0, 0, 0, 1, 0, 0 ], [ 1, 1, 0, 0, 0, 1, 1, 0, 1, 0, 0, 0, 1, 1, 0 ], 
          [ 1, 1, 0, 0, 0, 0, 1, 0, 1, 0, 0, 0, 0, 1, 0 ], [ 1, 0, 1, 0, 0, 0, 0, 0, 0, 1, 0, 0, 0, 0, 0 ], 
          [ 1, 0, 1, 1, 0, 0, 0, 0, 0, 1, 1, 0, 0, 0, 0 ], [ 1, 0, 1, 1, 1, 0, 0, 0, 0, 1, 1, 1, 0, 0, 0 ], 
          [ 1, 0, 1, 1, 1, 1, 0, 0, 0, 1, 1, 1, 1, 0, 0 ], [ 1, 0, 1, 1, 1, 1, 1, 0, 0, 1, 1, 1, 1, 1, 0 ], 
          [ 1, 0, 1, 1, 1, 0, 1, 0, 0, 1, 1, 1, 0, 1, 0 ], [ 1, 0, 1, 1, 0, 1, 0, 0, 0, 1, 1, 0, 1, 0, 0 ], 
          [ 1, 0, 1, 1, 0, 1, 1, 0, 0, 1, 1, 0, 1, 1, 0 ], [ 1, 0, 1, 1, 0, 0, 1, 0, 0, 1, 1, 0, 0, 1, 0 ], 
          [ 1, 0, 1, 0, 1, 0, 0, 0, 0, 1, 0, 1, 0, 0, 0 ], [ 1, 0, 1, 0, 1, 1, 0, 0, 0, 1, 0, 1, 1, 0, 0 ], 
          [ 1, 0, 1, 0, 1, 1, 1, 0, 0, 1, 0, 1, 1, 1, 0 ], [ 1, 0, 1, 0, 1, 0, 1, 0, 0, 1, 0, 1, 0, 1, 0 ], 
          [ 1, 0, 1, 0, 0, 1, 0, 0, 0, 1, 0, 0, 1, 0, 0 ], [ 1, 0, 1, 0, 0, 1, 1, 0, 0, 1, 0, 0, 1, 1, 0 ], 
          [ 1, 0, 1, 0, 0, 0, 1, 0, 0, 1, 0, 0, 0, 1, 0 ], [ 1, 0, 0, 1, 0, 0, 0, 0, 0, 0, 1, 0, 0, 0, 0 ], 
          [ 1, 0, 0, 1, 1, 0, 0, 0, 0, 0, 1, 1, 0, 0, 0 ], [ 1, 0, 0, 1, 1, 1, 0, 0, 0, 0, 1, 1, 1, 0, 0 ], 
          [ 1, 0, 0, 1, 1, 1, 1, 0, 0, 0, 1, 1, 1, 1, 0 ], [ 1, 0, 0, 1, 1, 0, 1, 0, 0, 0, 1, 1, 0, 1, 0 ], 
          [ 1, 0, 0, 1, 0, 1, 0, 0, 0, 0, 1, 0, 1, 0, 0 ], [ 1, 0, 0, 1, 0, 1, 1, 0, 0, 0, 1, 0, 1, 1, 0 ], 
          [ 1, 0, 0, 1, 0, 0, 1, 0, 0, 0, 1, 0, 0, 1, 0 ], [ 1, 0, 0, 0, 1, 0, 0, 0, 0, 0, 0, 1, 0, 0, 0 ], 
          [ 1, 0, 0, 0, 1, 1, 0, 0, 0, 0, 0, 1, 1, 0, 0 ], [ 1, 0, 0, 0, 1, 1, 1, 0, 0, 0, 0, 1, 1, 1, 0 ], 
          [ 1, 0, 0, 0, 1, 0, 1, 0, 0, 0, 0, 1, 0, 1, 0 ], [ 1, 0, 0, 0, 0, 1, 0, 0, 0, 0, 0, 0, 1, 0, 0 ], 
          [ 1, 0, 0, 0, 0, 1, 1, 0, 0, 0, 0, 0, 1, 1, 0 ], [ 1, 0, 0, 0, 0, 0, 1, 0, 0, 0, 0, 0, 0, 1, 0 ] ],
      MET_info := rec(
          EXT := [ [ 0, -1, 1, 0, 0, 0, 0, 0, 1, 1, 0, 0, 0, 0, 0 ], [ 0, 1, -1, 0, 0, 0, 0, 0, 1, 1, 0, 0, 0, 0, 0 ], 
              [ 0, 1, 1, 0, 0, 0, 0, 0, -1, 1, 0, 0, 0, 0, 0 ], [ 0, -1, 0, 1, 0, 0, 0, 0, 1, 0, 1, 0, 0, 0, 0 ], 
              [ 2, -1, -1, 0, 0, 0, 0, 0, -1, 1, 0, 0, 0, 0, 0 ], [ 0, 1, 1, 0, 0, 0, 0, 0, 1, -1, 0, 0, 0, 0, 0 ], 
              [ 0, 1, 0, -1, 0, 0, 0, 0, 1, 0, 1, 0, 0, 0, 0 ], [ 0, 1, 0, 1, 0, 0, 0, 0, -1, 0, 1, 0, 0, 0, 0 ], 
              [ 0, -1, 0, 0, 1, 0, 0, 0, 1, 0, 0, 1, 0, 0, 0 ], [ 0, 0, -1, 1, 0, 0, 0, 0, 0, 1, 1, 0, 0, 0, 0 ], 
              [ 2, -1, 1, 0, 0, 0, 0, 0, -1, -1, 0, 0, 0, 0, 0 ], [ 2, -1, 0, -1, 0, 0, 0, 0, -1, 0, 1, 0, 0, 0, 0 ], 
              [ 2, -1, -1, 0, 0, 0, 0, 0, 1, -1, 0, 0, 0, 0, 0 ], [ 0, 1, 0, 1, 0, 0, 0, 0, 1, 0, -1, 0, 0, 0, 0 ], 
              [ 0, 1, 0, 0, -1, 0, 0, 0, 1, 0, 0, 1, 0, 0, 0 ], [ 0, 0, 1, -1, 0, 0, 0, 0, 0, 1, 1, 0, 0, 0, 0 ], 
              [ 0, 1, 0, 0, 1, 0, 0, 0, -1, 0, 0, 1, 0, 0, 0 ], [ 0, 0, 1, 1, 0, 0, 0, 0, 0, -1, 1, 0, 0, 0, 0 ], 
              [ 0, -1, 0, 0, 0, 1, 0, 0, 1, 0, 0, 0, 1, 0, 0 ], [ 0, 0, -1, 0, 1, 0, 0, 0, 0, 1, 0, 1, 0, 0, 0 ], 
              [ 2, 1, -1, 0, 0, 0, 0, 0, -1, -1, 0, 0, 0, 0, 0 ], [ 2, -1, 0, 1, 0, 0, 0, 0, -1, 0, -1, 0, 0, 0, 0 ], 
              [ 2, -1, 0, 0, -1, 0, 0, 0, -1, 0, 0, 1, 0, 0, 0 ], [ 2, 0, -1, -1, 0, 0, 0, 0, 0, -1, 1, 0, 0, 0, 0 ], 
              [ 2, -1, 0, -1, 0, 0, 0, 0, 1, 0, -1, 0, 0, 0, 0 ], [ 0, 1, 0, 0, 1, 0, 0, 0, 1, 0, 0, -1, 0, 0, 0 ], 
              [ 0, 0, 1, 1, 0, 0, 0, 0, 0, 1, -1, 0, 0, 0, 0 ], [ 0, 1, 0, 0, 0, -1, 0, 0, 1, 0, 0, 0, 1, 0, 0 ], 
              [ 0, 0, 1, 0, -1, 0, 0, 0, 0, 1, 0, 1, 0, 0, 0 ], [ 0, 1, 0, 0, 0, 1, 0, 0, -1, 0, 0, 0, 1, 0, 0 ], 
              [ 0, 0, 1, 0, 1, 0, 0, 0, 0, -1, 0, 1, 0, 0, 0 ], [ 0, -1, 0, 0, 0, 0, 1, 0, 1, 0, 0, 0, 0, 1, 0 ], 
              [ 0, 0, -1, 0, 0, 1, 0, 0, 0, 1, 0, 0, 1, 0, 0 ], [ 0, 0, 0, -1, 1, 0, 0, 0, 0, 0, 1, 1, 0, 0, 0 ], 
              [ 2, 1, 0, -1, 0, 0, 0, 0, -1, 0, -1, 0, 0, 0, 0 ], [ 2, -1, 0, 0, 1, 0, 0, 0, -1, 0, 0, -1, 0, 0, 0 ], 
              [ 2, 0, -1, 1, 0, 0, 0, 0, 0, -1, -1, 0, 0, 0, 0 ], [ 2, -1, 0, 0, 0, -1, 0, 0, -1, 0, 0, 0, 1, 0, 0 ], 
              [ 2, 0, -1, 0, -1, 0, 0, 0, 0, -1, 0, 1, 0, 0, 0 ], [ 2, 0, -1, -1, 0, 0, 0, 0, 0, 1, -1, 0, 0, 0, 0 ], 
              [ 2, -1, 0, 0, -1, 0, 0, 0, 1, 0, 0, -1, 0, 0, 0 ], [ 0, 1, 0, 0, 0, 1, 0, 0, 1, 0, 0, 0, -1, 0, 0 ], 
              [ 0, 0, 1, 0, 1, 0, 0, 0, 0, 1, 0, -1, 0, 0, 0 ], [ 0, 1, 0, 0, 0, 0, -1, 0, 1, 0, 0, 0, 0, 1, 0 ], 
              [ 0, 0, 1, 0, 0, -1, 0, 0, 0, 1, 0, 0, 1, 0, 0 ], [ 0, 0, 0, 1, -1, 0, 0, 0, 0, 0, 1, 1, 0, 0, 0 ], 
              [ 0, 1, 0, 0, 0, 0, 1, 0, -1, 0, 0, 0, 0, 1, 0 ], [ 0, 0, 1, 0, 0, 1, 0, 0, 0, -1, 0, 0, 1, 0, 0 ], 
              [ 0, 0, 0, 1, 1, 0, 0, 0, 0, 0, -1, 1, 0, 0, 0 ], [ 0, -1, 0, 0, 0, 0, 0, 1, 1, 0, 0, 0, 0, 0, 1 ], 
              [ 0, 0, -1, 0, 0, 0, 1, 0, 0, 1, 0, 0, 0, 1, 0 ], [ 0, 0, 0, -1, 0, 1, 0, 0, 0, 0, 1, 0, 1, 0, 0 ], 
              [ 2, 1, 0, 0, -1, 0, 0, 0, -1, 0, 0, -1, 0, 0, 0 ], [ 2, 0, 1, -1, 0, 0, 0, 0, 0, -1, -1, 0, 0, 0, 0 ], 
              [ 2, -1, 0, 0, 0, 1, 0, 0, -1, 0, 0, 0, -1, 0, 0 ], [ 2, 0, -1, 0, 1, 0, 0, 0, 0, -1, 0, -1, 0, 0, 0 ], 
              [ 2, -1, 0, 0, 0, 0, -1, 0, -1, 0, 0, 0, 0, 1, 0 ], [ 2, 0, -1, 0, 0, -1, 0, 0, 0, -1, 0, 0, 1, 0, 0 ], 
              [ 2, 0, 0, -1, -1, 0, 0, 0, 0, 0, -1, 1, 0, 0, 0 ], [ 2, 0, -1, 0, -1, 0, 0, 0, 0, 1, 0, -1, 0, 0, 0 ], 
              [ 2, -1, 0, 0, 0, -1, 0, 0, 1, 0, 0, 0, -1, 0, 0 ], [ 0, 1, 0, 0, 0, 0, 1, 0, 1, 0, 0, 0, 0, -1, 0 ], 
              [ 0, 0, 1, 0, 0, 1, 0, 0, 0, 1, 0, 0, -1, 0, 0 ], [ 0, 0, 0, 1, 1, 0, 0, 0, 0, 0, 1, -1, 0, 0, 0 ], 
              [ 0, 1, 0, 0, 0, 0, 0, -1, 1, 0, 0, 0, 0, 0, 1 ], [ 0, 0, 1, 0, 0, 0, -1, 0, 0, 1, 0, 0, 0, 1, 0 ], 
              [ 0, 0, 0, 1, 0, -1, 0, 0, 0, 0, 1, 0, 1, 0, 0 ], [ 0, 1, 0, 0, 0, 0, 0, 1, -1, 0, 0, 0, 0, 0, 1 ], 
              [ 0, 0, 1, 0, 0, 0, 1, 0, 0, -1, 0, 0, 0, 1, 0 ], [ 0, 0, 0, 1, 0, 1, 0, 0, 0, 0, -1, 0, 1, 0, 0 ], 
              [ 0, 0, -1, 0, 0, 0, 0, 1, 0, 1, 0, 0, 0, 0, 1 ], [ 0, 0, 0, -1, 0, 0, 1, 0, 0, 0, 1, 0, 0, 1, 0 ], 
              [ 0, 0, 0, 0, -1, 1, 0, 0, 0, 0, 0, 1, 1, 0, 0 ], [ 2, 1, 0, 0, 0, -1, 0, 0, -1, 0, 0, 0, -1, 0, 0 ], 
              [ 2, 0, 1, 0, -1, 0, 0, 0, 0, -1, 0, -1, 0, 0, 0 ], [ 2, -1, 0, 0, 0, 0, 1, 0, -1, 0, 0, 0, 0, -1, 0 ], 
              [ 2, 0, -1, 0, 0, 1, 0, 0, 0, -1, 0, 0, -1, 0, 0 ], [ 2, 0, 0, -1, 1, 0, 0, 0, 0, 0, -1, -1, 0, 0, 0 ], 
              [ 2, -1, 0, 0, 0, 0, 0, -1, -1, 0, 0, 0, 0, 0, 1 ], [ 2, 0, -1, 0, 0, 0, -1, 0, 0, -1, 0, 0, 0, 1, 0 ], 
              [ 2, 0, 0, -1, 0, -1, 0, 0, 0, 0, -1, 0, 1, 0, 0 ], [ 2, 0, 0, -1, -1, 0, 0, 0, 0, 0, 1, -1, 0, 0, 0 ], 
              [ 2, 0, -1, 0, 0, -1, 0, 0, 0, 1, 0, 0, -1, 0, 0 ], [ 2, -1, 0, 0, 0, 0, -1, 0, 1, 0, 0, 0, 0, -1, 0 ], 
              [ 0, 1, 0, 0, 0, 0, 0, 1, 1, 0, 0, 0, 0, 0, -1 ], [ 0, 0, 1, 0, 0, 0, 1, 0, 0, 1, 0, 0, 0, -1, 0 ], 
              [ 0, 0, 0, 1, 0, 1, 0, 0, 0, 0, 1, 0, -1, 0, 0 ], [ 0, 0, 1, 0, 0, 0, 0, -1, 0, 1, 0, 0, 0, 0, 1 ], 
              [ 0, 0, 0, 1, 0, 0, -1, 0, 0, 0, 1, 0, 0, 1, 0 ], [ 0, 0, 0, 0, 1, -1, 0, 0, 0, 0, 0, 1, 1, 0, 0 ], 
              [ 0, 0, 1, 0, 0, 0, 0, 1, 0, -1, 0, 0, 0, 0, 1 ], [ 0, 0, 0, 1, 0, 0, 1, 0, 0, 0, -1, 0, 0, 1, 0 ], 
              [ 0, 0, 0, 0, 1, 1, 0, 0, 0, 0, 0, -1, 1, 0, 0 ], [ 0, 0, 0, -1, 0, 0, 0, 1, 0, 0, 1, 0, 0, 0, 1 ], 
              [ 0, 0, 0, 0, -1, 0, 1, 0, 0, 0, 0, 1, 0, 1, 0 ], [ 2, 1, 0, 0, 0, 0, -1, 0, -1, 0, 0, 0, 0, -1, 0 ], 
              [ 2, 0, 1, 0, 0, -1, 0, 0, 0, -1, 0, 0, -1, 0, 0 ], [ 2, 0, 0, 1, -1, 0, 0, 0, 0, 0, -1, -1, 0, 0, 0 ], 
              [ 2, -1, 0, 0, 0, 0, 0, 1, -1, 0, 0, 0, 0, 0, -1 ], [ 2, 0, -1, 0, 0, 0, 1, 0, 0, -1, 0, 0, 0, -1, 0 ], 
              [ 2, 0, 0, -1, 0, 1, 0, 0, 0, 0, -1, 0, -1, 0, 0 ], [ 2, 0, -1, 0, 0, 0, 0, -1, 0, -1, 0, 0, 0, 0, 1 ], 
              [ 2, 0, 0, -1, 0, 0, -1, 0, 0, 0, -1, 0, 0, 1, 0 ], [ 2, 0, 0, 0, -1, -1, 0, 0, 0, 0, 0, -1, 1, 0, 0 ], 
              [ 2, 0, 0, -1, 0, -1, 0, 0, 0, 0, 1, 0, -1, 0, 0 ], [ 2, 0, -1, 0, 0, 0, -1, 0, 0, 1, 0, 0, 0, -1, 0 ], 
              [ 2, -1, 0, 0, 0, 0, 0, -1, 1, 0, 0, 0, 0, 0, -1 ], [ 0, 0, 1, 0, 0, 0, 0, 1, 0, 1, 0, 0, 0, 0, -1 ], 
              [ 0, 0, 0, 1, 0, 0, 1, 0, 0, 0, 1, 0, 0, -1, 0 ], [ 0, 0, 0, 0, 1, 1, 0, 0, 0, 0, 0, 1, -1, 0, 0 ], 
              [ 0, 0, 0, 1, 0, 0, 0, -1, 0, 0, 1, 0, 0, 0, 1 ], [ 0, 0, 0, 0, 1, 0, -1, 0, 0, 0, 0, 1, 0, 1, 0 ], 
              [ 0, 0, 0, 1, 0, 0, 0, 1, 0, 0, -1, 0, 0, 0, 1 ], [ 0, 0, 0, 0, 1, 0, 1, 0, 0, 0, 0, -1, 0, 1, 0 ], 
              [ 0, 0, 0, 0, -1, 0, 0, 1, 0, 0, 0, 1, 0, 0, 1 ], [ 0, 0, 0, 0, 0, -1, 1, 0, 0, 0, 0, 0, 1, 1, 0 ], 
              [ 2, 1, 0, 0, 0, 0, 0, -1, -1, 0, 0, 0, 0, 0, -1 ], [ 2, 0, 1, 0, 0, 0, -1, 0, 0, -1, 0, 0, 0, -1, 0 ], 
              [ 2, 0, 0, 1, 0, -1, 0, 0, 0, 0, -1, 0, -1, 0, 0 ], [ 2, 0, -1, 0, 0, 0, 0, 1, 0, -1, 0, 0, 0, 0, -1 ], 
              [ 2, 0, 0, -1, 0, 0, 1, 0, 0, 0, -1, 0, 0, -1, 0 ], [ 2, 0, 0, 0, -1, 1, 0, 0, 0, 0, 0, -1, -1, 0, 0 ], 
              [ 2, 0, 0, -1, 0, 0, 0, -1, 0, 0, -1, 0, 0, 0, 1 ], [ 2, 0, 0, 0, -1, 0, -1, 0, 0, 0, 0, -1, 0, 1, 0 ], 
              [ 2, 0, 0, 0, -1, -1, 0, 0, 0, 0, 0, 1, -1, 0, 0 ], [ 2, 0, 0, -1, 0, 0, -1, 0, 0, 0, 1, 0, 0, -1, 0 ], 
              [ 2, 0, -1, 0, 0, 0, 0, -1, 0, 1, 0, 0, 0, 0, -1 ], [ 0, 0, 0, 1, 0, 0, 0, 1, 0, 0, 1, 0, 0, 0, -1 ], 
              [ 0, 0, 0, 0, 1, 0, 1, 0, 0, 0, 0, 1, 0, -1, 0 ], [ 0, 0, 0, 0, 1, 0, 0, -1, 0, 0, 0, 1, 0, 0, 1 ], 
              [ 0, 0, 0, 0, 0, 1, -1, 0, 0, 0, 0, 0, 1, 1, 0 ], [ 0, 0, 0, 0, 1, 0, 0, 1, 0, 0, 0, -1, 0, 0, 1 ], 
              [ 0, 0, 0, 0, 0, 1, 1, 0, 0, 0, 0, 0, -1, 1, 0 ], [ 0, 0, 0, 0, 0, -1, 0, 1, 0, 0, 0, 0, 1, 0, 1 ], 
              [ 2, 0, 1, 0, 0, 0, 0, -1, 0, -1, 0, 0, 0, 0, -1 ], [ 2, 0, 0, 1, 0, 0, -1, 0, 0, 0, -1, 0, 0, -1, 0 ], 
              [ 2, 0, 0, 0, 1, -1, 0, 0, 0, 0, 0, -1, -1, 0, 0 ], [ 2, 0, 0, -1, 0, 0, 0, 1, 0, 0, -1, 0, 0, 0, -1 ], 
              [ 2, 0, 0, 0, -1, 0, 1, 0, 0, 0, 0, -1, 0, -1, 0 ], [ 2, 0, 0, 0, -1, 0, 0, -1, 0, 0, 0, -1, 0, 0, 1 ], 
              [ 2, 0, 0, 0, 0, -1, -1, 0, 0, 0, 0, 0, -1, 1, 0 ], [ 2, 0, 0, 0, -1, 0, -1, 0, 0, 0, 0, 1, 0, -1, 0 ], 
              [ 2, 0, 0, -1, 0, 0, 0, -1, 0, 0, 1, 0, 0, 0, -1 ], [ 0, 0, 0, 0, 1, 0, 0, 1, 0, 0, 0, 1, 0, 0, -1 ], 
              [ 0, 0, 0, 0, 0, 1, 1, 0, 0, 0, 0, 0, 1, -1, 0 ], [ 0, 0, 0, 0, 0, 1, 0, -1, 0, 0, 0, 0, 1, 0, 1 ], 
              [ 0, 0, 0, 0, 0, 1, 0, 1, 0, 0, 0, 0, -1, 0, 1 ], [ 0, 0, 0, 0, 0, 0, -1, 1, 0, 0, 0, 0, 0, 1, 1 ], 
              [ 2, 0, 0, 1, 0, 0, 0, -1, 0, 0, -1, 0, 0, 0, -1 ], [ 2, 0, 0, 0, 1, 0, -1, 0, 0, 0, 0, -1, 0, -1, 0 ], 
              [ 2, 0, 0, 0, -1, 0, 0, 1, 0, 0, 0, -1, 0, 0, -1 ], [ 2, 0, 0, 0, 0, -1, 1, 0, 0, 0, 0, 0, -1, -1, 0 ], 
              [ 2, 0, 0, 0, 0, -1, 0, -1, 0, 0, 0, 0, -1, 0, 1 ], [ 2, 0, 0, 0, 0, -1, -1, 0, 0, 0, 0, 0, 1, -1, 0 ], 
              [ 2, 0, 0, 0, -1, 0, 0, -1, 0, 0, 0, 1, 0, 0, -1 ], [ 0, 0, 0, 0, 0, 1, 0, 1, 0, 0, 0, 0, 1, 0, -1 ], 
              [ 0, 0, 0, 0, 0, 0, 1, -1, 0, 0, 0, 0, 0, 1, 1 ], [ 0, 0, 0, 0, 0, 0, 1, 1, 0, 0, 0, 0, 0, -1, 1 ], 
              [ 2, 0, 0, 0, 1, 0, 0, -1, 0, 0, 0, -1, 0, 0, -1 ], [ 2, 0, 0, 0, 0, 1, -1, 0, 0, 0, 0, 0, -1, -1, 0 ], 
              [ 2, 0, 0, 0, 0, -1, 0, 1, 0, 0, 0, 0, -1, 0, -1 ], [ 2, 0, 0, 0, 0, 0, -1, -1, 0, 0, 0, 0, 0, -1, 1 ], 
              [ 2, 0, 0, 0, 0, -1, 0, -1, 0, 0, 0, 0, 1, 0, -1 ], [ 0, 0, 0, 0, 0, 0, 1, 1, 0, 0, 0, 0, 0, 1, -1 ], 
              [ 2, 0, 0, 0, 0, 1, 0, -1, 0, 0, 0, 0, -1, 0, -1 ], [ 2, 0, 0, 0, 0, 0, -1, 1, 0, 0, 0, 0, 0, -1, -1 ], 
              [ 2, 0, 0, 0, 0, 0, -1, -1, 0, 0, 0, 0, 0, 1, -1 ], [ 2, 0, 0, 0, 0, 0, 1, -1, 0, 0, 0, 0, 0, -1, -1 ], 
              [ 0, 1, 0, 0, 0, 0, 0, 0, 0, 0, 0, 0, 0, 0, 0 ], [ 1, -1, 0, 0, 0, 0, 0, 0, 0, 0, 0, 0, 0, 0, 0 ], 
              [ 0, 0, 0, 0, 0, 0, 0, 0, 1, 0, 0, 0, 0, 0, 0 ], [ 0, 0, 1, 0, 0, 0, 0, 0, 0, 0, 0, 0, 0, 0, 0 ], 
              [ 1, 0, 0, 0, 0, 0, 0, 0, -1, 0, 0, 0, 0, 0, 0 ], [ 1, 0, -1, 0, 0, 0, 0, 0, 0, 0, 0, 0, 0, 0, 0 ], 
              [ 0, 0, 0, 0, 0, 0, 0, 0, 0, 1, 0, 0, 0, 0, 0 ], [ 0, 0, 0, 1, 0, 0, 0, 0, 0, 0, 0, 0, 0, 0, 0 ], 
              [ 1, 0, 0, 0, 0, 0, 0, 0, 0, -1, 0, 0, 0, 0, 0 ], [ 1, 0, 0, -1, 0, 0, 0, 0, 0, 0, 0, 0, 0, 0, 0 ], 
              [ 0, 0, 0, 0, 0, 0, 0, 0, 0, 0, 1, 0, 0, 0, 0 ], [ 0, 0, 0, 0, 1, 0, 0, 0, 0, 0, 0, 0, 0, 0, 0 ], 
              [ 1, 0, 0, 0, 0, 0, 0, 0, 0, 0, -1, 0, 0, 0, 0 ], [ 1, 0, 0, 0, -1, 0, 0, 0, 0, 0, 0, 0, 0, 0, 0 ], 
              [ 0, 0, 0, 0, 0, 0, 0, 0, 0, 0, 0, 1, 0, 0, 0 ], [ 0, 0, 0, 0, 0, 1, 0, 0, 0, 0, 0, 0, 0, 0, 0 ], 
              [ 1, 0, 0, 0, 0, 0, 0, 0, 0, 0, 0, -1, 0, 0, 0 ], [ 1, 0, 0, 0, 0, -1, 0, 0, 0, 0, 0, 0, 0, 0, 0 ], 
              [ 0, 0, 0, 0, 0, 0, 0, 0, 0, 0, 0, 0, 1, 0, 0 ], [ 0, 0, 0, 0, 0, 0, 1, 0, 0, 0, 0, 0, 0, 0, 0 ], 
              [ 1, 0, 0, 0, 0, 0, 0, 0, 0, 0, 0, 0, -1, 0, 0 ], [ 1, 0, 0, 0, 0, 0, -1, 0, 0, 0, 0, 0, 0, 0, 0 ], 
              [ 0, 0, 0, 0, 0, 0, 0, 0, 0, 0, 0, 0, 0, 1, 0 ], [ 0, 0, 0, 0, 0, 0, 0, 1, 0, 0, 0, 0, 0, 0, 0 ], 
              [ 1, 0, 0, 0, 0, 0, 0, 0, 0, 0, 0, 0, 0, -1, 0 ], [ 1, 0, 0, 0, 0, 0, 0, -1, 0, 0, 0, 0, 0, 0, 0 ], 
              [ 0, 0, 0, 0, 0, 0, 0, 0, 0, 0, 0, 0, 0, 0, 1 ], [ 1, 0, 0, 0, 0, 0, 0, 0, 0, 0, 0, 0, 0, 0, -1 ] ],
          GRP := Group( [ (  1,  2)(  3,  5)(  4,  7)(  6, 13)(  8, 12)(  9, 15)( 10, 16)( 11, 21)( 14, 25)( 17, 23)( 18, 24)
                ( 19, 28)( 20, 29)( 22, 35)( 26, 41)( 27, 40)( 30, 38)( 31, 39)( 32, 44)( 33, 45)( 34, 46)( 36, 53)( 37, 54)
                ( 42, 61)( 43, 60)( 47, 57)( 48, 58)( 49, 59)( 50, 65)( 51, 66)( 52, 67)( 55, 74)( 56, 75)( 62, 84)( 63, 83)
                ( 64, 82)( 68, 79)( 69, 80)( 70, 81)( 71, 88)( 72, 89)( 73, 90)( 76, 96)( 77, 97)( 78, 98)( 85,107)( 86,106)
                ( 87,105)( 91,102)( 92,103)( 93,104)( 94,111)( 95,112)( 99,117)(100,118)(101,119)(108,127)(109,126)(110,125)
                (113,123)(114,124)(115,130)(116,131)(120,135)(121,136)(122,137)(128,143)(129,142)(132,140)(133,141)(134,146)
                (138,149)(139,150)(144,155)(145,154)(147,153)(148,157)(151,159)(152,160)(156,163)(158,162)(161,165)(164,167)
                (166,168)(169,170)(172,174)(176,178)(180,182)(184,186)(188,190)(192,194), (  1,  3)(  2,  5)(  4,  8)(  6, 11)
                (  7, 12)(  9, 17)( 13, 21)( 14, 22)( 15, 23)( 19, 30)( 25, 35)( 26, 36)( 28, 38)( 32, 47)( 41, 53)( 42, 55)
                ( 44, 57)( 50, 68)( 61, 74)( 62, 76)( 65, 79)( 84, 96)( 85, 99)(107,117)(169,170)(171,173), 
              (  1,  3)(  2,  6)(  4,  8)(  5, 11)(  7, 14)(  9, 17)( 10, 18)( 12, 22)( 13, 21)( 15, 26)( 16, 27)( 19, 30)
                ( 20, 31)( 23, 36)( 24, 37)( 25, 35)( 28, 42)( 29, 43)( 32, 47)( 33, 48)( 34, 49)( 38, 55)( 39, 56)( 40, 54)
                ( 41, 53)( 44, 62)( 45, 63)( 46, 64)( 50, 68)( 51, 69)( 52, 70)( 57, 76)( 58, 77)( 59, 78)( 60, 75)( 61, 74)
                ( 65, 85)( 66, 86)( 67, 87)( 71, 91)( 72, 92)( 73, 93)( 79, 99)( 80,100)( 81,101)( 82, 98)( 83, 97)( 84, 96)
                ( 88,108)( 89,109)( 90,110)( 94,113)( 95,114)(102,120)(103,121)(104,122)(105,119)(106,118)(107,117)(111,128)
                (112,129)(115,132)(116,133)(123,138)(124,139)(125,137)(126,136)(127,135)(130,144)(131,145)(134,147)(140,151)
                (141,152)(142,150)(143,149)(146,156)(148,158)(153,161)(154,160)(155,159)(157,164)(162,166)(163,165)(167,168)
                (169,171)(170,173)(172,175)(174,177)(176,179)(178,181)(180,183)(182,185)(184,187)(186,189)(188,191)(190,193)
                (192,195)(194,196), ( 32, 50)( 44, 65)( 47, 68)( 51, 71)( 57, 79)( 62, 85)( 66, 88)( 69, 91)( 72, 94)( 76, 99)
                ( 80,102)( 84,107)( 86,108)( 89,111)( 92,113)( 95,115)( 96,117)(100,120)(103,123)(106,127)(109,128)(112,130)
                (114,132)(116,134)(118,135)(121,138)(124,140)(126,143)(129,144)(131,146)(133,147)(136,149)(139,151)(141,153)
                (142,155)(145,156)(148,157)(150,159)(152,161)(154,163)(158,164)(160,165)(162,167)(166,168)(188,192)(190,194)
                (191,195)(193,196), ( 19, 32)( 28, 44)( 30, 47)( 33, 51)( 38, 57)( 42, 62)( 45, 66)( 48, 69)( 52, 72)( 55, 76)
                ( 58, 80)( 61, 84)( 63, 86)( 67, 89)( 70, 92)( 73, 95)( 74, 96)( 77,100)( 81,103)( 83,106)( 87,109)( 90,112)
                ( 93,114)( 97,118)(101,121)(104,124)(105,126)(110,129)(116,131)(119,136)(122,139)(125,142)(133,145)(134,148)
                (137,150)(141,154)(146,157)(147,158)(152,160)(153,162)(156,164)(161,166)(163,167)(165,168)(184,188)(186,190)
                (187,191)(189,193), (  9, 19)( 15, 28)( 17, 30)( 20, 33)( 23, 38)( 26, 42)( 29, 45)( 31, 48)( 34, 52)( 36, 55)
                ( 39, 58)( 41, 61)( 43, 63)( 46, 67)( 49, 70)( 53, 74)( 56, 77)( 59, 81)( 60, 83)( 64, 87)( 73, 90)( 75, 97)
                ( 78,101)( 82,105)( 93,110)( 95,116)( 98,119)(104,125)(112,131)(114,133)(115,134)(122,137)(124,141)(129,145)
                (130,146)(132,147)(139,152)(140,153)(142,154)(144,156)(150,160)(151,161)(155,163)(159,165)(180,184)(182,186)
                (183,187)(185,189), (  4,  9)(  7, 15)(  8, 17)( 10, 20)( 12, 23)( 14, 26)( 16, 29)( 18, 31)( 22, 36)( 24, 39)
                ( 25, 41)( 27, 43)( 34, 46)( 35, 53)( 37, 56)( 40, 60)( 49, 64)( 52, 73)( 54, 75)( 59, 82)( 67, 90)( 70, 93)
                ( 72, 95)( 78, 98)( 81,104)( 87,110)( 89,112)( 92,114)( 94,115)(101,122)(103,124)(105,125)(109,129)(111,130)
                (113,132)(119,137)(121,139)(123,140)(126,142)(128,144)(136,150)(138,151)(143,155)(149,159)(176,180)(178,182)
                (179,183)(181,185), (  1,  4)(  2,  7)(  3,  8)(  5, 12)(  6, 14)( 10, 16)( 11, 22)( 13, 25)( 18, 27)( 20, 34)
                ( 21, 35)( 24, 40)( 29, 46)( 31, 49)( 33, 52)( 37, 54)( 39, 59)( 43, 64)( 45, 67)( 48, 70)( 51, 72)( 56, 78)
                ( 58, 81)( 60, 82)( 63, 87)( 66, 89)( 69, 92)( 71, 94)( 75, 98)( 77,101)( 80,103)( 83,105)( 86,109)( 88,111)
                ( 91,113)( 97,119)(100,121)(102,123)(106,126)(108,128)(118,136)(120,138)(127,143)(135,149)(172,176)(174,178)
                (175,179)(177,181), (  1,  2)(  3,  6)(  4, 10)(  5, 13)(  7, 16)(  8, 18)(  9, 20)( 11, 21)( 12, 24)( 14, 27)
                ( 15, 29)( 17, 31)( 19, 33)( 22, 37)( 23, 39)( 25, 40)( 26, 43)( 28, 45)( 30, 48)( 32, 51)( 35, 54)( 36, 56)
                ( 38, 58)( 41, 60)( 42, 63)( 44, 66)( 47, 69)( 50, 71)( 53, 75)( 55, 77)( 57, 80)( 61, 83)( 62, 86)( 65, 88)
                ( 68, 91)( 74, 97)( 76,100)( 79,102)( 84,106)( 85,108)( 96,118)( 99,120)(107,127)(117,135)(169,172)(170,174)
                (171,175)(173,177) ] ) ) ) );
