return rec(
  EXT := [ [ 1, 0, 0, 0, 0, 0, 0, 0, 0, 0, 0, 0, 0, 0, 0, 0 ], [ 1, 1, 1, 1, 1, 1, 0, 0, 0, 0, 0, 0, 0, 0, 0, 0 ], 
      [ 1, 1, 1, 1, 1, 1, 1, 1, 1, 1, 1, 0, 0, 0, 0, 0 ], [ 1, 1, 1, 1, 1, 1, 1, 1, 1, 1, 1, 1, 1, 1, 1, 1 ], 
      [ 1, 0, 1, 1, 1, 1, 0, 1, 1, 1, 1, 0, 1, 1, 1, 1 ], [ 1, 0, 0, 1, 1, 1, 0, 0, 1, 1, 1, 0, 0, 1, 1, 1 ], 
      [ 1, 0, 0, 0, 1, 1, 0, 0, 0, 1, 1, 0, 0, 0, 1, 1 ], [ 1, 0, 0, 0, 0, 1, 0, 0, 0, 0, 1, 0, 0, 0, 0, 1 ], 
      [ 1, 0, 0, 1, 0, 1, 0, 0, 1, 0, 1, 0, 0, 1, 0, 1 ], [ 1, 0, 1, 0, 1, 1, 0, 1, 0, 1, 1, 0, 1, 0, 1, 1 ], 
      [ 1, 0, 1, 0, 0, 1, 0, 1, 0, 0, 1, 0, 1, 0, 0, 1 ], [ 1, 0, 1, 1, 0, 1, 0, 1, 1, 0, 1, 0, 1, 1, 0, 1 ], 
      [ 1, 1, 0, 1, 1, 1, 1, 0, 1, 1, 1, 1, 0, 1, 1, 1 ], [ 1, 1, 0, 0, 1, 1, 1, 0, 0, 1, 1, 1, 0, 0, 1, 1 ], 
      [ 1, 1, 0, 0, 0, 1, 1, 0, 0, 0, 1, 1, 0, 0, 0, 1 ], [ 1, 1, 0, 1, 0, 1, 1, 0, 1, 0, 1, 1, 0, 1, 0, 1 ], 
      [ 1, 1, 1, 0, 1, 1, 1, 1, 0, 1, 1, 1, 1, 0, 1, 1 ], [ 1, 1, 1, 0, 0, 1, 1, 1, 0, 0, 1, 1, 1, 0, 0, 1 ], 
      [ 1, 1, 1, 1, 0, 1, 1, 1, 1, 0, 1, 1, 1, 1, 0, 1 ], [ 1, 0, 1, 1, 1, 1, 0, 1, 1, 1, 1, 1, 0, 0, 0, 0 ], 
      [ 1, 0, 0, 1, 1, 1, 0, 0, 1, 1, 1, 1, 1, 0, 0, 0 ], [ 1, 0, 0, 0, 1, 1, 0, 0, 0, 1, 1, 1, 1, 1, 0, 0 ], 
      [ 1, 0, 0, 0, 0, 1, 0, 0, 0, 0, 1, 1, 1, 1, 1, 0 ], [ 1, 0, 0, 1, 0, 1, 0, 0, 1, 0, 1, 1, 1, 0, 1, 0 ], 
      [ 1, 0, 1, 0, 1, 1, 0, 1, 0, 1, 1, 1, 0, 1, 0, 0 ], [ 1, 0, 1, 0, 0, 1, 0, 1, 0, 0, 1, 1, 0, 1, 1, 0 ], 
      [ 1, 0, 1, 1, 0, 1, 0, 1, 1, 0, 1, 1, 0, 0, 1, 0 ], [ 1, 1, 0, 1, 1, 1, 1, 0, 1, 1, 1, 0, 1, 0, 0, 0 ], 
      [ 1, 1, 0, 0, 1, 1, 1, 0, 0, 1, 1, 0, 1, 1, 0, 0 ], [ 1, 1, 0, 0, 0, 1, 1, 0, 0, 0, 1, 0, 1, 1, 1, 0 ], 
      [ 1, 1, 0, 1, 0, 1, 1, 0, 1, 0, 1, 0, 1, 0, 1, 0 ], [ 1, 1, 1, 0, 1, 1, 1, 1, 0, 1, 1, 0, 0, 1, 0, 0 ], 
      [ 1, 1, 1, 0, 0, 1, 1, 1, 0, 0, 1, 0, 0, 1, 1, 0 ], [ 1, 1, 1, 1, 0, 1, 1, 1, 1, 0, 1, 0, 0, 0, 1, 0 ], 
      [ 1, 1, 1, 1, 1, 1, 0, 0, 0, 0, 0, 1, 1, 1, 1, 1 ], [ 1, 0, 1, 1, 1, 1, 1, 0, 0, 0, 0, 0, 1, 1, 1, 1 ], 
      [ 1, 0, 0, 1, 1, 1, 1, 1, 0, 0, 0, 0, 0, 1, 1, 1 ], [ 1, 0, 0, 0, 1, 1, 1, 1, 1, 0, 0, 0, 0, 0, 1, 1 ], 
      [ 1, 0, 0, 0, 0, 1, 1, 1, 1, 1, 0, 0, 0, 0, 0, 1 ], [ 1, 0, 0, 1, 0, 1, 1, 1, 0, 1, 0, 0, 0, 1, 0, 1 ], 
      [ 1, 0, 1, 0, 1, 1, 1, 0, 1, 0, 0, 0, 1, 0, 1, 1 ], [ 1, 0, 1, 0, 0, 1, 1, 0, 1, 1, 0, 0, 1, 0, 0, 1 ], 
      [ 1, 0, 1, 1, 0, 1, 1, 0, 0, 1, 0, 0, 1, 1, 0, 1 ], [ 1, 1, 0, 1, 1, 1, 0, 1, 0, 0, 0, 1, 0, 1, 1, 1 ], 
      [ 1, 1, 0, 0, 1, 1, 0, 1, 1, 0, 0, 1, 0, 0, 1, 1 ], [ 1, 1, 0, 0, 0, 1, 0, 1, 1, 1, 0, 1, 0, 0, 0, 1 ], 
      [ 1, 1, 0, 1, 0, 1, 0, 1, 0, 1, 0, 1, 0, 1, 0, 1 ], [ 1, 1, 1, 0, 1, 1, 0, 0, 1, 0, 0, 1, 1, 0, 1, 1 ], 
      [ 1, 1, 1, 0, 0, 1, 0, 0, 1, 1, 0, 1, 1, 0, 0, 1 ], [ 1, 1, 1, 1, 0, 1, 0, 0, 0, 1, 0, 1, 1, 1, 0, 1 ], 
      [ 1, 0, 1, 1, 1, 1, 1, 0, 0, 0, 0, 1, 0, 0, 0, 0 ], [ 1, 0, 0, 1, 1, 1, 1, 1, 0, 0, 0, 1, 1, 0, 0, 0 ], 
      [ 1, 0, 0, 0, 1, 1, 1, 1, 1, 0, 0, 1, 1, 1, 0, 0 ], [ 1, 0, 0, 0, 0, 1, 1, 1, 1, 1, 0, 1, 1, 1, 1, 0 ], 
      [ 1, 0, 0, 1, 0, 1, 1, 1, 0, 1, 0, 1, 1, 0, 1, 0 ], [ 1, 0, 1, 0, 1, 1, 1, 0, 1, 0, 0, 1, 0, 1, 0, 0 ], 
      [ 1, 0, 1, 0, 0, 1, 1, 0, 1, 1, 0, 1, 0, 1, 1, 0 ], [ 1, 0, 1, 1, 0, 1, 1, 0, 0, 1, 0, 1, 0, 0, 1, 0 ], 
      [ 1, 1, 0, 1, 1, 1, 0, 1, 0, 0, 0, 0, 1, 0, 0, 0 ], [ 1, 1, 0, 0, 1, 1, 0, 1, 1, 0, 0, 0, 1, 1, 0, 0 ], 
      [ 1, 1, 0, 0, 0, 1, 0, 1, 1, 1, 0, 0, 1, 1, 1, 0 ], [ 1, 1, 0, 1, 0, 1, 0, 1, 0, 1, 0, 0, 1, 0, 1, 0 ], 
      [ 1, 1, 1, 0, 1, 1, 0, 0, 1, 0, 0, 0, 0, 1, 0, 0 ], [ 1, 1, 1, 0, 0, 1, 0, 0, 1, 1, 0, 0, 0, 1, 1, 0 ], 
      [ 1, 1, 1, 1, 0, 1, 0, 0, 0, 1, 0, 0, 0, 0, 1, 0 ], [ 1, 0, 0, 0, 0, 0, 1, 1, 1, 1, 1, 0, 0, 0, 0, 0 ], 
      [ 1, 0, 0, 0, 0, 0, 1, 1, 1, 1, 1, 1, 1, 1, 1, 1 ], [ 1, 1, 0, 0, 0, 0, 0, 1, 1, 1, 1, 0, 1, 1, 1, 1 ], 
      [ 1, 1, 1, 0, 0, 0, 0, 0, 1, 1, 1, 0, 0, 1, 1, 1 ], [ 1, 1, 1, 1, 0, 0, 0, 0, 0, 1, 1, 0, 0, 0, 1, 1 ], 
      [ 1, 1, 1, 1, 1, 0, 0, 0, 0, 0, 1, 0, 0, 0, 0, 1 ], [ 1, 1, 1, 0, 1, 0, 0, 0, 1, 0, 1, 0, 0, 1, 0, 1 ], 
      [ 1, 1, 0, 1, 0, 0, 0, 1, 0, 1, 1, 0, 1, 0, 1, 1 ], [ 1, 1, 0, 1, 1, 0, 0, 1, 0, 0, 1, 0, 1, 0, 0, 1 ], 
      [ 1, 1, 0, 0, 1, 0, 0, 1, 1, 0, 1, 0, 1, 1, 0, 1 ], [ 1, 0, 1, 0, 0, 0, 1, 0, 1, 1, 1, 1, 0, 1, 1, 1 ], 
      [ 1, 0, 1, 1, 0, 0, 1, 0, 0, 1, 1, 1, 0, 0, 1, 1 ], [ 1, 0, 1, 1, 1, 0, 1, 0, 0, 0, 1, 1, 0, 0, 0, 1 ], 
      [ 1, 0, 1, 0, 1, 0, 1, 0, 1, 0, 1, 1, 0, 1, 0, 1 ], [ 1, 0, 0, 1, 0, 0, 1, 1, 0, 1, 1, 1, 1, 0, 1, 1 ], 
      [ 1, 0, 0, 1, 1, 0, 1, 1, 0, 0, 1, 1, 1, 0, 0, 1 ], [ 1, 0, 0, 0, 1, 0, 1, 1, 1, 0, 1, 1, 1, 1, 0, 1 ], 
      [ 1, 1, 0, 0, 0, 0, 0, 1, 1, 1, 1, 1, 0, 0, 0, 0 ], [ 1, 1, 1, 0, 0, 0, 0, 0, 1, 1, 1, 1, 1, 0, 0, 0 ], 
      [ 1, 1, 1, 1, 0, 0, 0, 0, 0, 1, 1, 1, 1, 1, 0, 0 ], [ 1, 1, 1, 1, 1, 0, 0, 0, 0, 0, 1, 1, 1, 1, 1, 0 ], 
      [ 1, 1, 1, 0, 1, 0, 0, 0, 1, 0, 1, 1, 1, 0, 1, 0 ], [ 1, 1, 0, 1, 0, 0, 0, 1, 0, 1, 1, 1, 0, 1, 0, 0 ], 
      [ 1, 1, 0, 1, 1, 0, 0, 1, 0, 0, 1, 1, 0, 1, 1, 0 ], [ 1, 1, 0, 0, 1, 0, 0, 1, 1, 0, 1, 1, 0, 0, 1, 0 ], 
      [ 1, 0, 1, 0, 0, 0, 1, 0, 1, 1, 1, 0, 1, 0, 0, 0 ], [ 1, 0, 1, 1, 0, 0, 1, 0, 0, 1, 1, 0, 1, 1, 0, 0 ], 
      [ 1, 0, 1, 1, 1, 0, 1, 0, 0, 0, 1, 0, 1, 1, 1, 0 ], [ 1, 0, 1, 0, 1, 0, 1, 0, 1, 0, 1, 0, 1, 0, 1, 0 ], 
      [ 1, 0, 0, 1, 0, 0, 1, 1, 0, 1, 1, 0, 0, 1, 0, 0 ], [ 1, 0, 0, 1, 1, 0, 1, 1, 0, 0, 1, 0, 0, 1, 1, 0 ], 
      [ 1, 0, 0, 0, 1, 0, 1, 1, 1, 0, 1, 0, 0, 0, 1, 0 ], [ 1, 0, 0, 0, 0, 0, 0, 0, 0, 0, 0, 1, 1, 1, 1, 1 ], 
      [ 1, 1, 0, 0, 0, 0, 1, 0, 0, 0, 0, 0, 1, 1, 1, 1 ], [ 1, 1, 1, 0, 0, 0, 1, 1, 0, 0, 0, 0, 0, 1, 1, 1 ], 
      [ 1, 1, 1, 1, 0, 0, 1, 1, 1, 0, 0, 0, 0, 0, 1, 1 ], [ 1, 1, 1, 1, 1, 0, 1, 1, 1, 1, 0, 0, 0, 0, 0, 1 ], 
      [ 1, 1, 1, 0, 1, 0, 1, 1, 0, 1, 0, 0, 0, 1, 0, 1 ], [ 1, 1, 0, 1, 0, 0, 1, 0, 1, 0, 0, 0, 1, 0, 1, 1 ], 
      [ 1, 1, 0, 1, 1, 0, 1, 0, 1, 1, 0, 0, 1, 0, 0, 1 ], [ 1, 1, 0, 0, 1, 0, 1, 0, 0, 1, 0, 0, 1, 1, 0, 1 ], 
      [ 1, 0, 1, 0, 0, 0, 0, 1, 0, 0, 0, 1, 0, 1, 1, 1 ], [ 1, 0, 1, 1, 0, 0, 0, 1, 1, 0, 0, 1, 0, 0, 1, 1 ], 
      [ 1, 0, 1, 1, 1, 0, 0, 1, 1, 1, 0, 1, 0, 0, 0, 1 ], [ 1, 0, 1, 0, 1, 0, 0, 1, 0, 1, 0, 1, 0, 1, 0, 1 ], 
      [ 1, 0, 0, 1, 0, 0, 0, 0, 1, 0, 0, 1, 1, 0, 1, 1 ], [ 1, 0, 0, 1, 1, 0, 0, 0, 1, 1, 0, 1, 1, 0, 0, 1 ], 
      [ 1, 0, 0, 0, 1, 0, 0, 0, 0, 1, 0, 1, 1, 1, 0, 1 ], [ 1, 1, 0, 0, 0, 0, 1, 0, 0, 0, 0, 1, 0, 0, 0, 0 ], 
      [ 1, 1, 1, 0, 0, 0, 1, 1, 0, 0, 0, 1, 1, 0, 0, 0 ], [ 1, 1, 1, 1, 0, 0, 1, 1, 1, 0, 0, 1, 1, 1, 0, 0 ], 
      [ 1, 1, 1, 1, 1, 0, 1, 1, 1, 1, 0, 1, 1, 1, 1, 0 ], [ 1, 1, 1, 0, 1, 0, 1, 1, 0, 1, 0, 1, 1, 0, 1, 0 ], 
      [ 1, 1, 0, 1, 0, 0, 1, 0, 1, 0, 0, 1, 0, 1, 0, 0 ], [ 1, 1, 0, 1, 1, 0, 1, 0, 1, 1, 0, 1, 0, 1, 1, 0 ], 
      [ 1, 1, 0, 0, 1, 0, 1, 0, 0, 1, 0, 1, 0, 0, 1, 0 ], [ 1, 0, 1, 0, 0, 0, 0, 1, 0, 0, 0, 0, 1, 0, 0, 0 ], 
      [ 1, 0, 1, 1, 0, 0, 0, 1, 1, 0, 0, 0, 1, 1, 0, 0 ], [ 1, 0, 1, 1, 1, 0, 0, 1, 1, 1, 0, 0, 1, 1, 1, 0 ], 
      [ 1, 0, 1, 0, 1, 0, 0, 1, 0, 1, 0, 0, 1, 0, 1, 0 ], [ 1, 0, 0, 1, 0, 0, 0, 0, 1, 0, 0, 0, 0, 1, 0, 0 ], 
      [ 1, 0, 0, 1, 1, 0, 0, 0, 1, 1, 0, 0, 0, 1, 1, 0 ], [ 1, 0, 0, 0, 1, 0, 0, 0, 0, 1, 0, 0, 0, 0, 1, 0 ] ],
  GRP := Group( [ (  6, 10)(  9, 11)( 13, 17)( 16, 18)( 21, 25)( 24, 26)( 28, 32)( 31, 33)( 37, 41)( 40, 42)( 44, 48)( 47, 49)
        ( 52, 56)( 55, 57)( 59, 63)( 62, 64)( 69, 73)( 72, 74)( 76, 80)( 79, 81)( 84, 88)( 87, 89)( 91, 95)( 94, 96)(100,104)
        (103,105)(107,111)(110,112)(115,119)(118,120)(122,126)(125,127), (  7,  9)( 10, 12)( 14, 16)( 17, 19)( 22, 24)( 25, 27)
        ( 29, 31)( 32, 34)( 38, 40)( 41, 43)( 45, 47)( 48, 50)( 53, 55)( 56, 58)( 60, 62)( 63, 65)( 70, 72)( 73, 75)( 77, 79)
        ( 80, 82)( 85, 87)( 88, 90)( 92, 94)( 95, 97)(101,103)(104,106)(108,110)(111,113)(116,118)(119,121)(123,125)(126,128), 
      (  5, 13)( 10, 14)( 11, 15)( 12, 16)( 20, 28)( 25, 29)( 26, 30)( 27, 31)( 36, 44)( 41, 45)( 42, 46)( 43, 47)( 51, 59)
        ( 56, 60)( 57, 61)( 58, 62)( 68, 76)( 73, 77)( 74, 78)( 75, 79)( 83, 91)( 88, 92)( 89, 93)( 90, 94)( 99,107)(104,108)
        (105,109)(106,110)(114,122)(119,123)(120,124)(121,125), (  2, 66)( 35, 67)( 36, 68)( 37, 69)( 38, 70)( 39, 71)( 40, 72)
        ( 41, 73)( 42, 74)( 43, 75)( 44, 76)( 45, 77)( 46, 78)( 47, 79)( 48, 80)( 49, 81)( 50, 82)( 51, 83)( 52, 84)( 53, 85)
        ( 54, 86)( 55, 87)( 56, 88)( 57, 89)( 58, 90)( 59, 91)( 60, 92)( 61, 93)( 62, 94)( 63, 95)( 64, 96)( 65, 97), 
      (  3, 35)( 20, 36)( 21, 37)( 22, 38)( 23, 39)( 24, 40)( 25, 41)( 26, 42)( 27, 43)( 28, 44)( 29, 45)( 30, 46)( 31, 47)
        ( 32, 48)( 33, 49)( 34, 50)( 66, 98)( 83, 99)( 84,100)( 85,101)( 86,102)( 87,103)( 88,104)( 89,105)( 90,106)( 91,107)
        ( 92,108)( 93,109)( 94,110)( 95,111)( 96,112)( 97,113), (  2, 98)(  3, 67)(  5,117)(  6,116)(  7,115)(  8,114)(  9,119)
        ( 10,118)( 11,121)( 12,120)( 13, 19)( 14, 18)( 20, 54)( 21, 53)( 22, 52)( 23, 51)( 24, 56)( 25, 55)( 26, 58)( 27, 57)
        ( 28, 82)( 29, 81)( 30, 78)( 31, 79)( 32, 80)( 33, 77)( 34, 76)( 36, 86)( 37, 85)( 38, 84)( 39, 83)( 40, 88)( 41, 87)
        ( 42, 90)( 43, 89)( 44, 50)( 45, 49)( 59,113)( 60,112)( 61,109)( 62,110)( 63,111)( 64,108)( 65,107)( 68,102)( 69,101)
        ( 70,100)( 71, 99)( 72,104)( 73,103)( 74,106)( 75,105)( 91, 97)( 92, 96)(122,128)(123,127), 
      (  1,  2,  3,  4, 67, 98)(  5, 68, 99,114, 51, 20)(  6, 69,100,115, 52, 21)(  7, 70,101,116, 53, 22)(  8, 71,102,117, 54, 23
         )(  9, 72,103,118, 55, 24)( 10, 73,104,119, 56, 25)( 11, 74,105,120, 57, 26)( 12, 75,106,121, 58, 27)( 13, 76,107,122,
          59, 28)( 14, 77,108,123, 60, 29)( 15, 78,109,124, 61, 30)( 16, 79,110,125, 62, 31)( 17, 80,111,126, 63, 32)
        ( 18, 81,112,127, 64, 33)( 19, 82,113,128, 65, 34)( 35, 66)( 36, 83)( 37, 84)( 38, 85)( 39, 86)( 40, 87)( 41, 88)( 42, 89)
        ( 43, 90)( 44, 91)( 45, 92)( 46, 93)( 47, 94)( 48, 95)( 49, 96)( 50, 97), 
      (  1,  5,115,127, 11,117)(  2, 36, 52, 96, 74, 86)(  3, 99, 21, 33,105, 23)(  4,114,  6, 18,120,  8)(  7, 17,121)
        (  9, 19,119)( 10,118,128)( 12,116,126)( 13, 15)( 20,100,112, 26,102, 98)( 22, 32,106)( 24, 34,104)( 25,103,113)
        ( 27,101,111)( 28, 30)( 35, 51, 37, 81, 89, 71)( 38, 80, 90, 70, 48, 58)( 39, 67, 83, 69, 49, 57)( 40, 82, 88, 72, 50, 56)
        ( 41, 55, 97, 73, 87, 65)( 42, 54, 66, 68, 84, 64)( 43, 53, 95, 75, 85, 63)( 44, 78)( 45, 77)( 46, 76)( 47, 79)( 59, 93)
        ( 60, 92)( 61, 91)( 62, 94)(107,109)(122,124) ] ),
  LOrb := [ [ 1, 66, 67, 68, 69, 70, 71, 72, 73, 74, 75, 76, 77, 78, 79, 80, 81, 82, 83, 84, 85, 86, 87, 88, 89, 90, 91, 92, 93, 
          94, 95, 96, 97, 98, 99, 100, 101, 102, 103, 104, 105, 106, 107, 108, 109, 110, 111, 112, 113, 114, 115, 116, 117, 118, 
          119, 120, 121, 122, 123, 124, 125, 126, 127, 128 ], [ 1, 39, 40, 42, 43, 46, 47, 49, 50, 54, 55, 57, 58, 61, 62, 64, 
          65, 66, 67, 68, 69, 70, 73, 76, 77, 80, 83, 84, 85, 88, 91, 92, 95, 98, 99, 100, 101, 102, 103, 104, 105, 106, 107, 
          108, 109, 110, 111, 112, 113, 114, 115, 116, 117, 118, 119, 120, 121, 122, 123, 124, 125, 126, 127, 128 ] ],
  eRec := rec(
      CUT_info := rec(
          EXT := [ [ 1, 0, 0, 0, 0, 0, 0, 0, 0, 0, 0, 0, 0, 0, 0, 0 ], [ 1, 1, 1, 1, 1, 1, 0, 0, 0, 0, 0, 0, 0, 0, 0, 0 ], 
              [ 1, 1, 1, 1, 1, 1, 1, 1, 1, 1, 1, 0, 0, 0, 0, 0 ], [ 1, 1, 1, 1, 1, 1, 1, 1, 1, 1, 1, 1, 1, 1, 1, 1 ], 
              [ 1, 0, 1, 1, 1, 1, 0, 1, 1, 1, 1, 0, 1, 1, 1, 1 ], [ 1, 0, 0, 1, 1, 1, 0, 0, 1, 1, 1, 0, 0, 1, 1, 1 ], 
              [ 1, 0, 0, 0, 1, 1, 0, 0, 0, 1, 1, 0, 0, 0, 1, 1 ], [ 1, 0, 0, 0, 0, 1, 0, 0, 0, 0, 1, 0, 0, 0, 0, 1 ], 
              [ 1, 0, 0, 1, 0, 1, 0, 0, 1, 0, 1, 0, 0, 1, 0, 1 ], [ 1, 0, 1, 0, 1, 1, 0, 1, 0, 1, 1, 0, 1, 0, 1, 1 ], 
              [ 1, 0, 1, 0, 0, 1, 0, 1, 0, 0, 1, 0, 1, 0, 0, 1 ], [ 1, 0, 1, 1, 0, 1, 0, 1, 1, 0, 1, 0, 1, 1, 0, 1 ], 
              [ 1, 1, 0, 1, 1, 1, 1, 0, 1, 1, 1, 1, 0, 1, 1, 1 ], [ 1, 1, 0, 0, 1, 1, 1, 0, 0, 1, 1, 1, 0, 0, 1, 1 ], 
              [ 1, 1, 0, 0, 0, 1, 1, 0, 0, 0, 1, 1, 0, 0, 0, 1 ], [ 1, 1, 0, 1, 0, 1, 1, 0, 1, 0, 1, 1, 0, 1, 0, 1 ], 
              [ 1, 1, 1, 0, 1, 1, 1, 1, 0, 1, 1, 1, 1, 0, 1, 1 ], [ 1, 1, 1, 0, 0, 1, 1, 1, 0, 0, 1, 1, 1, 0, 0, 1 ], 
              [ 1, 1, 1, 1, 0, 1, 1, 1, 1, 0, 1, 1, 1, 1, 0, 1 ], [ 1, 0, 1, 1, 1, 1, 0, 1, 1, 1, 1, 1, 0, 0, 0, 0 ], 
              [ 1, 0, 0, 1, 1, 1, 0, 0, 1, 1, 1, 1, 1, 0, 0, 0 ], [ 1, 0, 0, 0, 1, 1, 0, 0, 0, 1, 1, 1, 1, 1, 0, 0 ], 
              [ 1, 0, 0, 0, 0, 1, 0, 0, 0, 0, 1, 1, 1, 1, 1, 0 ], [ 1, 0, 0, 1, 0, 1, 0, 0, 1, 0, 1, 1, 1, 0, 1, 0 ], 
              [ 1, 0, 1, 0, 1, 1, 0, 1, 0, 1, 1, 1, 0, 1, 0, 0 ], [ 1, 0, 1, 0, 0, 1, 0, 1, 0, 0, 1, 1, 0, 1, 1, 0 ], 
              [ 1, 0, 1, 1, 0, 1, 0, 1, 1, 0, 1, 1, 0, 0, 1, 0 ], [ 1, 1, 0, 1, 1, 1, 1, 0, 1, 1, 1, 0, 1, 0, 0, 0 ], 
              [ 1, 1, 0, 0, 1, 1, 1, 0, 0, 1, 1, 0, 1, 1, 0, 0 ], [ 1, 1, 0, 0, 0, 1, 1, 0, 0, 0, 1, 0, 1, 1, 1, 0 ], 
              [ 1, 1, 0, 1, 0, 1, 1, 0, 1, 0, 1, 0, 1, 0, 1, 0 ], [ 1, 1, 1, 0, 1, 1, 1, 1, 0, 1, 1, 0, 0, 1, 0, 0 ], 
              [ 1, 1, 1, 0, 0, 1, 1, 1, 0, 0, 1, 0, 0, 1, 1, 0 ], [ 1, 1, 1, 1, 0, 1, 1, 1, 1, 0, 1, 0, 0, 0, 1, 0 ], 
              [ 1, 1, 1, 1, 1, 1, 0, 0, 0, 0, 0, 1, 1, 1, 1, 1 ], [ 1, 0, 1, 1, 1, 1, 1, 0, 0, 0, 0, 0, 1, 1, 1, 1 ], 
              [ 1, 0, 0, 1, 1, 1, 1, 1, 0, 0, 0, 0, 0, 1, 1, 1 ], [ 1, 0, 0, 0, 1, 1, 1, 1, 1, 0, 0, 0, 0, 0, 1, 1 ], 
              [ 1, 0, 0, 0, 0, 1, 1, 1, 1, 1, 0, 0, 0, 0, 0, 1 ], [ 1, 0, 0, 1, 0, 1, 1, 1, 0, 1, 0, 0, 0, 1, 0, 1 ], 
              [ 1, 0, 1, 0, 1, 1, 1, 0, 1, 0, 0, 0, 1, 0, 1, 1 ], [ 1, 0, 1, 0, 0, 1, 1, 0, 1, 1, 0, 0, 1, 0, 0, 1 ], 
              [ 1, 0, 1, 1, 0, 1, 1, 0, 0, 1, 0, 0, 1, 1, 0, 1 ], [ 1, 1, 0, 1, 1, 1, 0, 1, 0, 0, 0, 1, 0, 1, 1, 1 ], 
              [ 1, 1, 0, 0, 1, 1, 0, 1, 1, 0, 0, 1, 0, 0, 1, 1 ], [ 1, 1, 0, 0, 0, 1, 0, 1, 1, 1, 0, 1, 0, 0, 0, 1 ], 
              [ 1, 1, 0, 1, 0, 1, 0, 1, 0, 1, 0, 1, 0, 1, 0, 1 ], [ 1, 1, 1, 0, 1, 1, 0, 0, 1, 0, 0, 1, 1, 0, 1, 1 ], 
              [ 1, 1, 1, 0, 0, 1, 0, 0, 1, 1, 0, 1, 1, 0, 0, 1 ], [ 1, 1, 1, 1, 0, 1, 0, 0, 0, 1, 0, 1, 1, 1, 0, 1 ], 
              [ 1, 0, 1, 1, 1, 1, 1, 0, 0, 0, 0, 1, 0, 0, 0, 0 ], [ 1, 0, 0, 1, 1, 1, 1, 1, 0, 0, 0, 1, 1, 0, 0, 0 ], 
              [ 1, 0, 0, 0, 1, 1, 1, 1, 1, 0, 0, 1, 1, 1, 0, 0 ], [ 1, 0, 0, 0, 0, 1, 1, 1, 1, 1, 0, 1, 1, 1, 1, 0 ], 
              [ 1, 0, 0, 1, 0, 1, 1, 1, 0, 1, 0, 1, 1, 0, 1, 0 ], [ 1, 0, 1, 0, 1, 1, 1, 0, 1, 0, 0, 1, 0, 1, 0, 0 ], 
              [ 1, 0, 1, 0, 0, 1, 1, 0, 1, 1, 0, 1, 0, 1, 1, 0 ], [ 1, 0, 1, 1, 0, 1, 1, 0, 0, 1, 0, 1, 0, 0, 1, 0 ], 
              [ 1, 1, 0, 1, 1, 1, 0, 1, 0, 0, 0, 0, 1, 0, 0, 0 ], [ 1, 1, 0, 0, 1, 1, 0, 1, 1, 0, 0, 0, 1, 1, 0, 0 ], 
              [ 1, 1, 0, 0, 0, 1, 0, 1, 1, 1, 0, 0, 1, 1, 1, 0 ], [ 1, 1, 0, 1, 0, 1, 0, 1, 0, 1, 0, 0, 1, 0, 1, 0 ], 
              [ 1, 1, 1, 0, 1, 1, 0, 0, 1, 0, 0, 0, 0, 1, 0, 0 ], [ 1, 1, 1, 0, 0, 1, 0, 0, 1, 1, 0, 0, 0, 1, 1, 0 ], 
              [ 1, 1, 1, 1, 0, 1, 0, 0, 0, 1, 0, 0, 0, 0, 1, 0 ], [ 1, 0, 0, 0, 0, 0, 1, 1, 1, 1, 1, 0, 0, 0, 0, 0 ], 
              [ 1, 0, 0, 0, 0, 0, 1, 1, 1, 1, 1, 1, 1, 1, 1, 1 ], [ 1, 1, 0, 0, 0, 0, 0, 1, 1, 1, 1, 0, 1, 1, 1, 1 ], 
              [ 1, 1, 1, 0, 0, 0, 0, 0, 1, 1, 1, 0, 0, 1, 1, 1 ], [ 1, 1, 1, 1, 0, 0, 0, 0, 0, 1, 1, 0, 0, 0, 1, 1 ], 
              [ 1, 1, 1, 1, 1, 0, 0, 0, 0, 0, 1, 0, 0, 0, 0, 1 ], [ 1, 1, 1, 0, 1, 0, 0, 0, 1, 0, 1, 0, 0, 1, 0, 1 ], 
              [ 1, 1, 0, 1, 0, 0, 0, 1, 0, 1, 1, 0, 1, 0, 1, 1 ], [ 1, 1, 0, 1, 1, 0, 0, 1, 0, 0, 1, 0, 1, 0, 0, 1 ], 
              [ 1, 1, 0, 0, 1, 0, 0, 1, 1, 0, 1, 0, 1, 1, 0, 1 ], [ 1, 0, 1, 0, 0, 0, 1, 0, 1, 1, 1, 1, 0, 1, 1, 1 ], 
              [ 1, 0, 1, 1, 0, 0, 1, 0, 0, 1, 1, 1, 0, 0, 1, 1 ], [ 1, 0, 1, 1, 1, 0, 1, 0, 0, 0, 1, 1, 0, 0, 0, 1 ], 
              [ 1, 0, 1, 0, 1, 0, 1, 0, 1, 0, 1, 1, 0, 1, 0, 1 ], [ 1, 0, 0, 1, 0, 0, 1, 1, 0, 1, 1, 1, 1, 0, 1, 1 ], 
              [ 1, 0, 0, 1, 1, 0, 1, 1, 0, 0, 1, 1, 1, 0, 0, 1 ], [ 1, 0, 0, 0, 1, 0, 1, 1, 1, 0, 1, 1, 1, 1, 0, 1 ], 
              [ 1, 1, 0, 0, 0, 0, 0, 1, 1, 1, 1, 1, 0, 0, 0, 0 ], [ 1, 1, 1, 0, 0, 0, 0, 0, 1, 1, 1, 1, 1, 0, 0, 0 ], 
              [ 1, 1, 1, 1, 0, 0, 0, 0, 0, 1, 1, 1, 1, 1, 0, 0 ], [ 1, 1, 1, 1, 1, 0, 0, 0, 0, 0, 1, 1, 1, 1, 1, 0 ], 
              [ 1, 1, 1, 0, 1, 0, 0, 0, 1, 0, 1, 1, 1, 0, 1, 0 ], [ 1, 1, 0, 1, 0, 0, 0, 1, 0, 1, 1, 1, 0, 1, 0, 0 ], 
              [ 1, 1, 0, 1, 1, 0, 0, 1, 0, 0, 1, 1, 0, 1, 1, 0 ], [ 1, 1, 0, 0, 1, 0, 0, 1, 1, 0, 1, 1, 0, 0, 1, 0 ], 
              [ 1, 0, 1, 0, 0, 0, 1, 0, 1, 1, 1, 0, 1, 0, 0, 0 ], [ 1, 0, 1, 1, 0, 0, 1, 0, 0, 1, 1, 0, 1, 1, 0, 0 ], 
              [ 1, 0, 1, 1, 1, 0, 1, 0, 0, 0, 1, 0, 1, 1, 1, 0 ], [ 1, 0, 1, 0, 1, 0, 1, 0, 1, 0, 1, 0, 1, 0, 1, 0 ], 
              [ 1, 0, 0, 1, 0, 0, 1, 1, 0, 1, 1, 0, 0, 1, 0, 0 ], [ 1, 0, 0, 1, 1, 0, 1, 1, 0, 0, 1, 0, 0, 1, 1, 0 ], 
              [ 1, 0, 0, 0, 1, 0, 1, 1, 1, 0, 1, 0, 0, 0, 1, 0 ], [ 1, 0, 0, 0, 0, 0, 0, 0, 0, 0, 0, 1, 1, 1, 1, 1 ], 
              [ 1, 1, 0, 0, 0, 0, 1, 0, 0, 0, 0, 0, 1, 1, 1, 1 ], [ 1, 1, 1, 0, 0, 0, 1, 1, 0, 0, 0, 0, 0, 1, 1, 1 ], 
              [ 1, 1, 1, 1, 0, 0, 1, 1, 1, 0, 0, 0, 0, 0, 1, 1 ], [ 1, 1, 1, 1, 1, 0, 1, 1, 1, 1, 0, 0, 0, 0, 0, 1 ], 
              [ 1, 1, 1, 0, 1, 0, 1, 1, 0, 1, 0, 0, 0, 1, 0, 1 ], [ 1, 1, 0, 1, 0, 0, 1, 0, 1, 0, 0, 0, 1, 0, 1, 1 ], 
              [ 1, 1, 0, 1, 1, 0, 1, 0, 1, 1, 0, 0, 1, 0, 0, 1 ], [ 1, 1, 0, 0, 1, 0, 1, 0, 0, 1, 0, 0, 1, 1, 0, 1 ], 
              [ 1, 0, 1, 0, 0, 0, 0, 1, 0, 0, 0, 1, 0, 1, 1, 1 ], [ 1, 0, 1, 1, 0, 0, 0, 1, 1, 0, 0, 1, 0, 0, 1, 1 ], 
              [ 1, 0, 1, 1, 1, 0, 0, 1, 1, 1, 0, 1, 0, 0, 0, 1 ], [ 1, 0, 1, 0, 1, 0, 0, 1, 0, 1, 0, 1, 0, 1, 0, 1 ], 
              [ 1, 0, 0, 1, 0, 0, 0, 0, 1, 0, 0, 1, 1, 0, 1, 1 ], [ 1, 0, 0, 1, 1, 0, 0, 0, 1, 1, 0, 1, 1, 0, 0, 1 ], 
              [ 1, 0, 0, 0, 1, 0, 0, 0, 0, 1, 0, 1, 1, 1, 0, 1 ], [ 1, 1, 0, 0, 0, 0, 1, 0, 0, 0, 0, 1, 0, 0, 0, 0 ], 
              [ 1, 1, 1, 0, 0, 0, 1, 1, 0, 0, 0, 1, 1, 0, 0, 0 ], [ 1, 1, 1, 1, 0, 0, 1, 1, 1, 0, 0, 1, 1, 1, 0, 0 ], 
              [ 1, 1, 1, 1, 1, 0, 1, 1, 1, 1, 0, 1, 1, 1, 1, 0 ], [ 1, 1, 1, 0, 1, 0, 1, 1, 0, 1, 0, 1, 1, 0, 1, 0 ], 
              [ 1, 1, 0, 1, 0, 0, 1, 0, 1, 0, 0, 1, 0, 1, 0, 0 ], [ 1, 1, 0, 1, 1, 0, 1, 0, 1, 1, 0, 1, 0, 1, 1, 0 ], 
              [ 1, 1, 0, 0, 1, 0, 1, 0, 0, 1, 0, 1, 0, 0, 1, 0 ], [ 1, 0, 1, 0, 0, 0, 0, 1, 0, 0, 0, 0, 1, 0, 0, 0 ], 
              [ 1, 0, 1, 1, 0, 0, 0, 1, 1, 0, 0, 0, 1, 1, 0, 0 ], [ 1, 0, 1, 1, 1, 0, 0, 1, 1, 1, 0, 0, 1, 1, 1, 0 ], 
              [ 1, 0, 1, 0, 1, 0, 0, 1, 0, 1, 0, 0, 1, 0, 1, 0 ], [ 1, 0, 0, 1, 0, 0, 0, 0, 1, 0, 0, 0, 0, 1, 0, 0 ], 
              [ 1, 0, 0, 1, 1, 0, 0, 0, 1, 1, 0, 0, 0, 1, 1, 0 ], [ 1, 0, 0, 0, 1, 0, 0, 0, 0, 1, 0, 0, 0, 0, 1, 0 ] ],
          GRP := Group( [ (  1,  2)(  3, 66)(  4, 67)(  5, 68)(  6, 69)(  7, 70)(  8, 71)(  9, 72)( 10, 73)( 11, 74)( 12, 75)
                ( 13, 76)( 14, 77)( 15, 78)( 16, 79)( 17, 80)( 18, 81)( 19, 82)( 20, 83)( 21, 84)( 22, 85)( 23, 86)( 24, 87)
                ( 25, 88)( 26, 89)( 27, 90)( 28, 91)( 29, 92)( 30, 93)( 31, 94)( 32, 95)( 33, 96)( 34, 97)( 35, 98)( 36, 99)
                ( 37,100)( 38,101)( 39,102)( 40,103)( 41,104)( 42,105)( 43,106)( 44,107)( 45,108)( 46,109)( 47,110)( 48,111)
                ( 49,112)( 50,113)( 51,114)( 52,115)( 53,116)( 54,117)( 55,118)( 56,119)( 57,120)( 58,121)( 59,122)( 60,123)
                ( 61,124)( 62,125)( 63,126)( 64,127)( 65,128), (  1,114)(  2, 51)(  3, 20)(  4,  5)(  6, 13)(  7, 14)(  8, 15)
                (  9, 16)( 10, 17)( 11, 18)( 12, 19)( 21, 28)( 22, 29)( 23, 30)( 24, 31)( 25, 32)( 26, 33)( 27, 34)( 35, 36)
                ( 37, 44)( 38, 45)( 39, 46)( 40, 47)( 41, 48)( 42, 49)( 43, 50)( 52, 59)( 53, 60)( 54, 61)( 55, 62)( 56, 63)
                ( 57, 64)( 58, 65)( 66, 83)( 67, 68)( 69, 76)( 70, 77)( 71, 78)( 72, 79)( 73, 80)( 74, 81)( 75, 82)( 84, 91)
                ( 85, 92)( 86, 93)( 87, 94)( 88, 95)( 89, 96)( 90, 97)( 98, 99)(100,107)(101,108)(102,109)(103,110)(104,111)
                (105,112)(106,113)(115,122)(116,123)(117,124)(118,125)(119,126)(120,127)(121,128), 
              (  3, 35)( 20, 36)( 21, 37)( 22, 38)( 23, 39)( 24, 40)( 25, 41)( 26, 42)( 27, 43)( 28, 44)( 29, 45)( 30, 46)
                ( 31, 47)( 32, 48)( 33, 49)( 34, 50)( 66, 98)( 83, 99)( 84,100)( 85,101)( 86,102)( 87,103)( 88,104)( 89,105)
                ( 90,106)( 91,107)( 92,108)( 93,109)( 94,110)( 95,111)( 96,112)( 97,113), (  2, 66)( 35, 67)( 36, 68)( 37, 69)
                ( 38, 70)( 39, 71)( 40, 72)( 41, 73)( 42, 74)( 43, 75)( 44, 76)( 45, 77)( 46, 78)( 47, 79)( 48, 80)( 49, 81)
                ( 50, 82)( 51, 83)( 52, 84)( 53, 85)( 54, 86)( 55, 87)( 56, 88)( 57, 89)( 58, 90)( 59, 91)( 60, 92)( 61, 93)
                ( 62, 94)( 63, 95)( 64, 96)( 65, 97), (  8,128)(  9,127)( 11,125)( 12,124)( 15,121)( 16,120)( 18,118)( 19,117)
                ( 23,113)( 24,112)( 26,110)( 27,109)( 30,106)( 31,105)( 33,103)( 34,102)( 39, 97)( 40, 96)( 42, 94)( 43, 93)
                ( 46, 90)( 47, 89)( 49, 87)( 50, 86)( 54, 82)( 55, 81)( 57, 79)( 58, 78)( 61, 75)( 62, 74)( 64, 72)( 65, 71), 
              (  7,  9)( 10, 12)( 14, 16)( 17, 19)( 22, 24)( 25, 27)( 29, 31)( 32, 34)( 38, 40)( 41, 43)( 45, 47)( 48, 50)
                ( 53, 55)( 56, 58)( 60, 62)( 63, 65)( 70, 72)( 73, 75)( 77, 79)( 80, 82)( 85, 87)( 88, 90)( 92, 94)( 95, 97)
                (101,103)(104,106)(108,110)(111,113)(116,118)(119,121)(123,125)(126,128), (  6, 10)(  9, 11)( 13, 17)( 16, 18)
                ( 21, 25)( 24, 26)( 28, 32)( 31, 33)( 37, 41)( 40, 42)( 44, 48)( 47, 49)( 52, 56)( 55, 57)( 59, 63)( 62, 64)
                ( 69, 73)( 72, 74)( 76, 80)( 79, 81)( 84, 88)( 87, 89)( 91, 95)( 94, 96)(100,104)(103,105)(107,111)(110,112)
                (115,119)(118,120)(122,126)(125,127), (  5, 13)( 10, 14)( 11, 15)( 12, 16)( 20, 28)( 25, 29)( 26, 30)( 27, 31)
                ( 36, 44)( 41, 45)( 42, 46)( 43, 47)( 51, 59)( 56, 60)( 57, 61)( 58, 62)( 68, 76)( 73, 77)( 74, 78)( 75, 79)
                ( 83, 91)( 88, 92)( 89, 93)( 90, 94)( 99,107)(104,108)(105,109)(106,110)(114,122)(119,123)(120,124)(121,125) ] ) )
       ,
      GRA := rec(
          adjacencies := [ [ 4, 5, 6, 7, 8 ], [ 4, 5, 6, 7, 8 ], [ 4, 5, 6, 7, 8 ], [ 1, 2, 3 ], [ 1, 2, 3 ], [ 1, 2, 3 ], 
              [ 1, 2, 3 ], [ 1, 2, 3 ] ],
          autGroup := Group( [ (2,3), (1,2), (7,8), (6,7), (5,6), (4,5) ] ),
          group := Group( [ () ] ),
          isGraph := true,
          isSimple := true,
          order := 8,
          representatives := [ 1, 2, 3, 4, 5, 6, 7, 8 ],
          schreierVector := [ -1, -2, -3, -4, -5, -6, -7, -8 ] ),
      GRPedge := Group( [ ( 6,11)( 7,12)( 8,13)( 9,14)(10,15), ( 1, 6)( 2, 7)( 3, 8)( 4, 9)( 5,10), ( 4, 5)( 9,10)(14,15), 
          ( 3, 4)( 8, 9)(13,14), ( 2, 3)( 7, 8)(12,13), ( 1, 2)( 6, 7)(11,12) ] ),
      GRPvert := Group( [ (2,3), (1,2), (7,8), (6,7), (5,6), (4,5) ] ),
      ListEdges := [ [ 1, 4 ], [ 1, 5 ], [ 1, 6 ], [ 1, 7 ], [ 1, 8 ], [ 2, 4 ], [ 2, 5 ], [ 2, 6 ], [ 2, 7 ], [ 2, 8 ], 
          [ 3, 4 ], [ 3, 5 ], [ 3, 6 ], [ 3, 7 ], [ 3, 8 ] ],
      ListSet := [ [  ], [ 1 ], [ 1, 2 ], [ 1, 2, 3 ], [ 1, 2, 3, 4 ], [ 1, 2, 3, 4, 5 ], [ 1, 2, 3, 4, 5, 6 ], 
          [ 1, 2, 3, 4, 5, 6, 7 ], [ 1, 2, 3, 4, 5, 7 ], [ 1, 2, 3, 4, 6 ], [ 1, 2, 3, 4, 6, 7 ], [ 1, 2, 3, 4, 7 ], 
          [ 1, 2, 3, 5 ], [ 1, 2, 3, 5, 6 ], [ 1, 2, 3, 5, 6, 7 ], [ 1, 2, 3, 5, 7 ], [ 1, 2, 3, 6 ], [ 1, 2, 3, 6, 7 ], 
          [ 1, 2, 3, 7 ], [ 1, 2, 4 ], [ 1, 2, 4, 5 ], [ 1, 2, 4, 5, 6 ], [ 1, 2, 4, 5, 6, 7 ], [ 1, 2, 4, 5, 7 ], 
          [ 1, 2, 4, 6 ], [ 1, 2, 4, 6, 7 ], [ 1, 2, 4, 7 ], [ 1, 2, 5 ], [ 1, 2, 5, 6 ], [ 1, 2, 5, 6, 7 ], [ 1, 2, 5, 7 ], 
          [ 1, 2, 6 ], [ 1, 2, 6, 7 ], [ 1, 2, 7 ], [ 1, 3 ], [ 1, 3, 4 ], [ 1, 3, 4, 5 ], [ 1, 3, 4, 5, 6 ], 
          [ 1, 3, 4, 5, 6, 7 ], [ 1, 3, 4, 5, 7 ], [ 1, 3, 4, 6 ], [ 1, 3, 4, 6, 7 ], [ 1, 3, 4, 7 ], [ 1, 3, 5 ], 
          [ 1, 3, 5, 6 ], [ 1, 3, 5, 6, 7 ], [ 1, 3, 5, 7 ], [ 1, 3, 6 ], [ 1, 3, 6, 7 ], [ 1, 3, 7 ], [ 1, 4 ], [ 1, 4, 5 ], 
          [ 1, 4, 5, 6 ], [ 1, 4, 5, 6, 7 ], [ 1, 4, 5, 7 ], [ 1, 4, 6 ], [ 1, 4, 6, 7 ], [ 1, 4, 7 ], [ 1, 5 ], [ 1, 5, 6 ], 
          [ 1, 5, 6, 7 ], [ 1, 5, 7 ], [ 1, 6 ], [ 1, 6, 7 ], [ 1, 7 ], [ 2 ], [ 2, 3 ], [ 2, 3, 4 ], [ 2, 3, 4, 5 ], 
          [ 2, 3, 4, 5, 6 ], [ 2, 3, 4, 5, 6, 7 ], [ 2, 3, 4, 5, 7 ], [ 2, 3, 4, 6 ], [ 2, 3, 4, 6, 7 ], [ 2, 3, 4, 7 ], 
          [ 2, 3, 5 ], [ 2, 3, 5, 6 ], [ 2, 3, 5, 6, 7 ], [ 2, 3, 5, 7 ], [ 2, 3, 6 ], [ 2, 3, 6, 7 ], [ 2, 3, 7 ], [ 2, 4 ], 
          [ 2, 4, 5 ], [ 2, 4, 5, 6 ], [ 2, 4, 5, 6, 7 ], [ 2, 4, 5, 7 ], [ 2, 4, 6 ], [ 2, 4, 6, 7 ], [ 2, 4, 7 ], [ 2, 5 ], 
          [ 2, 5, 6 ], [ 2, 5, 6, 7 ], [ 2, 5, 7 ], [ 2, 6 ], [ 2, 6, 7 ], [ 2, 7 ], [ 3 ], [ 3, 4 ], [ 3, 4, 5 ], 
          [ 3, 4, 5, 6 ], [ 3, 4, 5, 6, 7 ], [ 3, 4, 5, 7 ], [ 3, 4, 6 ], [ 3, 4, 6, 7 ], [ 3, 4, 7 ], [ 3, 5 ], 
          [ 3, 5, 6 ], [ 3, 5, 6, 7 ], [ 3, 5, 7 ], [ 3, 6 ], [ 3, 6, 7 ], [ 3, 7 ], [ 4 ], [ 4, 5 ], [ 4, 5, 6 ], 
          [ 4, 5, 6, 7 ], [ 4, 5, 7 ], [ 4, 6 ], [ 4, 6, 7 ], [ 4, 7 ], [ 5 ], [ 5, 6 ], [ 5, 6, 7 ], [ 5, 7 ], [ 6 ], [ 6, 7 ], 
          [ 7 ] ],
      ListVect := [ [ 1, 0, 0, 0, 0, 0, 0, 0, 0, 0, 0, 0, 0, 0, 0, 0 ], [ 1, 1, 1, 1, 1, 1, 0, 0, 0, 0, 0, 0, 0, 0, 0, 0 ], 
          [ 1, 1, 1, 1, 1, 1, 1, 1, 1, 1, 1, 0, 0, 0, 0, 0 ], [ 1, 1, 1, 1, 1, 1, 1, 1, 1, 1, 1, 1, 1, 1, 1, 1 ], 
          [ 1, 0, 1, 1, 1, 1, 0, 1, 1, 1, 1, 0, 1, 1, 1, 1 ], [ 1, 0, 0, 1, 1, 1, 0, 0, 1, 1, 1, 0, 0, 1, 1, 1 ], 
          [ 1, 0, 0, 0, 1, 1, 0, 0, 0, 1, 1, 0, 0, 0, 1, 1 ], [ 1, 0, 0, 0, 0, 1, 0, 0, 0, 0, 1, 0, 0, 0, 0, 1 ], 
          [ 1, 0, 0, 1, 0, 1, 0, 0, 1, 0, 1, 0, 0, 1, 0, 1 ], [ 1, 0, 1, 0, 1, 1, 0, 1, 0, 1, 1, 0, 1, 0, 1, 1 ], 
          [ 1, 0, 1, 0, 0, 1, 0, 1, 0, 0, 1, 0, 1, 0, 0, 1 ], [ 1, 0, 1, 1, 0, 1, 0, 1, 1, 0, 1, 0, 1, 1, 0, 1 ], 
          [ 1, 1, 0, 1, 1, 1, 1, 0, 1, 1, 1, 1, 0, 1, 1, 1 ], [ 1, 1, 0, 0, 1, 1, 1, 0, 0, 1, 1, 1, 0, 0, 1, 1 ], 
          [ 1, 1, 0, 0, 0, 1, 1, 0, 0, 0, 1, 1, 0, 0, 0, 1 ], [ 1, 1, 0, 1, 0, 1, 1, 0, 1, 0, 1, 1, 0, 1, 0, 1 ], 
          [ 1, 1, 1, 0, 1, 1, 1, 1, 0, 1, 1, 1, 1, 0, 1, 1 ], [ 1, 1, 1, 0, 0, 1, 1, 1, 0, 0, 1, 1, 1, 0, 0, 1 ], 
          [ 1, 1, 1, 1, 0, 1, 1, 1, 1, 0, 1, 1, 1, 1, 0, 1 ], [ 1, 0, 1, 1, 1, 1, 0, 1, 1, 1, 1, 1, 0, 0, 0, 0 ], 
          [ 1, 0, 0, 1, 1, 1, 0, 0, 1, 1, 1, 1, 1, 0, 0, 0 ], [ 1, 0, 0, 0, 1, 1, 0, 0, 0, 1, 1, 1, 1, 1, 0, 0 ], 
          [ 1, 0, 0, 0, 0, 1, 0, 0, 0, 0, 1, 1, 1, 1, 1, 0 ], [ 1, 0, 0, 1, 0, 1, 0, 0, 1, 0, 1, 1, 1, 0, 1, 0 ], 
          [ 1, 0, 1, 0, 1, 1, 0, 1, 0, 1, 1, 1, 0, 1, 0, 0 ], [ 1, 0, 1, 0, 0, 1, 0, 1, 0, 0, 1, 1, 0, 1, 1, 0 ], 
          [ 1, 0, 1, 1, 0, 1, 0, 1, 1, 0, 1, 1, 0, 0, 1, 0 ], [ 1, 1, 0, 1, 1, 1, 1, 0, 1, 1, 1, 0, 1, 0, 0, 0 ], 
          [ 1, 1, 0, 0, 1, 1, 1, 0, 0, 1, 1, 0, 1, 1, 0, 0 ], [ 1, 1, 0, 0, 0, 1, 1, 0, 0, 0, 1, 0, 1, 1, 1, 0 ], 
          [ 1, 1, 0, 1, 0, 1, 1, 0, 1, 0, 1, 0, 1, 0, 1, 0 ], [ 1, 1, 1, 0, 1, 1, 1, 1, 0, 1, 1, 0, 0, 1, 0, 0 ], 
          [ 1, 1, 1, 0, 0, 1, 1, 1, 0, 0, 1, 0, 0, 1, 1, 0 ], [ 1, 1, 1, 1, 0, 1, 1, 1, 1, 0, 1, 0, 0, 0, 1, 0 ], 
          [ 1, 1, 1, 1, 1, 1, 0, 0, 0, 0, 0, 1, 1, 1, 1, 1 ], [ 1, 0, 1, 1, 1, 1, 1, 0, 0, 0, 0, 0, 1, 1, 1, 1 ], 
          [ 1, 0, 0, 1, 1, 1, 1, 1, 0, 0, 0, 0, 0, 1, 1, 1 ], [ 1, 0, 0, 0, 1, 1, 1, 1, 1, 0, 0, 0, 0, 0, 1, 1 ], 
          [ 1, 0, 0, 0, 0, 1, 1, 1, 1, 1, 0, 0, 0, 0, 0, 1 ], [ 1, 0, 0, 1, 0, 1, 1, 1, 0, 1, 0, 0, 0, 1, 0, 1 ], 
          [ 1, 0, 1, 0, 1, 1, 1, 0, 1, 0, 0, 0, 1, 0, 1, 1 ], [ 1, 0, 1, 0, 0, 1, 1, 0, 1, 1, 0, 0, 1, 0, 0, 1 ], 
          [ 1, 0, 1, 1, 0, 1, 1, 0, 0, 1, 0, 0, 1, 1, 0, 1 ], [ 1, 1, 0, 1, 1, 1, 0, 1, 0, 0, 0, 1, 0, 1, 1, 1 ], 
          [ 1, 1, 0, 0, 1, 1, 0, 1, 1, 0, 0, 1, 0, 0, 1, 1 ], [ 1, 1, 0, 0, 0, 1, 0, 1, 1, 1, 0, 1, 0, 0, 0, 1 ], 
          [ 1, 1, 0, 1, 0, 1, 0, 1, 0, 1, 0, 1, 0, 1, 0, 1 ], [ 1, 1, 1, 0, 1, 1, 0, 0, 1, 0, 0, 1, 1, 0, 1, 1 ], 
          [ 1, 1, 1, 0, 0, 1, 0, 0, 1, 1, 0, 1, 1, 0, 0, 1 ], [ 1, 1, 1, 1, 0, 1, 0, 0, 0, 1, 0, 1, 1, 1, 0, 1 ], 
          [ 1, 0, 1, 1, 1, 1, 1, 0, 0, 0, 0, 1, 0, 0, 0, 0 ], [ 1, 0, 0, 1, 1, 1, 1, 1, 0, 0, 0, 1, 1, 0, 0, 0 ], 
          [ 1, 0, 0, 0, 1, 1, 1, 1, 1, 0, 0, 1, 1, 1, 0, 0 ], [ 1, 0, 0, 0, 0, 1, 1, 1, 1, 1, 0, 1, 1, 1, 1, 0 ], 
          [ 1, 0, 0, 1, 0, 1, 1, 1, 0, 1, 0, 1, 1, 0, 1, 0 ], [ 1, 0, 1, 0, 1, 1, 1, 0, 1, 0, 0, 1, 0, 1, 0, 0 ], 
          [ 1, 0, 1, 0, 0, 1, 1, 0, 1, 1, 0, 1, 0, 1, 1, 0 ], [ 1, 0, 1, 1, 0, 1, 1, 0, 0, 1, 0, 1, 0, 0, 1, 0 ], 
          [ 1, 1, 0, 1, 1, 1, 0, 1, 0, 0, 0, 0, 1, 0, 0, 0 ], [ 1, 1, 0, 0, 1, 1, 0, 1, 1, 0, 0, 0, 1, 1, 0, 0 ], 
          [ 1, 1, 0, 0, 0, 1, 0, 1, 1, 1, 0, 0, 1, 1, 1, 0 ], [ 1, 1, 0, 1, 0, 1, 0, 1, 0, 1, 0, 0, 1, 0, 1, 0 ], 
          [ 1, 1, 1, 0, 1, 1, 0, 0, 1, 0, 0, 0, 0, 1, 0, 0 ], [ 1, 1, 1, 0, 0, 1, 0, 0, 1, 1, 0, 0, 0, 1, 1, 0 ], 
          [ 1, 1, 1, 1, 0, 1, 0, 0, 0, 1, 0, 0, 0, 0, 1, 0 ], [ 1, 0, 0, 0, 0, 0, 1, 1, 1, 1, 1, 0, 0, 0, 0, 0 ], 
          [ 1, 0, 0, 0, 0, 0, 1, 1, 1, 1, 1, 1, 1, 1, 1, 1 ], [ 1, 1, 0, 0, 0, 0, 0, 1, 1, 1, 1, 0, 1, 1, 1, 1 ], 
          [ 1, 1, 1, 0, 0, 0, 0, 0, 1, 1, 1, 0, 0, 1, 1, 1 ], [ 1, 1, 1, 1, 0, 0, 0, 0, 0, 1, 1, 0, 0, 0, 1, 1 ], 
          [ 1, 1, 1, 1, 1, 0, 0, 0, 0, 0, 1, 0, 0, 0, 0, 1 ], [ 1, 1, 1, 0, 1, 0, 0, 0, 1, 0, 1, 0, 0, 1, 0, 1 ], 
          [ 1, 1, 0, 1, 0, 0, 0, 1, 0, 1, 1, 0, 1, 0, 1, 1 ], [ 1, 1, 0, 1, 1, 0, 0, 1, 0, 0, 1, 0, 1, 0, 0, 1 ], 
          [ 1, 1, 0, 0, 1, 0, 0, 1, 1, 0, 1, 0, 1, 1, 0, 1 ], [ 1, 0, 1, 0, 0, 0, 1, 0, 1, 1, 1, 1, 0, 1, 1, 1 ], 
          [ 1, 0, 1, 1, 0, 0, 1, 0, 0, 1, 1, 1, 0, 0, 1, 1 ], [ 1, 0, 1, 1, 1, 0, 1, 0, 0, 0, 1, 1, 0, 0, 0, 1 ], 
          [ 1, 0, 1, 0, 1, 0, 1, 0, 1, 0, 1, 1, 0, 1, 0, 1 ], [ 1, 0, 0, 1, 0, 0, 1, 1, 0, 1, 1, 1, 1, 0, 1, 1 ], 
          [ 1, 0, 0, 1, 1, 0, 1, 1, 0, 0, 1, 1, 1, 0, 0, 1 ], [ 1, 0, 0, 0, 1, 0, 1, 1, 1, 0, 1, 1, 1, 1, 0, 1 ], 
          [ 1, 1, 0, 0, 0, 0, 0, 1, 1, 1, 1, 1, 0, 0, 0, 0 ], [ 1, 1, 1, 0, 0, 0, 0, 0, 1, 1, 1, 1, 1, 0, 0, 0 ], 
          [ 1, 1, 1, 1, 0, 0, 0, 0, 0, 1, 1, 1, 1, 1, 0, 0 ], [ 1, 1, 1, 1, 1, 0, 0, 0, 0, 0, 1, 1, 1, 1, 1, 0 ], 
          [ 1, 1, 1, 0, 1, 0, 0, 0, 1, 0, 1, 1, 1, 0, 1, 0 ], [ 1, 1, 0, 1, 0, 0, 0, 1, 0, 1, 1, 1, 0, 1, 0, 0 ], 
          [ 1, 1, 0, 1, 1, 0, 0, 1, 0, 0, 1, 1, 0, 1, 1, 0 ], [ 1, 1, 0, 0, 1, 0, 0, 1, 1, 0, 1, 1, 0, 0, 1, 0 ], 
          [ 1, 0, 1, 0, 0, 0, 1, 0, 1, 1, 1, 0, 1, 0, 0, 0 ], [ 1, 0, 1, 1, 0, 0, 1, 0, 0, 1, 1, 0, 1, 1, 0, 0 ], 
          [ 1, 0, 1, 1, 1, 0, 1, 0, 0, 0, 1, 0, 1, 1, 1, 0 ], [ 1, 0, 1, 0, 1, 0, 1, 0, 1, 0, 1, 0, 1, 0, 1, 0 ], 
          [ 1, 0, 0, 1, 0, 0, 1, 1, 0, 1, 1, 0, 0, 1, 0, 0 ], [ 1, 0, 0, 1, 1, 0, 1, 1, 0, 0, 1, 0, 0, 1, 1, 0 ], 
          [ 1, 0, 0, 0, 1, 0, 1, 1, 1, 0, 1, 0, 0, 0, 1, 0 ], [ 1, 0, 0, 0, 0, 0, 0, 0, 0, 0, 0, 1, 1, 1, 1, 1 ], 
          [ 1, 1, 0, 0, 0, 0, 1, 0, 0, 0, 0, 0, 1, 1, 1, 1 ], [ 1, 1, 1, 0, 0, 0, 1, 1, 0, 0, 0, 0, 0, 1, 1, 1 ], 
          [ 1, 1, 1, 1, 0, 0, 1, 1, 1, 0, 0, 0, 0, 0, 1, 1 ], [ 1, 1, 1, 1, 1, 0, 1, 1, 1, 1, 0, 0, 0, 0, 0, 1 ], 
          [ 1, 1, 1, 0, 1, 0, 1, 1, 0, 1, 0, 0, 0, 1, 0, 1 ], [ 1, 1, 0, 1, 0, 0, 1, 0, 1, 0, 0, 0, 1, 0, 1, 1 ], 
          [ 1, 1, 0, 1, 1, 0, 1, 0, 1, 1, 0, 0, 1, 0, 0, 1 ], [ 1, 1, 0, 0, 1, 0, 1, 0, 0, 1, 0, 0, 1, 1, 0, 1 ], 
          [ 1, 0, 1, 0, 0, 0, 0, 1, 0, 0, 0, 1, 0, 1, 1, 1 ], [ 1, 0, 1, 1, 0, 0, 0, 1, 1, 0, 0, 1, 0, 0, 1, 1 ], 
          [ 1, 0, 1, 1, 1, 0, 0, 1, 1, 1, 0, 1, 0, 0, 0, 1 ], [ 1, 0, 1, 0, 1, 0, 0, 1, 0, 1, 0, 1, 0, 1, 0, 1 ], 
          [ 1, 0, 0, 1, 0, 0, 0, 0, 1, 0, 0, 1, 1, 0, 1, 1 ], [ 1, 0, 0, 1, 1, 0, 0, 0, 1, 1, 0, 1, 1, 0, 0, 1 ], 
          [ 1, 0, 0, 0, 1, 0, 0, 0, 0, 1, 0, 1, 1, 1, 0, 1 ], [ 1, 1, 0, 0, 0, 0, 1, 0, 0, 0, 0, 1, 0, 0, 0, 0 ], 
          [ 1, 1, 1, 0, 0, 0, 1, 1, 0, 0, 0, 1, 1, 0, 0, 0 ], [ 1, 1, 1, 1, 0, 0, 1, 1, 1, 0, 0, 1, 1, 1, 0, 0 ], 
          [ 1, 1, 1, 1, 1, 0, 1, 1, 1, 1, 0, 1, 1, 1, 1, 0 ], [ 1, 1, 1, 0, 1, 0, 1, 1, 0, 1, 0, 1, 1, 0, 1, 0 ], 
          [ 1, 1, 0, 1, 0, 0, 1, 0, 1, 0, 0, 1, 0, 1, 0, 0 ], [ 1, 1, 0, 1, 1, 0, 1, 0, 1, 1, 0, 1, 0, 1, 1, 0 ], 
          [ 1, 1, 0, 0, 1, 0, 1, 0, 0, 1, 0, 1, 0, 0, 1, 0 ], [ 1, 0, 1, 0, 0, 0, 0, 1, 0, 0, 0, 0, 1, 0, 0, 0 ], 
          [ 1, 0, 1, 1, 0, 0, 0, 1, 1, 0, 0, 0, 1, 1, 0, 0 ], [ 1, 0, 1, 1, 1, 0, 0, 1, 1, 1, 0, 0, 1, 1, 1, 0 ], 
          [ 1, 0, 1, 0, 1, 0, 0, 1, 0, 1, 0, 0, 1, 0, 1, 0 ], [ 1, 0, 0, 1, 0, 0, 0, 0, 1, 0, 0, 0, 0, 1, 0, 0 ], 
          [ 1, 0, 0, 1, 1, 0, 0, 0, 1, 1, 0, 0, 0, 1, 1, 0 ], [ 1, 0, 0, 0, 1, 0, 0, 0, 0, 1, 0, 0, 0, 0, 1, 0 ] ],
      MET_info := rec(
          EXT := [ [ 0, -1, 1, 0, 0, 0, 1, 1, 0, 0, 0, 0, 0, 0, 0, 0 ], [ 0, 1, -1, 0, 0, 0, 1, 1, 0, 0, 0, 0, 0, 0, 0, 0 ], 
              [ 0, 1, 1, 0, 0, 0, -1, 1, 0, 0, 0, 0, 0, 0, 0, 0 ], [ 0, -1, 1, 0, 0, 0, 0, 0, 0, 0, 0, 1, 1, 0, 0, 0 ], 
              [ 0, -1, 0, 1, 0, 0, 1, 0, 1, 0, 0, 0, 0, 0, 0, 0 ], [ 2, -1, -1, 0, 0, 0, -1, 1, 0, 0, 0, 0, 0, 0, 0, 0 ], 
              [ 0, 1, -1, 0, 0, 0, 0, 0, 0, 0, 0, 1, 1, 0, 0, 0 ], [ 0, 1, 1, 0, 0, 0, 1, -1, 0, 0, 0, 0, 0, 0, 0, 0 ], 
              [ 0, 1, 0, -1, 0, 0, 1, 0, 1, 0, 0, 0, 0, 0, 0, 0 ], [ 0, 1, 1, 0, 0, 0, 0, 0, 0, 0, 0, -1, 1, 0, 0, 0 ], 
              [ 0, 1, 0, 1, 0, 0, -1, 0, 1, 0, 0, 0, 0, 0, 0, 0 ], [ 0, 0, 0, 0, 0, 0, -1, 1, 0, 0, 0, 1, 1, 0, 0, 0 ], 
              [ 0, -1, 0, 1, 0, 0, 0, 0, 0, 0, 0, 1, 0, 1, 0, 0 ], [ 0, -1, 0, 0, 1, 0, 1, 0, 0, 1, 0, 0, 0, 0, 0, 0 ], 
              [ 0, 0, -1, 1, 0, 0, 0, 1, 1, 0, 0, 0, 0, 0, 0, 0 ], [ 2, -1, -1, 0, 0, 0, 0, 0, 0, 0, 0, -1, 1, 0, 0, 0 ], 
              [ 2, -1, 1, 0, 0, 0, -1, -1, 0, 0, 0, 0, 0, 0, 0, 0 ], [ 2, -1, 0, -1, 0, 0, -1, 0, 1, 0, 0, 0, 0, 0, 0, 0 ], 
              [ 2, -1, -1, 0, 0, 0, 1, -1, 0, 0, 0, 0, 0, 0, 0, 0 ], [ 0, 0, 0, 0, 0, 0, 1, -1, 0, 0, 0, 1, 1, 0, 0, 0 ], 
              [ 0, 1, 0, -1, 0, 0, 0, 0, 0, 0, 0, 1, 0, 1, 0, 0 ], [ 0, 1, 1, 0, 0, 0, 0, 0, 0, 0, 0, 1, -1, 0, 0, 0 ], 
              [ 0, 1, 0, 1, 0, 0, 1, 0, -1, 0, 0, 0, 0, 0, 0, 0 ], [ 0, 1, 0, 0, -1, 0, 1, 0, 0, 1, 0, 0, 0, 0, 0, 0 ], 
              [ 0, 0, 1, -1, 0, 0, 0, 1, 1, 0, 0, 0, 0, 0, 0, 0 ], [ 0, 0, 0, 0, 0, 0, 1, 1, 0, 0, 0, -1, 1, 0, 0, 0 ], 
              [ 0, 1, 0, 1, 0, 0, 0, 0, 0, 0, 0, -1, 0, 1, 0, 0 ], [ 0, 1, 0, 0, 1, 0, -1, 0, 0, 1, 0, 0, 0, 0, 0, 0 ], 
              [ 0, 0, 1, 1, 0, 0, 0, -1, 1, 0, 0, 0, 0, 0, 0, 0 ], [ 0, 0, 0, 0, 0, 0, -1, 0, 1, 0, 0, 1, 0, 1, 0, 0 ], 
              [ 0, -1, 0, 0, 1, 0, 0, 0, 0, 0, 0, 1, 0, 0, 1, 0 ], [ 0, 0, -1, 1, 0, 0, 0, 0, 0, 0, 0, 0, 1, 1, 0, 0 ], 
              [ 0, -1, 0, 0, 0, 1, 1, 0, 0, 0, 1, 0, 0, 0, 0, 0 ], [ 0, 0, -1, 0, 1, 0, 0, 1, 0, 1, 0, 0, 0, 0, 0, 0 ], 
              [ 2, 0, 0, 0, 0, 0, -1, -1, 0, 0, 0, -1, 1, 0, 0, 0 ], [ 2, -1, 0, -1, 0, 0, 0, 0, 0, 0, 0, -1, 0, 1, 0, 0 ], 
              [ 2, -1, -1, 0, 0, 0, 0, 0, 0, 0, 0, 1, -1, 0, 0, 0 ], [ 2, 1, -1, 0, 0, 0, -1, -1, 0, 0, 0, 0, 0, 0, 0, 0 ], 
              [ 2, -1, 1, 0, 0, 0, 0, 0, 0, 0, 0, -1, -1, 0, 0, 0 ], [ 2, -1, 0, 1, 0, 0, -1, 0, -1, 0, 0, 0, 0, 0, 0, 0 ], 
              [ 2, -1, 0, 0, -1, 0, -1, 0, 0, 1, 0, 0, 0, 0, 0, 0 ], [ 2, 0, -1, -1, 0, 0, 0, -1, 1, 0, 0, 0, 0, 0, 0, 0 ], 
              [ 2, -1, 0, -1, 0, 0, 1, 0, -1, 0, 0, 0, 0, 0, 0, 0 ], [ 0, 0, 0, 0, 0, 0, 1, 1, 0, 0, 0, 1, -1, 0, 0, 0 ], 
              [ 0, 0, 0, 0, 0, 0, 1, 0, -1, 0, 0, 1, 0, 1, 0, 0 ], [ 0, 1, 0, 0, -1, 0, 0, 0, 0, 0, 0, 1, 0, 0, 1, 0 ], 
              [ 0, 0, 1, -1, 0, 0, 0, 0, 0, 0, 0, 0, 1, 1, 0, 0 ], [ 0, 1, 0, 1, 0, 0, 0, 0, 0, 0, 0, 1, 0, -1, 0, 0 ], 
              [ 0, 1, 0, 0, 1, 0, 1, 0, 0, -1, 0, 0, 0, 0, 0, 0 ], [ 0, 0, 1, 1, 0, 0, 0, 1, -1, 0, 0, 0, 0, 0, 0, 0 ], 
              [ 0, 1, 0, 0, 0, -1, 1, 0, 0, 0, 1, 0, 0, 0, 0, 0 ], [ 0, 0, 1, 0, -1, 0, 0, 1, 0, 1, 0, 0, 0, 0, 0, 0 ], 
              [ 0, 0, 0, 0, 0, 0, 1, 0, 1, 0, 0, -1, 0, 1, 0, 0 ], [ 0, 1, 0, 0, 1, 0, 0, 0, 0, 0, 0, -1, 0, 0, 1, 0 ], 
              [ 0, 0, 1, 1, 0, 0, 0, 0, 0, 0, 0, 0, -1, 1, 0, 0 ], [ 0, 1, 0, 0, 0, 1, -1, 0, 0, 0, 1, 0, 0, 0, 0, 0 ], 
              [ 0, 0, 1, 0, 1, 0, 0, -1, 0, 1, 0, 0, 0, 0, 0, 0 ], [ 0, 0, 0, 0, 0, 0, -1, 0, 0, 1, 0, 1, 0, 0, 1, 0 ], 
              [ 0, 0, 0, 0, 0, 0, 0, -1, 1, 0, 0, 0, 1, 1, 0, 0 ], [ 0, -1, 0, 0, 0, 1, 0, 0, 0, 0, 0, 1, 0, 0, 0, 1 ], 
              [ 0, 0, -1, 0, 1, 0, 0, 0, 0, 0, 0, 0, 1, 0, 1, 0 ], [ 0, 0, -1, 0, 0, 1, 0, 1, 0, 0, 1, 0, 0, 0, 0, 0 ], 
              [ 0, 0, 0, -1, 1, 0, 0, 0, 1, 1, 0, 0, 0, 0, 0, 0 ], [ 2, 0, 0, 0, 0, 0, -1, 1, 0, 0, 0, -1, -1, 0, 0, 0 ], 
              [ 2, 0, 0, 0, 0, 0, -1, 0, -1, 0, 0, -1, 0, 1, 0, 0 ], [ 2, 0, 0, 0, 0, 0, -1, -1, 0, 0, 0, 1, -1, 0, 0, 0 ], 
              [ 2, -1, 0, 0, -1, 0, 0, 0, 0, 0, 0, -1, 0, 0, 1, 0 ], [ 2, 0, -1, -1, 0, 0, 0, 0, 0, 0, 0, 0, -1, 1, 0, 0 ], 
              [ 2, 1, -1, 0, 0, 0, 0, 0, 0, 0, 0, -1, -1, 0, 0, 0 ], [ 2, -1, 0, -1, 0, 0, 0, 0, 0, 0, 0, 1, 0, -1, 0, 0 ], 
              [ 2, 1, 0, -1, 0, 0, -1, 0, -1, 0, 0, 0, 0, 0, 0, 0 ], [ 2, -1, 0, 1, 0, 0, 0, 0, 0, 0, 0, -1, 0, -1, 0, 0 ], 
              [ 2, -1, 0, 0, 1, 0, -1, 0, 0, -1, 0, 0, 0, 0, 0, 0 ], [ 2, 0, -1, 1, 0, 0, 0, -1, -1, 0, 0, 0, 0, 0, 0, 0 ], 
              [ 2, -1, 0, 0, 0, -1, -1, 0, 0, 0, 1, 0, 0, 0, 0, 0 ], [ 2, 0, -1, 0, -1, 0, 0, -1, 0, 1, 0, 0, 0, 0, 0, 0 ], 
              [ 2, 0, -1, -1, 0, 0, 0, 1, -1, 0, 0, 0, 0, 0, 0, 0 ], [ 2, -1, 0, 0, -1, 0, 1, 0, 0, -1, 0, 0, 0, 0, 0, 0 ], 
              [ 0, 0, 0, 0, 0, 0, 1, 0, 1, 0, 0, 1, 0, -1, 0, 0 ], [ 0, 0, 0, 0, 0, 0, 1, 0, 0, -1, 0, 1, 0, 0, 1, 0 ], 
              [ 0, 0, 0, 0, 0, 0, 0, 1, -1, 0, 0, 0, 1, 1, 0, 0 ], [ 0, 1, 0, 0, 0, -1, 0, 0, 0, 0, 0, 1, 0, 0, 0, 1 ], 
              [ 0, 0, 1, 0, -1, 0, 0, 0, 0, 0, 0, 0, 1, 0, 1, 0 ], [ 0, 1, 0, 0, 1, 0, 0, 0, 0, 0, 0, 1, 0, 0, -1, 0 ], 
              [ 0, 0, 1, 1, 0, 0, 0, 0, 0, 0, 0, 0, 1, -1, 0, 0 ], [ 0, 1, 0, 0, 0, 1, 1, 0, 0, 0, -1, 0, 0, 0, 0, 0 ], 
              [ 0, 0, 1, 0, 1, 0, 0, 1, 0, -1, 0, 0, 0, 0, 0, 0 ], [ 0, 0, 1, 0, 0, -1, 0, 1, 0, 0, 1, 0, 0, 0, 0, 0 ], 
              [ 0, 0, 0, 1, -1, 0, 0, 0, 1, 1, 0, 0, 0, 0, 0, 0 ], [ 0, 0, 0, 0, 0, 0, 1, 0, 0, 1, 0, -1, 0, 0, 1, 0 ], 
              [ 0, 0, 0, 0, 0, 0, 0, 1, 1, 0, 0, 0, -1, 1, 0, 0 ], [ 0, 1, 0, 0, 0, 1, 0, 0, 0, 0, 0, -1, 0, 0, 0, 1 ], 
              [ 0, 0, 1, 0, 1, 0, 0, 0, 0, 0, 0, 0, -1, 0, 1, 0 ], [ 0, 0, 1, 0, 0, 1, 0, -1, 0, 0, 1, 0, 0, 0, 0, 0 ], 
              [ 0, 0, 0, 1, 1, 0, 0, 0, -1, 1, 0, 0, 0, 0, 0, 0 ], [ 0, 0, 0, 0, 0, 0, -1, 0, 0, 0, 1, 1, 0, 0, 0, 1 ], 
              [ 0, 0, 0, 0, 0, 0, 0, -1, 0, 1, 0, 0, 1, 0, 1, 0 ], [ 0, 0, -1, 0, 0, 1, 0, 0, 0, 0, 0, 0, 1, 0, 0, 1 ], 
              [ 0, 0, 0, -1, 1, 0, 0, 0, 0, 0, 0, 0, 0, 1, 1, 0 ], [ 0, 0, 0, -1, 0, 1, 0, 0, 1, 0, 1, 0, 0, 0, 0, 0 ], 
              [ 2, 0, 0, 0, 0, 0, -1, 0, 1, 0, 0, -1, 0, -1, 0, 0 ], [ 2, 0, 0, 0, 0, 0, 1, -1, 0, 0, 0, -1, -1, 0, 0, 0 ], 
              [ 2, 0, 0, 0, 0, 0, -1, 0, 0, -1, 0, -1, 0, 0, 1, 0 ], [ 2, 0, 0, 0, 0, 0, 0, -1, -1, 0, 0, 0, -1, 1, 0, 0 ], 
              [ 2, 0, 0, 0, 0, 0, -1, 0, -1, 0, 0, 1, 0, -1, 0, 0 ], [ 2, -1, 0, 0, 0, -1, 0, 0, 0, 0, 0, -1, 0, 0, 0, 1 ], 
              [ 2, 0, -1, 0, -1, 0, 0, 0, 0, 0, 0, 0, -1, 0, 1, 0 ], [ 2, 0, -1, -1, 0, 0, 0, 0, 0, 0, 0, 0, 1, -1, 0, 0 ], 
              [ 2, 1, 0, -1, 0, 0, 0, 0, 0, 0, 0, -1, 0, -1, 0, 0 ], [ 2, -1, 0, 0, -1, 0, 0, 0, 0, 0, 0, 1, 0, 0, -1, 0 ], 
              [ 2, 1, 0, 0, -1, 0, -1, 0, 0, -1, 0, 0, 0, 0, 0, 0 ], [ 2, 0, 1, -1, 0, 0, 0, -1, -1, 0, 0, 0, 0, 0, 0, 0 ], 
              [ 2, -1, 0, 0, 1, 0, 0, 0, 0, 0, 0, -1, 0, 0, -1, 0 ], [ 2, 0, -1, 1, 0, 0, 0, 0, 0, 0, 0, 0, -1, -1, 0, 0 ], 
              [ 2, -1, 0, 0, 0, 1, -1, 0, 0, 0, -1, 0, 0, 0, 0, 0 ], [ 2, 0, -1, 0, 1, 0, 0, -1, 0, -1, 0, 0, 0, 0, 0, 0 ], 
              [ 2, 0, -1, 0, 0, -1, 0, -1, 0, 0, 1, 0, 0, 0, 0, 0 ], [ 2, 0, 0, -1, -1, 0, 0, 0, -1, 1, 0, 0, 0, 0, 0, 0 ], 
              [ 2, 0, -1, 0, -1, 0, 0, 1, 0, -1, 0, 0, 0, 0, 0, 0 ], [ 2, -1, 0, 0, 0, -1, 1, 0, 0, 0, -1, 0, 0, 0, 0, 0 ], 
              [ 0, 0, 0, 0, 0, 0, 1, 0, 0, 1, 0, 1, 0, 0, -1, 0 ], [ 0, 0, 0, 0, 0, 0, 0, 1, 1, 0, 0, 0, 1, -1, 0, 0 ], 
              [ 0, 0, 0, 0, 0, 0, 1, 0, 0, 0, -1, 1, 0, 0, 0, 1 ], [ 0, 0, 0, 0, 0, 0, 0, 1, 0, -1, 0, 0, 1, 0, 1, 0 ], 
              [ 0, 0, 1, 0, 0, -1, 0, 0, 0, 0, 0, 0, 1, 0, 0, 1 ], [ 0, 0, 0, 1, -1, 0, 0, 0, 0, 0, 0, 0, 0, 1, 1, 0 ], 
              [ 0, 1, 0, 0, 0, 1, 0, 0, 0, 0, 0, 1, 0, 0, 0, -1 ], [ 0, 0, 1, 0, 1, 0, 0, 0, 0, 0, 0, 0, 1, 0, -1, 0 ], 
              [ 0, 0, 1, 0, 0, 1, 0, 1, 0, 0, -1, 0, 0, 0, 0, 0 ], [ 0, 0, 0, 1, 1, 0, 0, 0, 1, -1, 0, 0, 0, 0, 0, 0 ], 
              [ 0, 0, 0, 1, 0, -1, 0, 0, 1, 0, 1, 0, 0, 0, 0, 0 ], [ 0, 0, 0, 0, 0, 0, 1, 0, 0, 0, 1, -1, 0, 0, 0, 1 ], 
              [ 0, 0, 0, 0, 0, 0, 0, 1, 0, 1, 0, 0, -1, 0, 1, 0 ], [ 0, 0, 1, 0, 0, 1, 0, 0, 0, 0, 0, 0, -1, 0, 0, 1 ], 
              [ 0, 0, 0, 1, 1, 0, 0, 0, 0, 0, 0, 0, 0, -1, 1, 0 ], [ 0, 0, 0, 1, 0, 1, 0, 0, -1, 0, 1, 0, 0, 0, 0, 0 ], 
              [ 0, 0, 0, 0, 0, 0, 0, -1, 0, 0, 1, 0, 1, 0, 0, 1 ], [ 0, 0, 0, 0, 0, 0, 0, 0, -1, 1, 0, 0, 0, 1, 1, 0 ], 
              [ 0, 0, 0, -1, 0, 1, 0, 0, 0, 0, 0, 0, 0, 1, 0, 1 ], [ 0, 0, 0, 0, -1, 1, 0, 0, 0, 1, 1, 0, 0, 0, 0, 0 ], 
              [ 2, 0, 0, 0, 0, 0, -1, 0, 0, 1, 0, -1, 0, 0, -1, 0 ], [ 2, 0, 0, 0, 0, 0, 0, -1, 1, 0, 0, 0, -1, -1, 0, 0 ], 
              [ 2, 0, 0, 0, 0, 0, 1, 0, -1, 0, 0, -1, 0, -1, 0, 0 ], [ 2, 0, 0, 0, 0, 0, -1, 0, 0, 0, -1, -1, 0, 0, 0, 1 ], 
              [ 2, 0, 0, 0, 0, 0, 0, -1, 0, -1, 0, 0, -1, 0, 1, 0 ], [ 2, 0, 0, 0, 0, 0, 0, -1, -1, 0, 0, 0, 1, -1, 0, 0 ], 
              [ 2, 0, 0, 0, 0, 0, -1, 0, 0, -1, 0, 1, 0, 0, -1, 0 ], [ 2, 0, -1, 0, 0, -1, 0, 0, 0, 0, 0, 0, -1, 0, 0, 1 ], 
              [ 2, 0, 0, -1, -1, 0, 0, 0, 0, 0, 0, 0, 0, -1, 1, 0 ], [ 2, 0, -1, 0, -1, 0, 0, 0, 0, 0, 0, 0, 1, 0, -1, 0 ], 
              [ 2, 1, 0, 0, -1, 0, 0, 0, 0, 0, 0, -1, 0, 0, -1, 0 ], [ 2, 0, 1, -1, 0, 0, 0, 0, 0, 0, 0, 0, -1, -1, 0, 0 ], 
              [ 2, -1, 0, 0, 0, -1, 0, 0, 0, 0, 0, 1, 0, 0, 0, -1 ], [ 2, 1, 0, 0, 0, -1, -1, 0, 0, 0, -1, 0, 0, 0, 0, 0 ], 
              [ 2, 0, 1, 0, -1, 0, 0, -1, 0, -1, 0, 0, 0, 0, 0, 0 ], [ 2, -1, 0, 0, 0, 1, 0, 0, 0, 0, 0, -1, 0, 0, 0, -1 ], 
              [ 2, 0, -1, 0, 1, 0, 0, 0, 0, 0, 0, 0, -1, 0, -1, 0 ], [ 2, 0, -1, 0, 0, 1, 0, -1, 0, 0, -1, 0, 0, 0, 0, 0 ], 
              [ 2, 0, 0, -1, 1, 0, 0, 0, -1, -1, 0, 0, 0, 0, 0, 0 ], [ 2, 0, 0, -1, 0, -1, 0, 0, -1, 0, 1, 0, 0, 0, 0, 0 ], 
              [ 2, 0, 0, -1, -1, 0, 0, 0, 1, -1, 0, 0, 0, 0, 0, 0 ], [ 2, 0, -1, 0, 0, -1, 0, 1, 0, 0, -1, 0, 0, 0, 0, 0 ], 
              [ 0, 0, 0, 0, 0, 0, 1, 0, 0, 0, 1, 1, 0, 0, 0, -1 ], [ 0, 0, 0, 0, 0, 0, 0, 1, 0, 1, 0, 0, 1, 0, -1, 0 ], 
              [ 0, 0, 0, 0, 0, 0, 0, 1, 0, 0, -1, 0, 1, 0, 0, 1 ], [ 0, 0, 0, 0, 0, 0, 0, 0, 1, -1, 0, 0, 0, 1, 1, 0 ], 
              [ 0, 0, 0, 1, 0, -1, 0, 0, 0, 0, 0, 0, 0, 1, 0, 1 ], [ 0, 0, 1, 0, 0, 1, 0, 0, 0, 0, 0, 0, 1, 0, 0, -1 ], 
              [ 0, 0, 0, 1, 1, 0, 0, 0, 0, 0, 0, 0, 0, 1, -1, 0 ], [ 0, 0, 0, 1, 0, 1, 0, 0, 1, 0, -1, 0, 0, 0, 0, 0 ], 
              [ 0, 0, 0, 0, 1, -1, 0, 0, 0, 1, 1, 0, 0, 0, 0, 0 ], [ 0, 0, 0, 0, 0, 0, 0, 1, 0, 0, 1, 0, -1, 0, 0, 1 ], 
              [ 0, 0, 0, 0, 0, 0, 0, 0, 1, 1, 0, 0, 0, -1, 1, 0 ], [ 0, 0, 0, 1, 0, 1, 0, 0, 0, 0, 0, 0, 0, -1, 0, 1 ], 
              [ 0, 0, 0, 0, 1, 1, 0, 0, 0, -1, 1, 0, 0, 0, 0, 0 ], [ 0, 0, 0, 0, 0, 0, 0, 0, -1, 0, 1, 0, 0, 1, 0, 1 ], 
              [ 0, 0, 0, 0, -1, 1, 0, 0, 0, 0, 0, 0, 0, 0, 1, 1 ], [ 2, 0, 0, 0, 0, 0, -1, 0, 0, 0, 1, -1, 0, 0, 0, -1 ], 
              [ 2, 0, 0, 0, 0, 0, 0, -1, 0, 1, 0, 0, -1, 0, -1, 0 ], [ 2, 0, 0, 0, 0, 0, 0, 1, -1, 0, 0, 0, -1, -1, 0, 0 ], 
              [ 2, 0, 0, 0, 0, 0, 1, 0, 0, -1, 0, -1, 0, 0, -1, 0 ], [ 2, 0, 0, 0, 0, 0, 0, -1, 0, 0, -1, 0, -1, 0, 0, 1 ], 
              [ 2, 0, 0, 0, 0, 0, 0, 0, -1, -1, 0, 0, 0, -1, 1, 0 ], [ 2, 0, 0, 0, 0, 0, 0, -1, 0, -1, 0, 0, 1, 0, -1, 0 ], 
              [ 2, 0, 0, 0, 0, 0, -1, 0, 0, 0, -1, 1, 0, 0, 0, -1 ], [ 2, 0, 0, -1, 0, -1, 0, 0, 0, 0, 0, 0, 0, -1, 0, 1 ], 
              [ 2, 0, 0, -1, -1, 0, 0, 0, 0, 0, 0, 0, 0, 1, -1, 0 ], [ 2, 0, -1, 0, 0, -1, 0, 0, 0, 0, 0, 0, 1, 0, 0, -1 ], 
              [ 2, 1, 0, 0, 0, -1, 0, 0, 0, 0, 0, -1, 0, 0, 0, -1 ], [ 2, 0, 1, 0, -1, 0, 0, 0, 0, 0, 0, 0, -1, 0, -1, 0 ], 
              [ 2, 0, 1, 0, 0, -1, 0, -1, 0, 0, -1, 0, 0, 0, 0, 0 ], [ 2, 0, 0, 1, -1, 0, 0, 0, -1, -1, 0, 0, 0, 0, 0, 0 ], 
              [ 2, 0, -1, 0, 0, 1, 0, 0, 0, 0, 0, 0, -1, 0, 0, -1 ], [ 2, 0, 0, -1, 1, 0, 0, 0, 0, 0, 0, 0, 0, -1, -1, 0 ], 
              [ 2, 0, 0, -1, 0, 1, 0, 0, -1, 0, -1, 0, 0, 0, 0, 0 ], [ 2, 0, 0, 0, -1, -1, 0, 0, 0, -1, 1, 0, 0, 0, 0, 0 ], 
              [ 2, 0, 0, -1, 0, -1, 0, 0, 1, 0, -1, 0, 0, 0, 0, 0 ], [ 0, 0, 0, 0, 0, 0, 0, 1, 0, 0, 1, 0, 1, 0, 0, -1 ], 
              [ 0, 0, 0, 0, 0, 0, 0, 0, 1, 1, 0, 0, 0, 1, -1, 0 ], [ 0, 0, 0, 0, 0, 0, 0, 0, 1, 0, -1, 0, 0, 1, 0, 1 ], 
              [ 0, 0, 0, 0, 1, -1, 0, 0, 0, 0, 0, 0, 0, 0, 1, 1 ], [ 0, 0, 0, 1, 0, 1, 0, 0, 0, 0, 0, 0, 0, 1, 0, -1 ], 
              [ 0, 0, 0, 0, 1, 1, 0, 0, 0, 1, -1, 0, 0, 0, 0, 0 ], [ 0, 0, 0, 0, 0, 0, 0, 0, 1, 0, 1, 0, 0, -1, 0, 1 ], 
              [ 0, 0, 0, 0, 1, 1, 0, 0, 0, 0, 0, 0, 0, 0, -1, 1 ], [ 0, 0, 0, 0, 0, 0, 0, 0, 0, -1, 1, 0, 0, 0, 1, 1 ], 
              [ 2, 0, 0, 0, 0, 0, 0, -1, 0, 0, 1, 0, -1, 0, 0, -1 ], [ 2, 0, 0, 0, 0, 0, 0, 0, -1, 1, 0, 0, 0, -1, -1, 0 ], 
              [ 2, 0, 0, 0, 0, 0, 0, 1, 0, -1, 0, 0, -1, 0, -1, 0 ], [ 2, 0, 0, 0, 0, 0, 1, 0, 0, 0, -1, -1, 0, 0, 0, -1 ], 
              [ 2, 0, 0, 0, 0, 0, 0, 0, -1, 0, -1, 0, 0, -1, 0, 1 ], [ 2, 0, 0, 0, 0, 0, 0, 0, -1, -1, 0, 0, 0, 1, -1, 0 ], 
              [ 2, 0, 0, 0, 0, 0, 0, -1, 0, 0, -1, 0, 1, 0, 0, -1 ], [ 2, 0, 0, 0, -1, -1, 0, 0, 0, 0, 0, 0, 0, 0, -1, 1 ], 
              [ 2, 0, 0, -1, 0, -1, 0, 0, 0, 0, 0, 0, 0, 1, 0, -1 ], [ 2, 0, 1, 0, 0, -1, 0, 0, 0, 0, 0, 0, -1, 0, 0, -1 ], 
              [ 2, 0, 0, 1, -1, 0, 0, 0, 0, 0, 0, 0, 0, -1, -1, 0 ], [ 2, 0, 0, 1, 0, -1, 0, 0, -1, 0, -1, 0, 0, 0, 0, 0 ], 
              [ 2, 0, 0, -1, 0, 1, 0, 0, 0, 0, 0, 0, 0, -1, 0, -1 ], [ 2, 0, 0, 0, -1, 1, 0, 0, 0, -1, -1, 0, 0, 0, 0, 0 ], 
              [ 2, 0, 0, 0, -1, -1, 0, 0, 0, 1, -1, 0, 0, 0, 0, 0 ], [ 0, 0, 0, 0, 0, 0, 0, 0, 1, 0, 1, 0, 0, 1, 0, -1 ], 
              [ 0, 0, 0, 0, 0, 0, 0, 0, 0, 1, -1, 0, 0, 0, 1, 1 ], [ 0, 0, 0, 0, 1, 1, 0, 0, 0, 0, 0, 0, 0, 0, 1, -1 ], 
              [ 0, 0, 0, 0, 0, 0, 0, 0, 0, 1, 1, 0, 0, 0, -1, 1 ], [ 2, 0, 0, 0, 0, 0, 0, 0, -1, 0, 1, 0, 0, -1, 0, -1 ], 
              [ 2, 0, 0, 0, 0, 0, 0, 0, 1, -1, 0, 0, 0, -1, -1, 0 ], [ 2, 0, 0, 0, 0, 0, 0, 1, 0, 0, -1, 0, -1, 0, 0, -1 ], 
              [ 2, 0, 0, 0, 0, 0, 0, 0, 0, -1, -1, 0, 0, 0, -1, 1 ], [ 2, 0, 0, 0, 0, 0, 0, 0, -1, 0, -1, 0, 0, 1, 0, -1 ], 
              [ 2, 0, 0, 0, -1, -1, 0, 0, 0, 0, 0, 0, 0, 0, 1, -1 ], [ 2, 0, 0, 1, 0, -1, 0, 0, 0, 0, 0, 0, 0, -1, 0, -1 ], 
              [ 2, 0, 0, 0, 1, -1, 0, 0, 0, -1, -1, 0, 0, 0, 0, 0 ], [ 2, 0, 0, 0, -1, 1, 0, 0, 0, 0, 0, 0, 0, 0, -1, -1 ], 
              [ 0, 0, 0, 0, 0, 0, 0, 0, 0, 1, 1, 0, 0, 0, 1, -1 ], [ 2, 0, 0, 0, 0, 0, 0, 0, 0, -1, 1, 0, 0, 0, -1, -1 ], 
              [ 2, 0, 0, 0, 0, 0, 0, 0, 1, 0, -1, 0, 0, -1, 0, -1 ], [ 2, 0, 0, 0, 0, 0, 0, 0, 0, -1, -1, 0, 0, 0, 1, -1 ], 
              [ 2, 0, 0, 0, 1, -1, 0, 0, 0, 0, 0, 0, 0, 0, -1, -1 ], [ 2, 0, 0, 0, 0, 0, 0, 0, 0, 1, -1, 0, 0, 0, -1, -1 ], 
              [ 0, 1, 0, 0, 0, 0, 0, 0, 0, 0, 0, 0, 0, 0, 0, 0 ], [ 1, -1, 0, 0, 0, 0, 0, 0, 0, 0, 0, 0, 0, 0, 0, 0 ], 
              [ 0, 0, 0, 0, 0, 0, 1, 0, 0, 0, 0, 0, 0, 0, 0, 0 ], [ 0, 0, 1, 0, 0, 0, 0, 0, 0, 0, 0, 0, 0, 0, 0, 0 ], 
              [ 1, 0, 0, 0, 0, 0, -1, 0, 0, 0, 0, 0, 0, 0, 0, 0 ], [ 1, 0, -1, 0, 0, 0, 0, 0, 0, 0, 0, 0, 0, 0, 0, 0 ], 
              [ 0, 0, 0, 0, 0, 0, 0, 0, 0, 0, 0, 1, 0, 0, 0, 0 ], [ 0, 0, 0, 0, 0, 0, 0, 1, 0, 0, 0, 0, 0, 0, 0, 0 ], 
              [ 0, 0, 0, 1, 0, 0, 0, 0, 0, 0, 0, 0, 0, 0, 0, 0 ], [ 1, 0, 0, 0, 0, 0, 0, 0, 0, 0, 0, -1, 0, 0, 0, 0 ], 
              [ 1, 0, 0, 0, 0, 0, 0, -1, 0, 0, 0, 0, 0, 0, 0, 0 ], [ 1, 0, 0, -1, 0, 0, 0, 0, 0, 0, 0, 0, 0, 0, 0, 0 ], 
              [ 0, 0, 0, 0, 0, 0, 0, 0, 0, 0, 0, 0, 1, 0, 0, 0 ], [ 0, 0, 0, 0, 0, 0, 0, 0, 1, 0, 0, 0, 0, 0, 0, 0 ], 
              [ 0, 0, 0, 0, 1, 0, 0, 0, 0, 0, 0, 0, 0, 0, 0, 0 ], [ 1, 0, 0, 0, 0, 0, 0, 0, 0, 0, 0, 0, -1, 0, 0, 0 ], 
              [ 1, 0, 0, 0, 0, 0, 0, 0, -1, 0, 0, 0, 0, 0, 0, 0 ], [ 1, 0, 0, 0, -1, 0, 0, 0, 0, 0, 0, 0, 0, 0, 0, 0 ], 
              [ 0, 0, 0, 0, 0, 0, 0, 0, 0, 0, 0, 0, 0, 1, 0, 0 ], [ 0, 0, 0, 0, 0, 0, 0, 0, 0, 1, 0, 0, 0, 0, 0, 0 ], 
              [ 0, 0, 0, 0, 0, 1, 0, 0, 0, 0, 0, 0, 0, 0, 0, 0 ], [ 1, 0, 0, 0, 0, 0, 0, 0, 0, 0, 0, 0, 0, -1, 0, 0 ], 
              [ 1, 0, 0, 0, 0, 0, 0, 0, 0, -1, 0, 0, 0, 0, 0, 0 ], [ 1, 0, 0, 0, 0, -1, 0, 0, 0, 0, 0, 0, 0, 0, 0, 0 ], 
              [ 0, 0, 0, 0, 0, 0, 0, 0, 0, 0, 0, 0, 0, 0, 1, 0 ], [ 0, 0, 0, 0, 0, 0, 0, 0, 0, 0, 1, 0, 0, 0, 0, 0 ], 
              [ 1, 0, 0, 0, 0, 0, 0, 0, 0, 0, 0, 0, 0, 0, -1, 0 ], [ 1, 0, 0, 0, 0, 0, 0, 0, 0, 0, -1, 0, 0, 0, 0, 0 ], 
              [ 0, 0, 0, 0, 0, 0, 0, 0, 0, 0, 0, 0, 0, 0, 0, 1 ], [ 1, 0, 0, 0, 0, 0, 0, 0, 0, 0, 0, 0, 0, 0, 0, -1 ] ],
          GRP := Group( [ (  1,  2)(  3,  6)(  4,  7)(  5,  9)(  8, 19)( 10, 16)( 11, 18)( 13, 21)( 14, 24)( 15, 25)( 17, 38)
                ( 22, 37)( 23, 43)( 27, 36)( 28, 41)( 29, 42)( 31, 46)( 32, 47)( 33, 51)( 34, 52)( 39, 69)( 40, 71)( 48, 70)
                ( 49, 78)( 50, 77)( 54, 67)( 55, 68)( 56, 75)( 57, 76)( 60, 82)( 61, 83)( 62, 88)( 63, 89)( 72,109)( 73,111)
                ( 74,112)( 84,110)( 85,108)( 86,120)( 87,119)( 92,106)( 93,107)( 94,117)( 95,118)( 98,125)( 99,126)(100,131)
                (113,151)(114,152)(115,154)(116,155)(127,153)(128,150)(129,162)(130,161)(134,148)(135,149)(136,160)(139,167)
                (140,171)(156,189)(157,190)(158,191)(159,192)(168,188)(169,187)(170,197)(174,186)(175,196)(177,201)(193,216)
                (194,217)(195,218)(202,215)(203,221)(205,214)(219,232)(220,233)(224,231)(234,239)(241,242)(244,246)(249,252)
                (255,258)(261,264), (  1,  3)(  2,  6)(  4, 10)(  5, 11)(  7, 16)(  8, 17)(  9, 18)( 12, 26)( 13, 27)( 14, 28)
                ( 19, 38)( 20, 35)( 21, 36)( 22, 39)( 23, 40)( 24, 41)( 30, 53)( 31, 54)( 33, 56)( 37, 69)( 43, 71)( 44, 64)
                ( 45, 65)( 46, 67)( 48, 72)( 49, 73)( 51, 75)( 58, 90)( 60, 92)( 66,102)( 70,109)( 78,111)( 79,101)( 80,103)
                ( 82,106)( 84,113)( 86,115)( 96,132)(105,143)(110,151)(120,154)(121,141)(123,144)(127,156)(147,181)(153,189)
                (163,178)(185,210)(241,242)(243,245)(247,250), (  1,  4)(  2,  7)(  3, 10)(  5, 13)(  6, 16)(  8, 22)(  9, 21)
                ( 11, 27)( 12, 26)( 14, 31)( 15, 32)( 17, 39)( 18, 36)( 19, 37)( 20, 44)( 23, 48)( 24, 46)( 25, 47)( 28, 54)
                ( 29, 55)( 30, 53)( 33, 60)( 34, 61)( 35, 64)( 38, 69)( 40, 72)( 41, 67)( 42, 68)( 43, 70)( 45, 79)( 49, 84)
                ( 50, 85)( 51, 82)( 52, 83)( 56, 92)( 57, 93)( 58, 90)( 59, 91)( 62, 98)( 63, 99)( 65,101)( 66,102)( 71,109)
                ( 73,113)( 74,114)( 75,106)( 76,107)( 77,108)( 78,110)( 80,121)( 81,122)( 86,127)( 87,128)( 88,125)( 89,126)
                ( 94,134)( 95,135)( 96,132)( 97,133)(100,139)(103,141)(104,142)(105,143)(111,151)(112,152)(115,156)(116,157)
                (117,148)(118,149)(119,150)(120,153)(123,163)(124,164)(129,168)(130,169)(131,167)(136,174)(137,172)(138,173)
                (140,177)(144,178)(145,179)(146,180)(147,181)(154,189)(155,190)(158,193)(159,194)(160,186)(161,187)(162,188)
                (165,198)(166,199)(170,202)(171,201)(175,205)(176,204)(182,207)(183,208)(184,209)(185,210)(191,216)(192,217)
                (195,219)(196,214)(197,215)(200,222)(203,224)(206,225)(211,226)(212,227)(213,228)(218,232)(220,234)(221,231)
                (223,235)(229,236)(230,237)(233,239)(238,240)(243,247)(245,250)(248,253)(251,256)(254,259)(257,262)(260,265)
                (263,267)(266,269)(268,270), (  1,  3)(  2,  8)(  4, 12)(  5, 11)(  6, 17)(  7, 20)(  9, 23)( 10, 26)( 13, 30)
                ( 14, 28)( 15, 29)( 16, 35)( 18, 40)( 19, 38)( 21, 45)( 22, 44)( 24, 49)( 25, 50)( 27, 53)( 31, 58)( 32, 59)
                ( 33, 56)( 34, 57)( 36, 65)( 37, 66)( 39, 64)( 41, 73)( 42, 74)( 43, 71)( 46, 80)( 47, 81)( 48, 79)( 51, 86)
                ( 52, 87)( 54, 90)( 55, 91)( 60, 96)( 61, 97)( 62, 94)( 63, 95)( 67,103)( 68,104)( 69,102)( 70,105)( 72,101)
                ( 75,115)( 76,116)( 77,112)( 78,111)( 82,123)( 83,124)( 84,121)( 85,122)( 88,129)( 89,130)( 92,132)( 93,133)
                ( 98,137)( 99,138)(100,136)(106,144)(107,145)(108,146)(109,143)(110,147)(113,141)(114,142)(117,158)(118,159)
                (119,155)(120,154)(125,165)(126,166)(127,163)(128,164)(131,170)(134,172)(135,173)(139,176)(140,175)(148,182)
                (149,183)(150,184)(151,181)(152,180)(153,185)(156,178)(157,179)(160,195)(161,192)(162,191)(167,200)(168,198)
                (169,199)(171,203)(174,204)(177,206)(186,211)(187,212)(188,213)(189,210)(190,209)(193,207)(194,208)(196,220)
                (197,218)(201,223)(202,222)(205,225)(214,229)(215,230)(216,228)(217,227)(219,226)(221,233)(224,235)(231,238)
                (232,237)(234,236)(239,240)(241,243)(242,245)(244,248)(246,251)(249,254)(252,257)(255,260)(258,263)(261,266)
                (264,268), ( 14, 33)( 24, 51)( 28, 56)( 31, 60)( 34, 62)( 41, 75)( 46, 82)( 49, 86)( 52, 88)( 54, 92)( 57, 94)
                ( 58, 96)( 61, 98)( 63,100)( 67,106)( 73,115)( 76,117)( 78,120)( 80,123)( 83,125)( 84,127)( 87,129)( 89,131)
                ( 90,132)( 93,134)( 95,136)( 97,137)( 99,139)(103,144)(107,148)(110,153)(111,154)(113,156)(116,158)(118,160)
                (119,162)(121,163)(124,165)(126,167)(128,168)(130,170)(133,172)(135,174)(138,176)(140,171)(141,178)(145,182)
                (147,185)(149,186)(150,188)(151,189)(155,191)(157,193)(159,195)(161,197)(164,198)(166,200)(169,202)(173,204)
                (175,203)(177,201)(179,207)(181,210)(183,211)(184,213)(187,215)(190,216)(192,218)(194,219)(196,221)(199,222)
                (205,224)(206,223)(208,226)(209,228)(212,230)(214,231)(217,232)(220,233)(225,235)(227,237)(229,238)(234,239)
                (236,240)(255,261)(258,264)(260,266)(263,268)(265,269)(267,270), (  5, 14)(  9, 24)( 11, 28)( 13, 31)( 15, 34)
                ( 18, 41)( 21, 46)( 23, 49)( 25, 52)( 27, 54)( 29, 57)( 30, 58)( 32, 61)( 36, 67)( 40, 73)( 42, 76)( 43, 78)
                ( 45, 80)( 47, 83)( 48, 84)( 50, 87)( 53, 90)( 55, 93)( 59, 97)( 63, 89)( 65,103)( 68,107)( 70,110)( 71,111)
                ( 72,113)( 74,116)( 77,119)( 79,121)( 81,124)( 85,128)( 91,133)( 95,130)( 99,126)(100,140)(101,141)(104,145)
                (105,147)(108,150)(109,151)(112,155)(114,157)(118,161)(122,164)(131,171)(135,169)(136,175)(138,166)(139,177)
                (142,179)(143,181)(146,184)(149,187)(152,190)(159,192)(160,196)(167,201)(170,203)(173,199)(174,205)(176,206)
                (180,209)(183,212)(186,214)(194,217)(195,220)(197,221)(200,223)(202,224)(204,225)(208,227)(211,229)(215,231)
                (218,233)(219,234)(222,235)(226,236)(230,238)(232,239)(237,240)(249,255)(252,258)(254,260)(257,263)(259,265)
                (262,267), (  1,  5)(  2,  9)(  3, 11)(  4, 13)(  6, 18)(  7, 21)(  8, 23)( 10, 27)( 12, 30)( 15, 25)( 16, 36)
                ( 17, 40)( 19, 43)( 20, 45)( 22, 48)( 26, 53)( 29, 50)( 32, 47)( 34, 63)( 35, 65)( 37, 70)( 38, 71)( 39, 72)
                ( 42, 77)( 44, 79)( 52, 89)( 55, 85)( 57, 95)( 59, 81)( 61, 99)( 62,100)( 64,101)( 66,105)( 68,108)( 69,109)
                ( 74,112)( 76,118)( 83,126)( 87,130)( 88,131)( 91,122)( 93,135)( 94,136)( 97,138)( 98,139)(102,143)(104,146)
                (107,149)(114,152)(116,159)(117,160)(119,161)(124,166)(125,167)(128,169)(129,170)(133,173)(134,174)(137,176)
                (142,180)(145,183)(148,186)(150,187)(155,192)(157,194)(158,195)(162,197)(164,199)(165,200)(168,202)(172,204)
                (179,208)(182,211)(184,212)(188,215)(190,217)(191,218)(193,219)(198,222)(207,226)(209,227)(213,230)(216,232)
                (228,237)(244,249)(246,252)(248,254)(251,257)(253,259)(256,262), (  1,  2)(  3,  8)(  4,  7)(  5, 15)(  6, 19)
                (  9, 25)( 10, 22)( 11, 29)( 12, 20)( 13, 32)( 14, 34)( 16, 37)( 17, 38)( 18, 42)( 21, 47)( 23, 50)( 24, 52)
                ( 26, 44)( 27, 55)( 28, 57)( 30, 59)( 31, 61)( 33, 62)( 35, 66)( 36, 68)( 39, 69)( 40, 74)( 41, 76)( 43, 77)
                ( 45, 81)( 46, 83)( 48, 85)( 49, 87)( 51, 88)( 53, 91)( 54, 93)( 56, 94)( 58, 97)( 60, 98)( 64,102)( 65,104)
                ( 67,107)( 70,108)( 71,112)( 72,114)( 73,116)( 75,117)( 78,119)( 79,122)( 80,124)( 82,125)( 84,128)( 86,129)
                ( 90,133)( 92,134)( 96,137)(101,142)(103,145)(105,146)(106,148)(109,152)(110,150)(111,155)(113,157)(115,158)
                (120,162)(121,164)(123,165)(127,168)(132,172)(141,179)(143,180)(144,182)(147,184)(151,190)(153,188)(154,191)
                (156,193)(163,198)(178,207)(181,209)(185,213)(189,216)(210,228)(241,244)(242,246)(243,248)(245,251)(247,253)
                (250,256) ] ) ) ) );
