return rec(
  EXT := [ [ 1, 0, 0, 0, 0, 0, 0, 0, 0, 0, 0, 0, 0 ], [ 1, 1, 1, 1, 1, 1, 1, 0, 0, 0, 0, 0, 0 ], 
      [ 1, 1, 1, 1, 1, 1, 1, 1, 1, 1, 1, 1, 1 ], [ 1, 0, 1, 1, 1, 1, 1, 0, 1, 1, 1, 1, 1 ], 
      [ 1, 0, 0, 1, 1, 1, 1, 0, 0, 1, 1, 1, 1 ], [ 1, 0, 0, 0, 1, 1, 1, 0, 0, 0, 1, 1, 1 ], 
      [ 1, 0, 0, 0, 0, 1, 1, 0, 0, 0, 0, 1, 1 ], [ 1, 0, 0, 0, 0, 0, 1, 0, 0, 0, 0, 0, 1 ], 
      [ 1, 0, 0, 0, 1, 0, 1, 0, 0, 0, 1, 0, 1 ], [ 1, 0, 0, 1, 0, 1, 1, 0, 0, 1, 0, 1, 1 ], 
      [ 1, 0, 0, 1, 0, 0, 1, 0, 0, 1, 0, 0, 1 ], [ 1, 0, 0, 1, 1, 0, 1, 0, 0, 1, 1, 0, 1 ], 
      [ 1, 0, 1, 0, 1, 1, 1, 0, 1, 0, 1, 1, 1 ], [ 1, 0, 1, 0, 0, 1, 1, 0, 1, 0, 0, 1, 1 ], 
      [ 1, 0, 1, 0, 0, 0, 1, 0, 1, 0, 0, 0, 1 ], [ 1, 0, 1, 0, 1, 0, 1, 0, 1, 0, 1, 0, 1 ], 
      [ 1, 0, 1, 1, 0, 1, 1, 0, 1, 1, 0, 1, 1 ], [ 1, 0, 1, 1, 0, 0, 1, 0, 1, 1, 0, 0, 1 ], 
      [ 1, 0, 1, 1, 1, 0, 1, 0, 1, 1, 1, 0, 1 ], [ 1, 1, 0, 1, 1, 1, 1, 1, 0, 1, 1, 1, 1 ], 
      [ 1, 1, 0, 0, 1, 1, 1, 1, 0, 0, 1, 1, 1 ], [ 1, 1, 0, 0, 0, 1, 1, 1, 0, 0, 0, 1, 1 ], 
      [ 1, 1, 0, 0, 0, 0, 1, 1, 0, 0, 0, 0, 1 ], [ 1, 1, 0, 0, 1, 0, 1, 1, 0, 0, 1, 0, 1 ], 
      [ 1, 1, 0, 1, 0, 1, 1, 1, 0, 1, 0, 1, 1 ], [ 1, 1, 0, 1, 0, 0, 1, 1, 0, 1, 0, 0, 1 ], 
      [ 1, 1, 0, 1, 1, 0, 1, 1, 0, 1, 1, 0, 1 ], [ 1, 1, 1, 0, 1, 1, 1, 1, 1, 0, 1, 1, 1 ], 
      [ 1, 1, 1, 0, 0, 1, 1, 1, 1, 0, 0, 1, 1 ], [ 1, 1, 1, 0, 0, 0, 1, 1, 1, 0, 0, 0, 1 ], 
      [ 1, 1, 1, 0, 1, 0, 1, 1, 1, 0, 1, 0, 1 ], [ 1, 1, 1, 1, 0, 1, 1, 1, 1, 1, 0, 1, 1 ], 
      [ 1, 1, 1, 1, 0, 0, 1, 1, 1, 1, 0, 0, 1 ], [ 1, 1, 1, 1, 1, 0, 1, 1, 1, 1, 1, 0, 1 ], 
      [ 1, 0, 1, 1, 1, 1, 1, 1, 0, 0, 0, 0, 0 ], [ 1, 0, 0, 1, 1, 1, 1, 1, 1, 0, 0, 0, 0 ], 
      [ 1, 0, 0, 0, 1, 1, 1, 1, 1, 1, 0, 0, 0 ], [ 1, 0, 0, 0, 0, 1, 1, 1, 1, 1, 1, 0, 0 ], 
      [ 1, 0, 0, 0, 0, 0, 1, 1, 1, 1, 1, 1, 0 ], [ 1, 0, 0, 0, 1, 0, 1, 1, 1, 1, 0, 1, 0 ], 
      [ 1, 0, 0, 1, 0, 1, 1, 1, 1, 0, 1, 0, 0 ], [ 1, 0, 0, 1, 0, 0, 1, 1, 1, 0, 1, 1, 0 ], 
      [ 1, 0, 0, 1, 1, 0, 1, 1, 1, 0, 0, 1, 0 ], [ 1, 0, 1, 0, 1, 1, 1, 1, 0, 1, 0, 0, 0 ], 
      [ 1, 0, 1, 0, 0, 1, 1, 1, 0, 1, 1, 0, 0 ], [ 1, 0, 1, 0, 0, 0, 1, 1, 0, 1, 1, 1, 0 ], 
      [ 1, 0, 1, 0, 1, 0, 1, 1, 0, 1, 0, 1, 0 ], [ 1, 0, 1, 1, 0, 1, 1, 1, 0, 0, 1, 0, 0 ], 
      [ 1, 0, 1, 1, 0, 0, 1, 1, 0, 0, 1, 1, 0 ], [ 1, 0, 1, 1, 1, 0, 1, 1, 0, 0, 0, 1, 0 ], 
      [ 1, 1, 0, 1, 1, 1, 1, 0, 1, 0, 0, 0, 0 ], [ 1, 1, 0, 0, 1, 1, 1, 0, 1, 1, 0, 0, 0 ], 
      [ 1, 1, 0, 0, 0, 1, 1, 0, 1, 1, 1, 0, 0 ], [ 1, 1, 0, 0, 0, 0, 1, 0, 1, 1, 1, 1, 0 ], 
      [ 1, 1, 0, 0, 1, 0, 1, 0, 1, 1, 0, 1, 0 ], [ 1, 1, 0, 1, 0, 1, 1, 0, 1, 0, 1, 0, 0 ], 
      [ 1, 1, 0, 1, 0, 0, 1, 0, 1, 0, 1, 1, 0 ], [ 1, 1, 0, 1, 1, 0, 1, 0, 1, 0, 0, 1, 0 ], 
      [ 1, 1, 1, 0, 1, 1, 1, 0, 0, 1, 0, 0, 0 ], [ 1, 1, 1, 0, 0, 1, 1, 0, 0, 1, 1, 0, 0 ], 
      [ 1, 1, 1, 0, 0, 0, 1, 0, 0, 1, 1, 1, 0 ], [ 1, 1, 1, 0, 1, 0, 1, 0, 0, 1, 0, 1, 0 ], 
      [ 1, 1, 1, 1, 0, 1, 1, 0, 0, 0, 1, 0, 0 ], [ 1, 1, 1, 1, 0, 0, 1, 0, 0, 0, 1, 1, 0 ], 
      [ 1, 1, 1, 1, 1, 0, 1, 0, 0, 0, 0, 1, 0 ], [ 1, 0, 0, 0, 0, 0, 0, 1, 1, 1, 1, 1, 1 ], 
      [ 1, 1, 0, 0, 0, 0, 0, 0, 1, 1, 1, 1, 1 ], [ 1, 1, 1, 0, 0, 0, 0, 0, 0, 1, 1, 1, 1 ], 
      [ 1, 1, 1, 1, 0, 0, 0, 0, 0, 0, 1, 1, 1 ], [ 1, 1, 1, 1, 1, 0, 0, 0, 0, 0, 0, 1, 1 ], 
      [ 1, 1, 1, 1, 1, 1, 0, 0, 0, 0, 0, 0, 1 ], [ 1, 1, 1, 1, 0, 1, 0, 0, 0, 0, 1, 0, 1 ], 
      [ 1, 1, 1, 0, 1, 0, 0, 0, 0, 1, 0, 1, 1 ], [ 1, 1, 1, 0, 1, 1, 0, 0, 0, 1, 0, 0, 1 ], 
      [ 1, 1, 1, 0, 0, 1, 0, 0, 0, 1, 1, 0, 1 ], [ 1, 1, 0, 1, 0, 0, 0, 0, 1, 0, 1, 1, 1 ], 
      [ 1, 1, 0, 1, 1, 0, 0, 0, 1, 0, 0, 1, 1 ], [ 1, 1, 0, 1, 1, 1, 0, 0, 1, 0, 0, 0, 1 ], 
      [ 1, 1, 0, 1, 0, 1, 0, 0, 1, 0, 1, 0, 1 ], [ 1, 1, 0, 0, 1, 0, 0, 0, 1, 1, 0, 1, 1 ], 
      [ 1, 1, 0, 0, 1, 1, 0, 0, 1, 1, 0, 0, 1 ], [ 1, 1, 0, 0, 0, 1, 0, 0, 1, 1, 1, 0, 1 ], 
      [ 1, 0, 1, 0, 0, 0, 0, 1, 0, 1, 1, 1, 1 ], [ 1, 0, 1, 1, 0, 0, 0, 1, 0, 0, 1, 1, 1 ], 
      [ 1, 0, 1, 1, 1, 0, 0, 1, 0, 0, 0, 1, 1 ], [ 1, 0, 1, 1, 1, 1, 0, 1, 0, 0, 0, 0, 1 ], 
      [ 1, 0, 1, 1, 0, 1, 0, 1, 0, 0, 1, 0, 1 ], [ 1, 0, 1, 0, 1, 0, 0, 1, 0, 1, 0, 1, 1 ], 
      [ 1, 0, 1, 0, 1, 1, 0, 1, 0, 1, 0, 0, 1 ], [ 1, 0, 1, 0, 0, 1, 0, 1, 0, 1, 1, 0, 1 ], 
      [ 1, 0, 0, 1, 0, 0, 0, 1, 1, 0, 1, 1, 1 ], [ 1, 0, 0, 1, 1, 0, 0, 1, 1, 0, 0, 1, 1 ], 
      [ 1, 0, 0, 1, 1, 1, 0, 1, 1, 0, 0, 0, 1 ], [ 1, 0, 0, 1, 0, 1, 0, 1, 1, 0, 1, 0, 1 ], 
      [ 1, 0, 0, 0, 1, 0, 0, 1, 1, 1, 0, 1, 1 ], [ 1, 0, 0, 0, 1, 1, 0, 1, 1, 1, 0, 0, 1 ], 
      [ 1, 0, 0, 0, 0, 1, 0, 1, 1, 1, 1, 0, 1 ], [ 1, 1, 0, 0, 0, 0, 0, 1, 0, 0, 0, 0, 0 ], 
      [ 1, 1, 1, 0, 0, 0, 0, 1, 1, 0, 0, 0, 0 ], [ 1, 1, 1, 1, 0, 0, 0, 1, 1, 1, 0, 0, 0 ], 
      [ 1, 1, 1, 1, 1, 0, 0, 1, 1, 1, 1, 0, 0 ], [ 1, 1, 1, 1, 1, 1, 0, 1, 1, 1, 1, 1, 0 ], 
      [ 1, 1, 1, 1, 0, 1, 0, 1, 1, 1, 0, 1, 0 ], [ 1, 1, 1, 0, 1, 0, 0, 1, 1, 0, 1, 0, 0 ], 
      [ 1, 1, 1, 0, 1, 1, 0, 1, 1, 0, 1, 1, 0 ], [ 1, 1, 1, 0, 0, 1, 0, 1, 1, 0, 0, 1, 0 ], 
      [ 1, 1, 0, 1, 0, 0, 0, 1, 0, 1, 0, 0, 0 ], [ 1, 1, 0, 1, 1, 0, 0, 1, 0, 1, 1, 0, 0 ], 
      [ 1, 1, 0, 1, 1, 1, 0, 1, 0, 1, 1, 1, 0 ], [ 1, 1, 0, 1, 0, 1, 0, 1, 0, 1, 0, 1, 0 ], 
      [ 1, 1, 0, 0, 1, 0, 0, 1, 0, 0, 1, 0, 0 ], [ 1, 1, 0, 0, 1, 1, 0, 1, 0, 0, 1, 1, 0 ], 
      [ 1, 1, 0, 0, 0, 1, 0, 1, 0, 0, 0, 1, 0 ], [ 1, 0, 1, 0, 0, 0, 0, 0, 1, 0, 0, 0, 0 ], 
      [ 1, 0, 1, 1, 0, 0, 0, 0, 1, 1, 0, 0, 0 ], [ 1, 0, 1, 1, 1, 0, 0, 0, 1, 1, 1, 0, 0 ], 
      [ 1, 0, 1, 1, 1, 1, 0, 0, 1, 1, 1, 1, 0 ], [ 1, 0, 1, 1, 0, 1, 0, 0, 1, 1, 0, 1, 0 ], 
      [ 1, 0, 1, 0, 1, 0, 0, 0, 1, 0, 1, 0, 0 ], [ 1, 0, 1, 0, 1, 1, 0, 0, 1, 0, 1, 1, 0 ], 
      [ 1, 0, 1, 0, 0, 1, 0, 0, 1, 0, 0, 1, 0 ], [ 1, 0, 0, 1, 0, 0, 0, 0, 0, 1, 0, 0, 0 ], 
      [ 1, 0, 0, 1, 1, 0, 0, 0, 0, 1, 1, 0, 0 ], [ 1, 0, 0, 1, 1, 1, 0, 0, 0, 1, 1, 1, 0 ], 
      [ 1, 0, 0, 1, 0, 1, 0, 0, 0, 1, 0, 1, 0 ], [ 1, 0, 0, 0, 1, 0, 0, 0, 0, 0, 1, 0, 0 ], 
      [ 1, 0, 0, 0, 1, 1, 0, 0, 0, 0, 1, 1, 0 ], [ 1, 0, 0, 0, 0, 1, 0, 0, 0, 0, 0, 1, 0 ] ],
  GRP := Group( [ ( 35, 51)( 44, 52)( 45, 53)( 46, 54)( 47, 55)( 48, 56)( 49, 57)( 50, 58)( 67, 83)( 76, 84)( 77, 85)( 78, 86)
        ( 79, 87)( 80, 88)( 81, 89)( 82, 90), ( 35, 51)( 39, 97)( 40, 96)( 42, 94)( 43, 93)( 44, 52)( 45, 53)( 46, 82)( 47, 81)
        ( 48, 56)( 49, 79)( 50, 78)( 54, 90)( 55, 89)( 57, 87)( 58, 86)( 61, 75)( 62, 74)( 64, 72)( 65, 71)( 67, 83)( 76, 84)
        ( 77, 85)( 80, 88), ( 38, 40)( 41, 43)( 45, 47)( 48, 50)( 53, 55)( 56, 58)( 60, 62)( 63, 65)( 70, 72)( 73, 75)( 77, 79)
        ( 80, 82)( 85, 87)( 88, 90)( 92, 94)( 95, 97), ( 36, 44)( 41, 45)( 42, 46)( 43, 47)( 51, 59)( 56, 60)( 57, 61)( 58, 62)
        ( 68, 76)( 73, 77)( 74, 78)( 75, 79)( 83, 91)( 88, 92)( 89, 93)( 90, 94), ( 37, 41)( 40, 42)( 44, 48)( 47, 49)( 52, 56)
        ( 55, 57)( 59, 63)( 62, 64)( 69, 73)( 72, 74)( 76, 80)( 79, 81)( 84, 88)( 87, 89)( 91, 95)( 94, 96), 
      (  2, 35, 36, 37, 38, 39, 54, 61, 64, 65)( 40, 53, 46, 57, 62, 63, 50, 51, 44, 41)( 42, 55, 60, 49, 58, 59, 48, 43, 52, 45)
        ( 47, 56)( 66, 67, 68, 69, 70, 71, 86, 93, 96, 97)( 72, 85, 78, 89, 94, 95, 82, 83, 76, 73)( 74, 87, 92, 81, 90, 91, 80,
          75, 84, 77)( 79, 88), (  4, 20)( 13, 21)( 14, 22)( 15, 23)( 16, 24)( 17, 25)( 18, 26)( 19, 27)( 98,114)(107,115)
        (108,116)(109,117)(110,118)(111,119)(112,120)(113,121), (  4, 20)(  8,128)(  9,127)( 11,125)( 12,124)( 13, 21)( 14, 22)
        ( 15,113)( 16,112)( 17, 25)( 18,110)( 19,109)( 23,121)( 24,120)( 26,118)( 27,117)( 30,106)( 31,105)( 33,103)( 34,102)
        ( 98,114)(107,115)(108,116)(111,119), (  7,  9)( 10, 12)( 14, 16)( 17, 19)( 22, 24)( 25, 27)( 29, 31)( 32, 34)(101,103)
        (104,106)(108,110)(111,113)(116,118)(119,121)(123,125)(126,128), (  5, 13)( 10, 14)( 11, 15)( 12, 16)( 20, 28)( 25, 29)
        ( 26, 30)( 27, 31)( 99,107)(104,108)(105,109)(106,110)(114,122)(119,123)(120,124)(121,125), 
      (  6, 10)(  9, 11)( 13, 17)( 16, 18)( 21, 25)( 24, 26)( 28, 32)( 31, 33)(100,104)(103,105)(107,111)(110,112)(115,119)
        (118,120)(122,126)(125,127), (  1,  2)(  3, 66)(  4, 39)(  5, 38)(  6, 37)(  7, 36)(  8, 35)(  9, 44)( 10, 41)( 11, 48)
        ( 12, 45)( 13, 40)( 14, 43)( 15, 50)( 16, 47)( 17, 42)( 18, 49)( 19, 46)( 20, 97)( 21, 96)( 22, 93)( 23, 86)( 24, 89)
        ( 25, 94)( 26, 87)( 27, 90)( 28, 95)( 29, 92)( 30, 85)( 31, 88)( 32, 91)( 33, 84)( 34, 83)( 51,128)( 52,127)( 53,124)
        ( 54,117)( 55,120)( 56,125)( 57,118)( 58,121)( 59,126)( 60,123)( 61,116)( 62,119)( 63,122)( 64,115)( 65,114)( 67,102)
        ( 68,101)( 69,100)( 70, 99)( 71, 98)( 72,107)( 73,104)( 74,111)( 75,108)( 76,103)( 77,106)( 78,113)( 79,110)( 80,105)
        ( 81,112)( 82,109) ] ),
  LOrb := [ [ 1, 66, 67, 68, 69, 70, 71, 72, 73, 74, 75, 76, 77, 78, 79, 80, 81, 82, 83, 84, 85, 86, 87, 88, 89, 90, 91, 92, 93, 
          94, 95, 96, 97, 98, 99, 100, 101, 102, 103, 104, 105, 106, 107, 108, 109, 110, 111, 112, 113, 114, 115, 116, 117, 118, 
          119, 120, 121, 122, 123, 124, 125, 126, 127, 128 ] ],
  eRec := rec(
      CUT_info := rec(
          EXT := [ [ 1, 0, 0, 0, 0, 0, 0, 0, 0, 0, 0, 0, 0 ], [ 1, 1, 1, 1, 1, 1, 1, 0, 0, 0, 0, 0, 0 ], 
              [ 1, 1, 1, 1, 1, 1, 1, 1, 1, 1, 1, 1, 1 ], [ 1, 0, 1, 1, 1, 1, 1, 0, 1, 1, 1, 1, 1 ], 
              [ 1, 0, 0, 1, 1, 1, 1, 0, 0, 1, 1, 1, 1 ], [ 1, 0, 0, 0, 1, 1, 1, 0, 0, 0, 1, 1, 1 ], 
              [ 1, 0, 0, 0, 0, 1, 1, 0, 0, 0, 0, 1, 1 ], [ 1, 0, 0, 0, 0, 0, 1, 0, 0, 0, 0, 0, 1 ], 
              [ 1, 0, 0, 0, 1, 0, 1, 0, 0, 0, 1, 0, 1 ], [ 1, 0, 0, 1, 0, 1, 1, 0, 0, 1, 0, 1, 1 ], 
              [ 1, 0, 0, 1, 0, 0, 1, 0, 0, 1, 0, 0, 1 ], [ 1, 0, 0, 1, 1, 0, 1, 0, 0, 1, 1, 0, 1 ], 
              [ 1, 0, 1, 0, 1, 1, 1, 0, 1, 0, 1, 1, 1 ], [ 1, 0, 1, 0, 0, 1, 1, 0, 1, 0, 0, 1, 1 ], 
              [ 1, 0, 1, 0, 0, 0, 1, 0, 1, 0, 0, 0, 1 ], [ 1, 0, 1, 0, 1, 0, 1, 0, 1, 0, 1, 0, 1 ], 
              [ 1, 0, 1, 1, 0, 1, 1, 0, 1, 1, 0, 1, 1 ], [ 1, 0, 1, 1, 0, 0, 1, 0, 1, 1, 0, 0, 1 ], 
              [ 1, 0, 1, 1, 1, 0, 1, 0, 1, 1, 1, 0, 1 ], [ 1, 1, 0, 1, 1, 1, 1, 1, 0, 1, 1, 1, 1 ], 
              [ 1, 1, 0, 0, 1, 1, 1, 1, 0, 0, 1, 1, 1 ], [ 1, 1, 0, 0, 0, 1, 1, 1, 0, 0, 0, 1, 1 ], 
              [ 1, 1, 0, 0, 0, 0, 1, 1, 0, 0, 0, 0, 1 ], [ 1, 1, 0, 0, 1, 0, 1, 1, 0, 0, 1, 0, 1 ], 
              [ 1, 1, 0, 1, 0, 1, 1, 1, 0, 1, 0, 1, 1 ], [ 1, 1, 0, 1, 0, 0, 1, 1, 0, 1, 0, 0, 1 ], 
              [ 1, 1, 0, 1, 1, 0, 1, 1, 0, 1, 1, 0, 1 ], [ 1, 1, 1, 0, 1, 1, 1, 1, 1, 0, 1, 1, 1 ], 
              [ 1, 1, 1, 0, 0, 1, 1, 1, 1, 0, 0, 1, 1 ], [ 1, 1, 1, 0, 0, 0, 1, 1, 1, 0, 0, 0, 1 ], 
              [ 1, 1, 1, 0, 1, 0, 1, 1, 1, 0, 1, 0, 1 ], [ 1, 1, 1, 1, 0, 1, 1, 1, 1, 1, 0, 1, 1 ], 
              [ 1, 1, 1, 1, 0, 0, 1, 1, 1, 1, 0, 0, 1 ], [ 1, 1, 1, 1, 1, 0, 1, 1, 1, 1, 1, 0, 1 ], 
              [ 1, 0, 1, 1, 1, 1, 1, 1, 0, 0, 0, 0, 0 ], [ 1, 0, 0, 1, 1, 1, 1, 1, 1, 0, 0, 0, 0 ], 
              [ 1, 0, 0, 0, 1, 1, 1, 1, 1, 1, 0, 0, 0 ], [ 1, 0, 0, 0, 0, 1, 1, 1, 1, 1, 1, 0, 0 ], 
              [ 1, 0, 0, 0, 0, 0, 1, 1, 1, 1, 1, 1, 0 ], [ 1, 0, 0, 0, 1, 0, 1, 1, 1, 1, 0, 1, 0 ], 
              [ 1, 0, 0, 1, 0, 1, 1, 1, 1, 0, 1, 0, 0 ], [ 1, 0, 0, 1, 0, 0, 1, 1, 1, 0, 1, 1, 0 ], 
              [ 1, 0, 0, 1, 1, 0, 1, 1, 1, 0, 0, 1, 0 ], [ 1, 0, 1, 0, 1, 1, 1, 1, 0, 1, 0, 0, 0 ], 
              [ 1, 0, 1, 0, 0, 1, 1, 1, 0, 1, 1, 0, 0 ], [ 1, 0, 1, 0, 0, 0, 1, 1, 0, 1, 1, 1, 0 ], 
              [ 1, 0, 1, 0, 1, 0, 1, 1, 0, 1, 0, 1, 0 ], [ 1, 0, 1, 1, 0, 1, 1, 1, 0, 0, 1, 0, 0 ], 
              [ 1, 0, 1, 1, 0, 0, 1, 1, 0, 0, 1, 1, 0 ], [ 1, 0, 1, 1, 1, 0, 1, 1, 0, 0, 0, 1, 0 ], 
              [ 1, 1, 0, 1, 1, 1, 1, 0, 1, 0, 0, 0, 0 ], [ 1, 1, 0, 0, 1, 1, 1, 0, 1, 1, 0, 0, 0 ], 
              [ 1, 1, 0, 0, 0, 1, 1, 0, 1, 1, 1, 0, 0 ], [ 1, 1, 0, 0, 0, 0, 1, 0, 1, 1, 1, 1, 0 ], 
              [ 1, 1, 0, 0, 1, 0, 1, 0, 1, 1, 0, 1, 0 ], [ 1, 1, 0, 1, 0, 1, 1, 0, 1, 0, 1, 0, 0 ], 
              [ 1, 1, 0, 1, 0, 0, 1, 0, 1, 0, 1, 1, 0 ], [ 1, 1, 0, 1, 1, 0, 1, 0, 1, 0, 0, 1, 0 ], 
              [ 1, 1, 1, 0, 1, 1, 1, 0, 0, 1, 0, 0, 0 ], [ 1, 1, 1, 0, 0, 1, 1, 0, 0, 1, 1, 0, 0 ], 
              [ 1, 1, 1, 0, 0, 0, 1, 0, 0, 1, 1, 1, 0 ], [ 1, 1, 1, 0, 1, 0, 1, 0, 0, 1, 0, 1, 0 ], 
              [ 1, 1, 1, 1, 0, 1, 1, 0, 0, 0, 1, 0, 0 ], [ 1, 1, 1, 1, 0, 0, 1, 0, 0, 0, 1, 1, 0 ], 
              [ 1, 1, 1, 1, 1, 0, 1, 0, 0, 0, 0, 1, 0 ], [ 1, 0, 0, 0, 0, 0, 0, 1, 1, 1, 1, 1, 1 ], 
              [ 1, 1, 0, 0, 0, 0, 0, 0, 1, 1, 1, 1, 1 ], [ 1, 1, 1, 0, 0, 0, 0, 0, 0, 1, 1, 1, 1 ], 
              [ 1, 1, 1, 1, 0, 0, 0, 0, 0, 0, 1, 1, 1 ], [ 1, 1, 1, 1, 1, 0, 0, 0, 0, 0, 0, 1, 1 ], 
              [ 1, 1, 1, 1, 1, 1, 0, 0, 0, 0, 0, 0, 1 ], [ 1, 1, 1, 1, 0, 1, 0, 0, 0, 0, 1, 0, 1 ], 
              [ 1, 1, 1, 0, 1, 0, 0, 0, 0, 1, 0, 1, 1 ], [ 1, 1, 1, 0, 1, 1, 0, 0, 0, 1, 0, 0, 1 ], 
              [ 1, 1, 1, 0, 0, 1, 0, 0, 0, 1, 1, 0, 1 ], [ 1, 1, 0, 1, 0, 0, 0, 0, 1, 0, 1, 1, 1 ], 
              [ 1, 1, 0, 1, 1, 0, 0, 0, 1, 0, 0, 1, 1 ], [ 1, 1, 0, 1, 1, 1, 0, 0, 1, 0, 0, 0, 1 ], 
              [ 1, 1, 0, 1, 0, 1, 0, 0, 1, 0, 1, 0, 1 ], [ 1, 1, 0, 0, 1, 0, 0, 0, 1, 1, 0, 1, 1 ], 
              [ 1, 1, 0, 0, 1, 1, 0, 0, 1, 1, 0, 0, 1 ], [ 1, 1, 0, 0, 0, 1, 0, 0, 1, 1, 1, 0, 1 ], 
              [ 1, 0, 1, 0, 0, 0, 0, 1, 0, 1, 1, 1, 1 ], [ 1, 0, 1, 1, 0, 0, 0, 1, 0, 0, 1, 1, 1 ], 
              [ 1, 0, 1, 1, 1, 0, 0, 1, 0, 0, 0, 1, 1 ], [ 1, 0, 1, 1, 1, 1, 0, 1, 0, 0, 0, 0, 1 ], 
              [ 1, 0, 1, 1, 0, 1, 0, 1, 0, 0, 1, 0, 1 ], [ 1, 0, 1, 0, 1, 0, 0, 1, 0, 1, 0, 1, 1 ], 
              [ 1, 0, 1, 0, 1, 1, 0, 1, 0, 1, 0, 0, 1 ], [ 1, 0, 1, 0, 0, 1, 0, 1, 0, 1, 1, 0, 1 ], 
              [ 1, 0, 0, 1, 0, 0, 0, 1, 1, 0, 1, 1, 1 ], [ 1, 0, 0, 1, 1, 0, 0, 1, 1, 0, 0, 1, 1 ], 
              [ 1, 0, 0, 1, 1, 1, 0, 1, 1, 0, 0, 0, 1 ], [ 1, 0, 0, 1, 0, 1, 0, 1, 1, 0, 1, 0, 1 ], 
              [ 1, 0, 0, 0, 1, 0, 0, 1, 1, 1, 0, 1, 1 ], [ 1, 0, 0, 0, 1, 1, 0, 1, 1, 1, 0, 0, 1 ], 
              [ 1, 0, 0, 0, 0, 1, 0, 1, 1, 1, 1, 0, 1 ], [ 1, 1, 0, 0, 0, 0, 0, 1, 0, 0, 0, 0, 0 ], 
              [ 1, 1, 1, 0, 0, 0, 0, 1, 1, 0, 0, 0, 0 ], [ 1, 1, 1, 1, 0, 0, 0, 1, 1, 1, 0, 0, 0 ], 
              [ 1, 1, 1, 1, 1, 0, 0, 1, 1, 1, 1, 0, 0 ], [ 1, 1, 1, 1, 1, 1, 0, 1, 1, 1, 1, 1, 0 ], 
              [ 1, 1, 1, 1, 0, 1, 0, 1, 1, 1, 0, 1, 0 ], [ 1, 1, 1, 0, 1, 0, 0, 1, 1, 0, 1, 0, 0 ], 
              [ 1, 1, 1, 0, 1, 1, 0, 1, 1, 0, 1, 1, 0 ], [ 1, 1, 1, 0, 0, 1, 0, 1, 1, 0, 0, 1, 0 ], 
              [ 1, 1, 0, 1, 0, 0, 0, 1, 0, 1, 0, 0, 0 ], [ 1, 1, 0, 1, 1, 0, 0, 1, 0, 1, 1, 0, 0 ], 
              [ 1, 1, 0, 1, 1, 1, 0, 1, 0, 1, 1, 1, 0 ], [ 1, 1, 0, 1, 0, 1, 0, 1, 0, 1, 0, 1, 0 ], 
              [ 1, 1, 0, 0, 1, 0, 0, 1, 0, 0, 1, 0, 0 ], [ 1, 1, 0, 0, 1, 1, 0, 1, 0, 0, 1, 1, 0 ], 
              [ 1, 1, 0, 0, 0, 1, 0, 1, 0, 0, 0, 1, 0 ], [ 1, 0, 1, 0, 0, 0, 0, 0, 1, 0, 0, 0, 0 ], 
              [ 1, 0, 1, 1, 0, 0, 0, 0, 1, 1, 0, 0, 0 ], [ 1, 0, 1, 1, 1, 0, 0, 0, 1, 1, 1, 0, 0 ], 
              [ 1, 0, 1, 1, 1, 1, 0, 0, 1, 1, 1, 1, 0 ], [ 1, 0, 1, 1, 0, 1, 0, 0, 1, 1, 0, 1, 0 ], 
              [ 1, 0, 1, 0, 1, 0, 0, 0, 1, 0, 1, 0, 0 ], [ 1, 0, 1, 0, 1, 1, 0, 0, 1, 0, 1, 1, 0 ], 
              [ 1, 0, 1, 0, 0, 1, 0, 0, 1, 0, 0, 1, 0 ], [ 1, 0, 0, 1, 0, 0, 0, 0, 0, 1, 0, 0, 0 ], 
              [ 1, 0, 0, 1, 1, 0, 0, 0, 0, 1, 1, 0, 0 ], [ 1, 0, 0, 1, 1, 1, 0, 0, 0, 1, 1, 1, 0 ], 
              [ 1, 0, 0, 1, 0, 1, 0, 0, 0, 1, 0, 1, 0 ], [ 1, 0, 0, 0, 1, 0, 0, 0, 0, 0, 1, 0, 0 ], 
              [ 1, 0, 0, 0, 1, 1, 0, 0, 0, 0, 1, 1, 0 ], [ 1, 0, 0, 0, 0, 1, 0, 0, 0, 0, 0, 1, 0 ] ],
          GRP := Group( [ (  1,  2)(  3, 66)(  4, 67)(  5, 68)(  6, 69)(  7, 70)(  8, 71)(  9, 72)( 10, 73)( 11, 74)( 12, 75)
                ( 13, 76)( 14, 77)( 15, 78)( 16, 79)( 17, 80)( 18, 81)( 19, 82)( 20, 83)( 21, 84)( 22, 85)( 23, 86)( 24, 87)
                ( 25, 88)( 26, 89)( 27, 90)( 28, 91)( 29, 92)( 30, 93)( 31, 94)( 32, 95)( 33, 96)( 34, 97)( 35, 98)( 36, 99)
                ( 37,100)( 38,101)( 39,102)( 40,103)( 41,104)( 42,105)( 43,106)( 44,107)( 45,108)( 46,109)( 47,110)( 48,111)
                ( 49,112)( 50,113)( 51,114)( 52,115)( 53,116)( 54,117)( 55,118)( 56,119)( 57,120)( 58,121)( 59,122)( 60,123)
                ( 61,124)( 62,125)( 63,126)( 64,127)( 65,128), (  1, 98)(  2, 35)(  3,  4)(  5, 20)(  6, 21)(  7, 22)(  8, 23)
                (  9, 24)( 10, 25)( 11, 26)( 12, 27)( 13, 28)( 14, 29)( 15, 30)( 16, 31)( 17, 32)( 18, 33)( 19, 34)( 36, 51)
                ( 37, 52)( 38, 53)( 39, 54)( 40, 55)( 41, 56)( 42, 57)( 43, 58)( 44, 59)( 45, 60)( 46, 61)( 47, 62)( 48, 63)
                ( 49, 64)( 50, 65)( 66, 67)( 68, 83)( 69, 84)( 70, 85)( 71, 86)( 72, 87)( 73, 88)( 74, 89)( 75, 90)( 76, 91)
                ( 77, 92)( 78, 93)( 79, 94)( 80, 95)( 81, 96)( 82, 97)( 99,114)(100,115)(101,116)(102,117)(103,118)(104,119)
                (105,120)(106,121)(107,122)(108,123)(109,124)(110,125)(111,126)(112,127)(113,128), 
              (  2, 66)( 35, 67)( 36, 68)( 37, 69)( 38, 70)( 39, 71)( 40, 72)( 41, 73)( 42, 74)( 43, 75)( 44, 76)( 45, 77)
                ( 46, 78)( 47, 79)( 48, 80)( 49, 81)( 50, 82)( 51, 83)( 52, 84)( 53, 85)( 54, 86)( 55, 87)( 56, 88)( 57, 89)
                ( 58, 90)( 59, 91)( 60, 92)( 61, 93)( 62, 94)( 63, 95)( 64, 96)( 65, 97), (  8,128)(  9,127)( 11,125)( 12,124)
                ( 15,121)( 16,120)( 18,118)( 19,117)( 23,113)( 24,112)( 26,110)( 27,109)( 30,106)( 31,105)( 33,103)( 34,102)
                ( 39, 97)( 40, 96)( 42, 94)( 43, 93)( 46, 90)( 47, 89)( 49, 87)( 50, 86)( 54, 82)( 55, 81)( 57, 79)( 58, 78)
                ( 61, 75)( 62, 74)( 64, 72)( 65, 71), (  7,  9)( 10, 12)( 14, 16)( 17, 19)( 22, 24)( 25, 27)( 29, 31)( 32, 34)
                ( 38, 40)( 41, 43)( 45, 47)( 48, 50)( 53, 55)( 56, 58)( 60, 62)( 63, 65)( 70, 72)( 73, 75)( 77, 79)( 80, 82)
                ( 85, 87)( 88, 90)( 92, 94)( 95, 97)(101,103)(104,106)(108,110)(111,113)(116,118)(119,121)(123,125)(126,128), 
              (  6, 10)(  9, 11)( 13, 17)( 16, 18)( 21, 25)( 24, 26)( 28, 32)( 31, 33)( 37, 41)( 40, 42)( 44, 48)( 47, 49)
                ( 52, 56)( 55, 57)( 59, 63)( 62, 64)( 69, 73)( 72, 74)( 76, 80)( 79, 81)( 84, 88)( 87, 89)( 91, 95)( 94, 96)
                (100,104)(103,105)(107,111)(110,112)(115,119)(118,120)(122,126)(125,127), (  5, 13)( 10, 14)( 11, 15)( 12, 16)
                ( 20, 28)( 25, 29)( 26, 30)( 27, 31)( 36, 44)( 41, 45)( 42, 46)( 43, 47)( 51, 59)( 56, 60)( 57, 61)( 58, 62)
                ( 68, 76)( 73, 77)( 74, 78)( 75, 79)( 83, 91)( 88, 92)( 89, 93)( 90, 94)( 99,107)(104,108)(105,109)(106,110)
                (114,122)(119,123)(120,124)(121,125), (  4, 20)( 13, 21)( 14, 22)( 15, 23)( 16, 24)( 17, 25)( 18, 26)( 19, 27)
                ( 35, 51)( 44, 52)( 45, 53)( 46, 54)( 47, 55)( 48, 56)( 49, 57)( 50, 58)( 67, 83)( 76, 84)( 77, 85)( 78, 86)
                ( 79, 87)( 80, 88)( 81, 89)( 82, 90)( 98,114)(107,115)(108,116)(109,117)(110,118)(111,119)(112,120)(113,121) ] ) )
       ,
      GRA := rec(
          adjacencies := [ [ 3, 4, 5, 6, 7, 8 ], [ 3, 4, 5, 6, 7, 8 ], [ 1, 2 ], [ 1, 2 ], [ 1, 2 ], [ 1, 2 ], [ 1, 2 ], [ 1, 2 ] 
             ],
          autGroup := Group( [ (1,2), (7,8), (6,7), (5,6), (4,5), (3,4) ] ),
          group := Group( [ () ] ),
          isGraph := true,
          isSimple := true,
          order := 8,
          representatives := [ 1, 2, 3, 4, 5, 6, 7, 8 ],
          schreierVector := [ -1, -2, -3, -4, -5, -6, -7, -8 ] ),
      GRPedge := Group( [ ( 1, 7)( 2, 8)( 3, 9)( 4,10)( 5,11)( 6,12), ( 5, 6)(11,12), ( 4, 5)(10,11), ( 3, 4)( 9,10), 
          ( 2, 3)( 8, 9), ( 1, 2)( 7, 8) ] ),
      GRPvert := Group( [ (1,2), (7,8), (6,7), (5,6), (4,5), (3,4) ] ),
      ListEdges := [ [ 1, 3 ], [ 1, 4 ], [ 1, 5 ], [ 1, 6 ], [ 1, 7 ], [ 1, 8 ], [ 2, 3 ], [ 2, 4 ], [ 2, 5 ], [ 2, 6 ], 
          [ 2, 7 ], [ 2, 8 ] ],
      ListSet := [ [  ], [ 1 ], [ 1, 2 ], [ 1, 2, 3 ], [ 1, 2, 3, 4 ], [ 1, 2, 3, 4, 5 ], [ 1, 2, 3, 4, 5, 6 ], 
          [ 1, 2, 3, 4, 5, 6, 7 ], [ 1, 2, 3, 4, 5, 7 ], [ 1, 2, 3, 4, 6 ], [ 1, 2, 3, 4, 6, 7 ], [ 1, 2, 3, 4, 7 ], 
          [ 1, 2, 3, 5 ], [ 1, 2, 3, 5, 6 ], [ 1, 2, 3, 5, 6, 7 ], [ 1, 2, 3, 5, 7 ], [ 1, 2, 3, 6 ], [ 1, 2, 3, 6, 7 ], 
          [ 1, 2, 3, 7 ], [ 1, 2, 4 ], [ 1, 2, 4, 5 ], [ 1, 2, 4, 5, 6 ], [ 1, 2, 4, 5, 6, 7 ], [ 1, 2, 4, 5, 7 ], 
          [ 1, 2, 4, 6 ], [ 1, 2, 4, 6, 7 ], [ 1, 2, 4, 7 ], [ 1, 2, 5 ], [ 1, 2, 5, 6 ], [ 1, 2, 5, 6, 7 ], [ 1, 2, 5, 7 ], 
          [ 1, 2, 6 ], [ 1, 2, 6, 7 ], [ 1, 2, 7 ], [ 1, 3 ], [ 1, 3, 4 ], [ 1, 3, 4, 5 ], [ 1, 3, 4, 5, 6 ], 
          [ 1, 3, 4, 5, 6, 7 ], [ 1, 3, 4, 5, 7 ], [ 1, 3, 4, 6 ], [ 1, 3, 4, 6, 7 ], [ 1, 3, 4, 7 ], [ 1, 3, 5 ], 
          [ 1, 3, 5, 6 ], [ 1, 3, 5, 6, 7 ], [ 1, 3, 5, 7 ], [ 1, 3, 6 ], [ 1, 3, 6, 7 ], [ 1, 3, 7 ], [ 1, 4 ], [ 1, 4, 5 ], 
          [ 1, 4, 5, 6 ], [ 1, 4, 5, 6, 7 ], [ 1, 4, 5, 7 ], [ 1, 4, 6 ], [ 1, 4, 6, 7 ], [ 1, 4, 7 ], [ 1, 5 ], [ 1, 5, 6 ], 
          [ 1, 5, 6, 7 ], [ 1, 5, 7 ], [ 1, 6 ], [ 1, 6, 7 ], [ 1, 7 ], [ 2 ], [ 2, 3 ], [ 2, 3, 4 ], [ 2, 3, 4, 5 ], 
          [ 2, 3, 4, 5, 6 ], [ 2, 3, 4, 5, 6, 7 ], [ 2, 3, 4, 5, 7 ], [ 2, 3, 4, 6 ], [ 2, 3, 4, 6, 7 ], [ 2, 3, 4, 7 ], 
          [ 2, 3, 5 ], [ 2, 3, 5, 6 ], [ 2, 3, 5, 6, 7 ], [ 2, 3, 5, 7 ], [ 2, 3, 6 ], [ 2, 3, 6, 7 ], [ 2, 3, 7 ], [ 2, 4 ], 
          [ 2, 4, 5 ], [ 2, 4, 5, 6 ], [ 2, 4, 5, 6, 7 ], [ 2, 4, 5, 7 ], [ 2, 4, 6 ], [ 2, 4, 6, 7 ], [ 2, 4, 7 ], [ 2, 5 ], 
          [ 2, 5, 6 ], [ 2, 5, 6, 7 ], [ 2, 5, 7 ], [ 2, 6 ], [ 2, 6, 7 ], [ 2, 7 ], [ 3 ], [ 3, 4 ], [ 3, 4, 5 ], 
          [ 3, 4, 5, 6 ], [ 3, 4, 5, 6, 7 ], [ 3, 4, 5, 7 ], [ 3, 4, 6 ], [ 3, 4, 6, 7 ], [ 3, 4, 7 ], [ 3, 5 ], 
          [ 3, 5, 6 ], [ 3, 5, 6, 7 ], [ 3, 5, 7 ], [ 3, 6 ], [ 3, 6, 7 ], [ 3, 7 ], [ 4 ], [ 4, 5 ], [ 4, 5, 6 ], 
          [ 4, 5, 6, 7 ], [ 4, 5, 7 ], [ 4, 6 ], [ 4, 6, 7 ], [ 4, 7 ], [ 5 ], [ 5, 6 ], [ 5, 6, 7 ], [ 5, 7 ], [ 6 ], [ 6, 7 ], 
          [ 7 ] ],
      ListVect := [ [ 1, 0, 0, 0, 0, 0, 0, 0, 0, 0, 0, 0, 0 ], [ 1, 1, 1, 1, 1, 1, 1, 0, 0, 0, 0, 0, 0 ], 
          [ 1, 1, 1, 1, 1, 1, 1, 1, 1, 1, 1, 1, 1 ], [ 1, 0, 1, 1, 1, 1, 1, 0, 1, 1, 1, 1, 1 ], 
          [ 1, 0, 0, 1, 1, 1, 1, 0, 0, 1, 1, 1, 1 ], [ 1, 0, 0, 0, 1, 1, 1, 0, 0, 0, 1, 1, 1 ], 
          [ 1, 0, 0, 0, 0, 1, 1, 0, 0, 0, 0, 1, 1 ], [ 1, 0, 0, 0, 0, 0, 1, 0, 0, 0, 0, 0, 1 ], 
          [ 1, 0, 0, 0, 1, 0, 1, 0, 0, 0, 1, 0, 1 ], [ 1, 0, 0, 1, 0, 1, 1, 0, 0, 1, 0, 1, 1 ], 
          [ 1, 0, 0, 1, 0, 0, 1, 0, 0, 1, 0, 0, 1 ], [ 1, 0, 0, 1, 1, 0, 1, 0, 0, 1, 1, 0, 1 ], 
          [ 1, 0, 1, 0, 1, 1, 1, 0, 1, 0, 1, 1, 1 ], [ 1, 0, 1, 0, 0, 1, 1, 0, 1, 0, 0, 1, 1 ], 
          [ 1, 0, 1, 0, 0, 0, 1, 0, 1, 0, 0, 0, 1 ], [ 1, 0, 1, 0, 1, 0, 1, 0, 1, 0, 1, 0, 1 ], 
          [ 1, 0, 1, 1, 0, 1, 1, 0, 1, 1, 0, 1, 1 ], [ 1, 0, 1, 1, 0, 0, 1, 0, 1, 1, 0, 0, 1 ], 
          [ 1, 0, 1, 1, 1, 0, 1, 0, 1, 1, 1, 0, 1 ], [ 1, 1, 0, 1, 1, 1, 1, 1, 0, 1, 1, 1, 1 ], 
          [ 1, 1, 0, 0, 1, 1, 1, 1, 0, 0, 1, 1, 1 ], [ 1, 1, 0, 0, 0, 1, 1, 1, 0, 0, 0, 1, 1 ], 
          [ 1, 1, 0, 0, 0, 0, 1, 1, 0, 0, 0, 0, 1 ], [ 1, 1, 0, 0, 1, 0, 1, 1, 0, 0, 1, 0, 1 ], 
          [ 1, 1, 0, 1, 0, 1, 1, 1, 0, 1, 0, 1, 1 ], [ 1, 1, 0, 1, 0, 0, 1, 1, 0, 1, 0, 0, 1 ], 
          [ 1, 1, 0, 1, 1, 0, 1, 1, 0, 1, 1, 0, 1 ], [ 1, 1, 1, 0, 1, 1, 1, 1, 1, 0, 1, 1, 1 ], 
          [ 1, 1, 1, 0, 0, 1, 1, 1, 1, 0, 0, 1, 1 ], [ 1, 1, 1, 0, 0, 0, 1, 1, 1, 0, 0, 0, 1 ], 
          [ 1, 1, 1, 0, 1, 0, 1, 1, 1, 0, 1, 0, 1 ], [ 1, 1, 1, 1, 0, 1, 1, 1, 1, 1, 0, 1, 1 ], 
          [ 1, 1, 1, 1, 0, 0, 1, 1, 1, 1, 0, 0, 1 ], [ 1, 1, 1, 1, 1, 0, 1, 1, 1, 1, 1, 0, 1 ], 
          [ 1, 0, 1, 1, 1, 1, 1, 1, 0, 0, 0, 0, 0 ], [ 1, 0, 0, 1, 1, 1, 1, 1, 1, 0, 0, 0, 0 ], 
          [ 1, 0, 0, 0, 1, 1, 1, 1, 1, 1, 0, 0, 0 ], [ 1, 0, 0, 0, 0, 1, 1, 1, 1, 1, 1, 0, 0 ], 
          [ 1, 0, 0, 0, 0, 0, 1, 1, 1, 1, 1, 1, 0 ], [ 1, 0, 0, 0, 1, 0, 1, 1, 1, 1, 0, 1, 0 ], 
          [ 1, 0, 0, 1, 0, 1, 1, 1, 1, 0, 1, 0, 0 ], [ 1, 0, 0, 1, 0, 0, 1, 1, 1, 0, 1, 1, 0 ], 
          [ 1, 0, 0, 1, 1, 0, 1, 1, 1, 0, 0, 1, 0 ], [ 1, 0, 1, 0, 1, 1, 1, 1, 0, 1, 0, 0, 0 ], 
          [ 1, 0, 1, 0, 0, 1, 1, 1, 0, 1, 1, 0, 0 ], [ 1, 0, 1, 0, 0, 0, 1, 1, 0, 1, 1, 1, 0 ], 
          [ 1, 0, 1, 0, 1, 0, 1, 1, 0, 1, 0, 1, 0 ], [ 1, 0, 1, 1, 0, 1, 1, 1, 0, 0, 1, 0, 0 ], 
          [ 1, 0, 1, 1, 0, 0, 1, 1, 0, 0, 1, 1, 0 ], [ 1, 0, 1, 1, 1, 0, 1, 1, 0, 0, 0, 1, 0 ], 
          [ 1, 1, 0, 1, 1, 1, 1, 0, 1, 0, 0, 0, 0 ], [ 1, 1, 0, 0, 1, 1, 1, 0, 1, 1, 0, 0, 0 ], 
          [ 1, 1, 0, 0, 0, 1, 1, 0, 1, 1, 1, 0, 0 ], [ 1, 1, 0, 0, 0, 0, 1, 0, 1, 1, 1, 1, 0 ], 
          [ 1, 1, 0, 0, 1, 0, 1, 0, 1, 1, 0, 1, 0 ], [ 1, 1, 0, 1, 0, 1, 1, 0, 1, 0, 1, 0, 0 ], 
          [ 1, 1, 0, 1, 0, 0, 1, 0, 1, 0, 1, 1, 0 ], [ 1, 1, 0, 1, 1, 0, 1, 0, 1, 0, 0, 1, 0 ], 
          [ 1, 1, 1, 0, 1, 1, 1, 0, 0, 1, 0, 0, 0 ], [ 1, 1, 1, 0, 0, 1, 1, 0, 0, 1, 1, 0, 0 ], 
          [ 1, 1, 1, 0, 0, 0, 1, 0, 0, 1, 1, 1, 0 ], [ 1, 1, 1, 0, 1, 0, 1, 0, 0, 1, 0, 1, 0 ], 
          [ 1, 1, 1, 1, 0, 1, 1, 0, 0, 0, 1, 0, 0 ], [ 1, 1, 1, 1, 0, 0, 1, 0, 0, 0, 1, 1, 0 ], 
          [ 1, 1, 1, 1, 1, 0, 1, 0, 0, 0, 0, 1, 0 ], [ 1, 0, 0, 0, 0, 0, 0, 1, 1, 1, 1, 1, 1 ], 
          [ 1, 1, 0, 0, 0, 0, 0, 0, 1, 1, 1, 1, 1 ], [ 1, 1, 1, 0, 0, 0, 0, 0, 0, 1, 1, 1, 1 ], 
          [ 1, 1, 1, 1, 0, 0, 0, 0, 0, 0, 1, 1, 1 ], [ 1, 1, 1, 1, 1, 0, 0, 0, 0, 0, 0, 1, 1 ], 
          [ 1, 1, 1, 1, 1, 1, 0, 0, 0, 0, 0, 0, 1 ], [ 1, 1, 1, 1, 0, 1, 0, 0, 0, 0, 1, 0, 1 ], 
          [ 1, 1, 1, 0, 1, 0, 0, 0, 0, 1, 0, 1, 1 ], [ 1, 1, 1, 0, 1, 1, 0, 0, 0, 1, 0, 0, 1 ], 
          [ 1, 1, 1, 0, 0, 1, 0, 0, 0, 1, 1, 0, 1 ], [ 1, 1, 0, 1, 0, 0, 0, 0, 1, 0, 1, 1, 1 ], 
          [ 1, 1, 0, 1, 1, 0, 0, 0, 1, 0, 0, 1, 1 ], [ 1, 1, 0, 1, 1, 1, 0, 0, 1, 0, 0, 0, 1 ], 
          [ 1, 1, 0, 1, 0, 1, 0, 0, 1, 0, 1, 0, 1 ], [ 1, 1, 0, 0, 1, 0, 0, 0, 1, 1, 0, 1, 1 ], 
          [ 1, 1, 0, 0, 1, 1, 0, 0, 1, 1, 0, 0, 1 ], [ 1, 1, 0, 0, 0, 1, 0, 0, 1, 1, 1, 0, 1 ], 
          [ 1, 0, 1, 0, 0, 0, 0, 1, 0, 1, 1, 1, 1 ], [ 1, 0, 1, 1, 0, 0, 0, 1, 0, 0, 1, 1, 1 ], 
          [ 1, 0, 1, 1, 1, 0, 0, 1, 0, 0, 0, 1, 1 ], [ 1, 0, 1, 1, 1, 1, 0, 1, 0, 0, 0, 0, 1 ], 
          [ 1, 0, 1, 1, 0, 1, 0, 1, 0, 0, 1, 0, 1 ], [ 1, 0, 1, 0, 1, 0, 0, 1, 0, 1, 0, 1, 1 ], 
          [ 1, 0, 1, 0, 1, 1, 0, 1, 0, 1, 0, 0, 1 ], [ 1, 0, 1, 0, 0, 1, 0, 1, 0, 1, 1, 0, 1 ], 
          [ 1, 0, 0, 1, 0, 0, 0, 1, 1, 0, 1, 1, 1 ], [ 1, 0, 0, 1, 1, 0, 0, 1, 1, 0, 0, 1, 1 ], 
          [ 1, 0, 0, 1, 1, 1, 0, 1, 1, 0, 0, 0, 1 ], [ 1, 0, 0, 1, 0, 1, 0, 1, 1, 0, 1, 0, 1 ], 
          [ 1, 0, 0, 0, 1, 0, 0, 1, 1, 1, 0, 1, 1 ], [ 1, 0, 0, 0, 1, 1, 0, 1, 1, 1, 0, 0, 1 ], 
          [ 1, 0, 0, 0, 0, 1, 0, 1, 1, 1, 1, 0, 1 ], [ 1, 1, 0, 0, 0, 0, 0, 1, 0, 0, 0, 0, 0 ], 
          [ 1, 1, 1, 0, 0, 0, 0, 1, 1, 0, 0, 0, 0 ], [ 1, 1, 1, 1, 0, 0, 0, 1, 1, 1, 0, 0, 0 ], 
          [ 1, 1, 1, 1, 1, 0, 0, 1, 1, 1, 1, 0, 0 ], [ 1, 1, 1, 1, 1, 1, 0, 1, 1, 1, 1, 1, 0 ], 
          [ 1, 1, 1, 1, 0, 1, 0, 1, 1, 1, 0, 1, 0 ], [ 1, 1, 1, 0, 1, 0, 0, 1, 1, 0, 1, 0, 0 ], 
          [ 1, 1, 1, 0, 1, 1, 0, 1, 1, 0, 1, 1, 0 ], [ 1, 1, 1, 0, 0, 1, 0, 1, 1, 0, 0, 1, 0 ], 
          [ 1, 1, 0, 1, 0, 0, 0, 1, 0, 1, 0, 0, 0 ], [ 1, 1, 0, 1, 1, 0, 0, 1, 0, 1, 1, 0, 0 ], 
          [ 1, 1, 0, 1, 1, 1, 0, 1, 0, 1, 1, 1, 0 ], [ 1, 1, 0, 1, 0, 1, 0, 1, 0, 1, 0, 1, 0 ], 
          [ 1, 1, 0, 0, 1, 0, 0, 1, 0, 0, 1, 0, 0 ], [ 1, 1, 0, 0, 1, 1, 0, 1, 0, 0, 1, 1, 0 ], 
          [ 1, 1, 0, 0, 0, 1, 0, 1, 0, 0, 0, 1, 0 ], [ 1, 0, 1, 0, 0, 0, 0, 0, 1, 0, 0, 0, 0 ], 
          [ 1, 0, 1, 1, 0, 0, 0, 0, 1, 1, 0, 0, 0 ], [ 1, 0, 1, 1, 1, 0, 0, 0, 1, 1, 1, 0, 0 ], 
          [ 1, 0, 1, 1, 1, 1, 0, 0, 1, 1, 1, 1, 0 ], [ 1, 0, 1, 1, 0, 1, 0, 0, 1, 1, 0, 1, 0 ], 
          [ 1, 0, 1, 0, 1, 0, 0, 0, 1, 0, 1, 0, 0 ], [ 1, 0, 1, 0, 1, 1, 0, 0, 1, 0, 1, 1, 0 ], 
          [ 1, 0, 1, 0, 0, 1, 0, 0, 1, 0, 0, 1, 0 ], [ 1, 0, 0, 1, 0, 0, 0, 0, 0, 1, 0, 0, 0 ], 
          [ 1, 0, 0, 1, 1, 0, 0, 0, 0, 1, 1, 0, 0 ], [ 1, 0, 0, 1, 1, 1, 0, 0, 0, 1, 1, 1, 0 ], 
          [ 1, 0, 0, 1, 0, 1, 0, 0, 0, 1, 0, 1, 0 ], [ 1, 0, 0, 0, 1, 0, 0, 0, 0, 0, 1, 0, 0 ], 
          [ 1, 0, 0, 0, 1, 1, 0, 0, 0, 0, 1, 1, 0 ], [ 1, 0, 0, 0, 0, 1, 0, 0, 0, 0, 0, 1, 0 ] ],
      MET_info := rec(
          EXT := [ [ 0, -1, 1, 0, 0, 0, 0, 1, 1, 0, 0, 0, 0 ], [ 0, 1, -1, 0, 0, 0, 0, 1, 1, 0, 0, 0, 0 ], 
              [ 0, 1, 1, 0, 0, 0, 0, -1, 1, 0, 0, 0, 0 ], [ 0, -1, 0, 1, 0, 0, 0, 1, 0, 1, 0, 0, 0 ], 
              [ 2, -1, -1, 0, 0, 0, 0, -1, 1, 0, 0, 0, 0 ], [ 0, 1, 1, 0, 0, 0, 0, 1, -1, 0, 0, 0, 0 ], 
              [ 0, 1, 0, -1, 0, 0, 0, 1, 0, 1, 0, 0, 0 ], [ 0, 1, 0, 1, 0, 0, 0, -1, 0, 1, 0, 0, 0 ], 
              [ 0, -1, 0, 0, 1, 0, 0, 1, 0, 0, 1, 0, 0 ], [ 0, 0, -1, 1, 0, 0, 0, 0, 1, 1, 0, 0, 0 ], 
              [ 2, -1, 1, 0, 0, 0, 0, -1, -1, 0, 0, 0, 0 ], [ 2, -1, 0, -1, 0, 0, 0, -1, 0, 1, 0, 0, 0 ], 
              [ 2, -1, -1, 0, 0, 0, 0, 1, -1, 0, 0, 0, 0 ], [ 0, 1, 0, 1, 0, 0, 0, 1, 0, -1, 0, 0, 0 ], 
              [ 0, 1, 0, 0, -1, 0, 0, 1, 0, 0, 1, 0, 0 ], [ 0, 0, 1, -1, 0, 0, 0, 0, 1, 1, 0, 0, 0 ], 
              [ 0, 1, 0, 0, 1, 0, 0, -1, 0, 0, 1, 0, 0 ], [ 0, 0, 1, 1, 0, 0, 0, 0, -1, 1, 0, 0, 0 ], 
              [ 0, -1, 0, 0, 0, 1, 0, 1, 0, 0, 0, 1, 0 ], [ 0, 0, -1, 0, 1, 0, 0, 0, 1, 0, 1, 0, 0 ], 
              [ 2, 1, -1, 0, 0, 0, 0, -1, -1, 0, 0, 0, 0 ], [ 2, -1, 0, 1, 0, 0, 0, -1, 0, -1, 0, 0, 0 ], 
              [ 2, -1, 0, 0, -1, 0, 0, -1, 0, 0, 1, 0, 0 ], [ 2, 0, -1, -1, 0, 0, 0, 0, -1, 1, 0, 0, 0 ], 
              [ 2, -1, 0, -1, 0, 0, 0, 1, 0, -1, 0, 0, 0 ], [ 0, 1, 0, 0, 1, 0, 0, 1, 0, 0, -1, 0, 0 ], 
              [ 0, 0, 1, 1, 0, 0, 0, 0, 1, -1, 0, 0, 0 ], [ 0, 1, 0, 0, 0, -1, 0, 1, 0, 0, 0, 1, 0 ], 
              [ 0, 0, 1, 0, -1, 0, 0, 0, 1, 0, 1, 0, 0 ], [ 0, 1, 0, 0, 0, 1, 0, -1, 0, 0, 0, 1, 0 ], 
              [ 0, 0, 1, 0, 1, 0, 0, 0, -1, 0, 1, 0, 0 ], [ 0, -1, 0, 0, 0, 0, 1, 1, 0, 0, 0, 0, 1 ], 
              [ 0, 0, -1, 0, 0, 1, 0, 0, 1, 0, 0, 1, 0 ], [ 0, 0, 0, -1, 1, 0, 0, 0, 0, 1, 1, 0, 0 ], 
              [ 2, 1, 0, -1, 0, 0, 0, -1, 0, -1, 0, 0, 0 ], [ 2, -1, 0, 0, 1, 0, 0, -1, 0, 0, -1, 0, 0 ], 
              [ 2, 0, -1, 1, 0, 0, 0, 0, -1, -1, 0, 0, 0 ], [ 2, -1, 0, 0, 0, -1, 0, -1, 0, 0, 0, 1, 0 ], 
              [ 2, 0, -1, 0, -1, 0, 0, 0, -1, 0, 1, 0, 0 ], [ 2, 0, -1, -1, 0, 0, 0, 0, 1, -1, 0, 0, 0 ], 
              [ 2, -1, 0, 0, -1, 0, 0, 1, 0, 0, -1, 0, 0 ], [ 0, 1, 0, 0, 0, 1, 0, 1, 0, 0, 0, -1, 0 ], 
              [ 0, 0, 1, 0, 1, 0, 0, 0, 1, 0, -1, 0, 0 ], [ 0, 1, 0, 0, 0, 0, -1, 1, 0, 0, 0, 0, 1 ], 
              [ 0, 0, 1, 0, 0, -1, 0, 0, 1, 0, 0, 1, 0 ], [ 0, 0, 0, 1, -1, 0, 0, 0, 0, 1, 1, 0, 0 ], 
              [ 0, 1, 0, 0, 0, 0, 1, -1, 0, 0, 0, 0, 1 ], [ 0, 0, 1, 0, 0, 1, 0, 0, -1, 0, 0, 1, 0 ], 
              [ 0, 0, 0, 1, 1, 0, 0, 0, 0, -1, 1, 0, 0 ], [ 0, 0, -1, 0, 0, 0, 1, 0, 1, 0, 0, 0, 1 ], 
              [ 0, 0, 0, -1, 0, 1, 0, 0, 0, 1, 0, 1, 0 ], [ 2, 1, 0, 0, -1, 0, 0, -1, 0, 0, -1, 0, 0 ], 
              [ 2, 0, 1, -1, 0, 0, 0, 0, -1, -1, 0, 0, 0 ], [ 2, -1, 0, 0, 0, 1, 0, -1, 0, 0, 0, -1, 0 ], 
              [ 2, 0, -1, 0, 1, 0, 0, 0, -1, 0, -1, 0, 0 ], [ 2, -1, 0, 0, 0, 0, -1, -1, 0, 0, 0, 0, 1 ], 
              [ 2, 0, -1, 0, 0, -1, 0, 0, -1, 0, 0, 1, 0 ], [ 2, 0, 0, -1, -1, 0, 0, 0, 0, -1, 1, 0, 0 ], 
              [ 2, 0, -1, 0, -1, 0, 0, 0, 1, 0, -1, 0, 0 ], [ 2, -1, 0, 0, 0, -1, 0, 1, 0, 0, 0, -1, 0 ], 
              [ 0, 1, 0, 0, 0, 0, 1, 1, 0, 0, 0, 0, -1 ], [ 0, 0, 1, 0, 0, 1, 0, 0, 1, 0, 0, -1, 0 ], 
              [ 0, 0, 0, 1, 1, 0, 0, 0, 0, 1, -1, 0, 0 ], [ 0, 0, 1, 0, 0, 0, -1, 0, 1, 0, 0, 0, 1 ], 
              [ 0, 0, 0, 1, 0, -1, 0, 0, 0, 1, 0, 1, 0 ], [ 0, 0, 1, 0, 0, 0, 1, 0, -1, 0, 0, 0, 1 ], 
              [ 0, 0, 0, 1, 0, 1, 0, 0, 0, -1, 0, 1, 0 ], [ 0, 0, 0, -1, 0, 0, 1, 0, 0, 1, 0, 0, 1 ], 
              [ 0, 0, 0, 0, -1, 1, 0, 0, 0, 0, 1, 1, 0 ], [ 2, 1, 0, 0, 0, -1, 0, -1, 0, 0, 0, -1, 0 ], 
              [ 2, 0, 1, 0, -1, 0, 0, 0, -1, 0, -1, 0, 0 ], [ 2, -1, 0, 0, 0, 0, 1, -1, 0, 0, 0, 0, -1 ], 
              [ 2, 0, -1, 0, 0, 1, 0, 0, -1, 0, 0, -1, 0 ], [ 2, 0, 0, -1, 1, 0, 0, 0, 0, -1, -1, 0, 0 ], 
              [ 2, 0, -1, 0, 0, 0, -1, 0, -1, 0, 0, 0, 1 ], [ 2, 0, 0, -1, 0, -1, 0, 0, 0, -1, 0, 1, 0 ], 
              [ 2, 0, 0, -1, -1, 0, 0, 0, 0, 1, -1, 0, 0 ], [ 2, 0, -1, 0, 0, -1, 0, 0, 1, 0, 0, -1, 0 ], 
              [ 2, -1, 0, 0, 0, 0, -1, 1, 0, 0, 0, 0, -1 ], [ 0, 0, 1, 0, 0, 0, 1, 0, 1, 0, 0, 0, -1 ], 
              [ 0, 0, 0, 1, 0, 1, 0, 0, 0, 1, 0, -1, 0 ], [ 0, 0, 0, 1, 0, 0, -1, 0, 0, 1, 0, 0, 1 ], 
              [ 0, 0, 0, 0, 1, -1, 0, 0, 0, 0, 1, 1, 0 ], [ 0, 0, 0, 1, 0, 0, 1, 0, 0, -1, 0, 0, 1 ], 
              [ 0, 0, 0, 0, 1, 1, 0, 0, 0, 0, -1, 1, 0 ], [ 0, 0, 0, 0, -1, 0, 1, 0, 0, 0, 1, 0, 1 ], 
              [ 2, 1, 0, 0, 0, 0, -1, -1, 0, 0, 0, 0, -1 ], [ 2, 0, 1, 0, 0, -1, 0, 0, -1, 0, 0, -1, 0 ], 
              [ 2, 0, 0, 1, -1, 0, 0, 0, 0, -1, -1, 0, 0 ], [ 2, 0, -1, 0, 0, 0, 1, 0, -1, 0, 0, 0, -1 ], 
              [ 2, 0, 0, -1, 0, 1, 0, 0, 0, -1, 0, -1, 0 ], [ 2, 0, 0, -1, 0, 0, -1, 0, 0, -1, 0, 0, 1 ], 
              [ 2, 0, 0, 0, -1, -1, 0, 0, 0, 0, -1, 1, 0 ], [ 2, 0, 0, -1, 0, -1, 0, 0, 0, 1, 0, -1, 0 ], 
              [ 2, 0, -1, 0, 0, 0, -1, 0, 1, 0, 0, 0, -1 ], [ 0, 0, 0, 1, 0, 0, 1, 0, 0, 1, 0, 0, -1 ], 
              [ 0, 0, 0, 0, 1, 1, 0, 0, 0, 0, 1, -1, 0 ], [ 0, 0, 0, 0, 1, 0, -1, 0, 0, 0, 1, 0, 1 ], 
              [ 0, 0, 0, 0, 1, 0, 1, 0, 0, 0, -1, 0, 1 ], [ 0, 0, 0, 0, 0, -1, 1, 0, 0, 0, 0, 1, 1 ], 
              [ 2, 0, 1, 0, 0, 0, -1, 0, -1, 0, 0, 0, -1 ], [ 2, 0, 0, 1, 0, -1, 0, 0, 0, -1, 0, -1, 0 ], 
              [ 2, 0, 0, -1, 0, 0, 1, 0, 0, -1, 0, 0, -1 ], [ 2, 0, 0, 0, -1, 1, 0, 0, 0, 0, -1, -1, 0 ], 
              [ 2, 0, 0, 0, -1, 0, -1, 0, 0, 0, -1, 0, 1 ], [ 2, 0, 0, 0, -1, -1, 0, 0, 0, 0, 1, -1, 0 ], 
              [ 2, 0, 0, -1, 0, 0, -1, 0, 0, 1, 0, 0, -1 ], [ 0, 0, 0, 0, 1, 0, 1, 0, 0, 0, 1, 0, -1 ], 
              [ 0, 0, 0, 0, 0, 1, -1, 0, 0, 0, 0, 1, 1 ], [ 0, 0, 0, 0, 0, 1, 1, 0, 0, 0, 0, -1, 1 ], 
              [ 2, 0, 0, 1, 0, 0, -1, 0, 0, -1, 0, 0, -1 ], [ 2, 0, 0, 0, 1, -1, 0, 0, 0, 0, -1, -1, 0 ], 
              [ 2, 0, 0, 0, -1, 0, 1, 0, 0, 0, -1, 0, -1 ], [ 2, 0, 0, 0, 0, -1, -1, 0, 0, 0, 0, -1, 1 ], 
              [ 2, 0, 0, 0, -1, 0, -1, 0, 0, 0, 1, 0, -1 ], [ 0, 0, 0, 0, 0, 1, 1, 0, 0, 0, 0, 1, -1 ], 
              [ 2, 0, 0, 0, 1, 0, -1, 0, 0, 0, -1, 0, -1 ], [ 2, 0, 0, 0, 0, -1, 1, 0, 0, 0, 0, -1, -1 ], 
              [ 2, 0, 0, 0, 0, -1, -1, 0, 0, 0, 0, 1, -1 ], [ 2, 0, 0, 0, 0, 1, -1, 0, 0, 0, 0, -1, -1 ], 
              [ 0, 1, 0, 0, 0, 0, 0, 0, 0, 0, 0, 0, 0 ], [ 1, -1, 0, 0, 0, 0, 0, 0, 0, 0, 0, 0, 0 ], 
              [ 0, 0, 0, 0, 0, 0, 0, 1, 0, 0, 0, 0, 0 ], [ 0, 0, 1, 0, 0, 0, 0, 0, 0, 0, 0, 0, 0 ], 
              [ 1, 0, 0, 0, 0, 0, 0, -1, 0, 0, 0, 0, 0 ], [ 1, 0, -1, 0, 0, 0, 0, 0, 0, 0, 0, 0, 0 ], 
              [ 0, 0, 0, 0, 0, 0, 0, 0, 1, 0, 0, 0, 0 ], [ 0, 0, 0, 1, 0, 0, 0, 0, 0, 0, 0, 0, 0 ], 
              [ 1, 0, 0, 0, 0, 0, 0, 0, -1, 0, 0, 0, 0 ], [ 1, 0, 0, -1, 0, 0, 0, 0, 0, 0, 0, 0, 0 ], 
              [ 0, 0, 0, 0, 0, 0, 0, 0, 0, 1, 0, 0, 0 ], [ 0, 0, 0, 0, 1, 0, 0, 0, 0, 0, 0, 0, 0 ], 
              [ 1, 0, 0, 0, 0, 0, 0, 0, 0, -1, 0, 0, 0 ], [ 1, 0, 0, 0, -1, 0, 0, 0, 0, 0, 0, 0, 0 ], 
              [ 0, 0, 0, 0, 0, 0, 0, 0, 0, 0, 1, 0, 0 ], [ 0, 0, 0, 0, 0, 1, 0, 0, 0, 0, 0, 0, 0 ], 
              [ 1, 0, 0, 0, 0, 0, 0, 0, 0, 0, -1, 0, 0 ], [ 1, 0, 0, 0, 0, -1, 0, 0, 0, 0, 0, 0, 0 ], 
              [ 0, 0, 0, 0, 0, 0, 0, 0, 0, 0, 0, 1, 0 ], [ 0, 0, 0, 0, 0, 0, 1, 0, 0, 0, 0, 0, 0 ], 
              [ 1, 0, 0, 0, 0, 0, 0, 0, 0, 0, 0, -1, 0 ], [ 1, 0, 0, 0, 0, 0, -1, 0, 0, 0, 0, 0, 0 ], 
              [ 0, 0, 0, 0, 0, 0, 0, 0, 0, 0, 0, 0, 1 ], [ 1, 0, 0, 0, 0, 0, 0, 0, 0, 0, 0, 0, -1 ] ],
          GRP := Group( [ (  1,  2)(  3,  5)(  4,  7)(  6, 13)(  8, 12)(  9, 15)( 10, 16)( 11, 21)( 14, 25)( 17, 23)( 18, 24)
                ( 19, 28)( 20, 29)( 22, 35)( 26, 41)( 27, 40)( 30, 38)( 31, 39)( 32, 44)( 33, 45)( 34, 46)( 36, 52)( 37, 53)
                ( 42, 60)( 43, 59)( 47, 56)( 48, 57)( 49, 58)( 50, 64)( 51, 65)( 54, 70)( 55, 71)( 61, 79)( 62, 78)( 63, 77)
                ( 66, 75)( 67, 76)( 68, 82)( 69, 83)( 72, 87)( 73, 88)( 74, 89)( 80, 95)( 81, 94)( 84, 92)( 85, 93)( 86, 98)
                ( 90,101)( 91,102)( 96,107)( 97,106)( 99,105)(100,109)(103,111)(104,112)(108,115)(110,114)(113,117)(116,119)
                (118,120)(121,122)(124,126)(128,130)(132,134)(136,138)(140,142), (  1,  3)(  2,  5)(  4,  8)(  6, 11)(  7, 12)
                (  9, 17)( 13, 21)( 14, 22)( 15, 23)( 19, 30)( 25, 35)( 26, 36)( 28, 38)( 32, 47)( 41, 52)( 42, 54)( 44, 56)
                ( 60, 70)( 61, 72)( 79, 87)(121,122)(123,125), (  1,  3)(  2,  6)(  4,  8)(  5, 11)(  7, 14)(  9, 17)( 10, 18)
                ( 12, 22)( 13, 21)( 15, 26)( 16, 27)( 19, 30)( 20, 31)( 23, 36)( 24, 37)( 25, 35)( 28, 42)( 29, 43)( 32, 47)
                ( 33, 48)( 34, 49)( 38, 54)( 39, 55)( 40, 53)( 41, 52)( 44, 61)( 45, 62)( 46, 63)( 50, 66)( 51, 67)( 56, 72)
                ( 57, 73)( 58, 74)( 59, 71)( 60, 70)( 64, 80)( 65, 81)( 68, 84)( 69, 85)( 75, 90)( 76, 91)( 77, 89)( 78, 88)
                ( 79, 87)( 82, 96)( 83, 97)( 86, 99)( 92,103)( 93,104)( 94,102)( 95,101)( 98,108)(100,110)(105,113)(106,112)
                (107,111)(109,116)(114,118)(115,117)(119,120)(121,123)(122,125)(124,127)(126,129)(128,131)(130,133)(132,135)
                (134,137)(136,139)(138,141)(140,143)(142,144), ( 19, 32)( 28, 44)( 30, 47)( 33, 50)( 38, 56)( 42, 61)( 45, 64)
                ( 48, 66)( 51, 68)( 54, 72)( 57, 75)( 60, 79)( 62, 80)( 65, 82)( 67, 84)( 69, 86)( 70, 87)( 73, 90)( 76, 92)
                ( 78, 95)( 81, 96)( 83, 98)( 85, 99)( 88,101)( 91,103)( 93,105)( 94,107)( 97,108)(100,109)(102,111)(104,113)
                (106,115)(110,116)(112,117)(114,119)(118,120)(136,140)(138,142)(139,143)(141,144), 
              (  9, 19)( 15, 28)( 17, 30)( 20, 33)( 23, 38)( 26, 42)( 29, 45)( 31, 48)( 34, 51)( 36, 54)( 39, 57)( 41, 60)
                ( 43, 62)( 46, 65)( 49, 67)( 52, 70)( 55, 73)( 58, 76)( 59, 78)( 63, 81)( 69, 83)( 71, 88)( 74, 91)( 77, 94)
                ( 85, 97)( 86,100)( 89,102)( 93,106)( 98,109)( 99,110)(104,112)(105,114)(108,116)(113,118)(115,119)(117,120)
                (132,136)(134,138)(135,139)(137,141), (  4,  9)(  7, 15)(  8, 17)( 10, 20)( 12, 23)( 14, 26)( 16, 29)( 18, 31)
                ( 22, 36)( 24, 39)( 25, 41)( 27, 43)( 34, 46)( 35, 52)( 37, 55)( 40, 59)( 49, 63)( 51, 69)( 53, 71)( 58, 77)
                ( 65, 83)( 67, 85)( 68, 86)( 74, 89)( 76, 93)( 81, 97)( 82, 98)( 84, 99)( 91,104)( 92,105)( 94,106)( 96,108)
                (102,112)(103,113)(107,115)(111,117)(128,132)(130,134)(131,135)(133,137), (  1,  4)(  2,  7)(  3,  8)(  5, 12)
                (  6, 14)( 10, 16)( 11, 22)( 13, 25)( 18, 27)( 20, 34)( 21, 35)( 24, 40)( 29, 46)( 31, 49)( 33, 51)( 37, 53)
                ( 39, 58)( 43, 63)( 45, 65)( 48, 67)( 50, 68)( 55, 74)( 57, 76)( 59, 77)( 62, 81)( 64, 82)( 66, 84)( 71, 89)
                ( 73, 91)( 75, 92)( 78, 94)( 80, 96)( 88,102)( 90,103)( 95,107)(101,111)(124,128)(126,130)(127,131)(129,133), 
              (  1,  2)(  3,  6)(  4, 10)(  5, 13)(  7, 16)(  8, 18)(  9, 20)( 11, 21)( 12, 24)( 14, 27)( 15, 29)( 17, 31)
                ( 19, 33)( 22, 37)( 23, 39)( 25, 40)( 26, 43)( 28, 45)( 30, 48)( 32, 50)( 35, 53)( 36, 55)( 38, 57)( 41, 59)
                ( 42, 62)( 44, 64)( 47, 66)( 52, 71)( 54, 73)( 56, 75)( 60, 78)( 61, 80)( 70, 88)( 72, 90)( 79, 95)( 87,101)
                (121,124)(122,126)(123,127)(125,129) ] ) ) ) );
