return rec(
  EXT := [ [ 1, 0, 0, 0, 0, 0, 0, 0, 0, 0, 0, 0, 0, 0, 0 ], [ 1, 1, 1, 1, 1, 0, 0, 0, 0, 0, 0, 0, 0, 0, 0 ], 
      [ 1, 1, 1, 1, 1, 1, 1, 1, 1, 0, 0, 0, 0, 0, 0 ], [ 1, 0, 1, 1, 1, 1, 1, 1, 1, 1, 1, 1, 0, 0, 0 ], 
      [ 1, 0, 0, 1, 1, 0, 1, 1, 1, 1, 1, 1, 1, 1, 0 ], [ 1, 0, 0, 0, 1, 0, 0, 1, 1, 0, 1, 1, 1, 1, 1 ], 
      [ 1, 0, 0, 0, 0, 0, 0, 0, 1, 0, 0, 1, 0, 1, 1 ], [ 1, 0, 0, 1, 0, 0, 1, 0, 1, 1, 0, 1, 0, 1, 0 ], 
      [ 1, 0, 1, 0, 1, 1, 0, 1, 1, 0, 1, 1, 0, 0, 1 ], [ 1, 0, 1, 0, 0, 1, 0, 0, 1, 0, 0, 1, 1, 0, 1 ], 
      [ 1, 0, 1, 1, 0, 1, 1, 0, 1, 1, 0, 1, 1, 0, 0 ], [ 1, 1, 0, 1, 1, 0, 1, 1, 1, 0, 0, 0, 1, 1, 0 ], 
      [ 1, 1, 0, 0, 1, 0, 0, 1, 1, 1, 0, 0, 1, 1, 1 ], [ 1, 1, 0, 0, 0, 0, 0, 0, 1, 1, 1, 0, 0, 1, 1 ], 
      [ 1, 1, 0, 1, 0, 0, 1, 0, 1, 0, 1, 0, 0, 1, 0 ], [ 1, 1, 1, 0, 1, 1, 0, 1, 1, 1, 0, 0, 0, 0, 1 ], 
      [ 1, 1, 1, 0, 0, 1, 0, 0, 1, 1, 1, 0, 1, 0, 1 ], [ 1, 1, 1, 1, 0, 1, 1, 0, 1, 0, 1, 0, 1, 0, 0 ], 
      [ 1, 0, 1, 1, 1, 0, 0, 0, 0, 1, 1, 1, 0, 0, 0 ], [ 1, 0, 0, 1, 1, 1, 0, 0, 0, 1, 1, 1, 1, 1, 0 ], 
      [ 1, 0, 0, 0, 1, 1, 1, 0, 0, 0, 1, 1, 1, 1, 1 ], [ 1, 0, 0, 0, 0, 1, 1, 1, 0, 0, 0, 1, 0, 1, 1 ], 
      [ 1, 0, 0, 1, 0, 1, 0, 1, 0, 1, 0, 1, 0, 1, 0 ], [ 1, 0, 1, 0, 1, 0, 1, 0, 0, 0, 1, 1, 0, 0, 1 ], 
      [ 1, 0, 1, 0, 0, 0, 1, 1, 0, 0, 0, 1, 1, 0, 1 ], [ 1, 0, 1, 1, 0, 0, 0, 1, 0, 1, 0, 1, 1, 0, 0 ], 
      [ 1, 1, 0, 1, 1, 1, 0, 0, 0, 0, 0, 0, 1, 1, 0 ], [ 1, 1, 0, 0, 1, 1, 1, 0, 0, 1, 0, 0, 1, 1, 1 ], 
      [ 1, 1, 0, 0, 0, 1, 1, 1, 0, 1, 1, 0, 0, 1, 1 ], [ 1, 1, 0, 1, 0, 1, 0, 1, 0, 0, 1, 0, 0, 1, 0 ], 
      [ 1, 1, 1, 0, 1, 0, 1, 0, 0, 1, 0, 0, 0, 0, 1 ], [ 1, 1, 1, 0, 0, 0, 1, 1, 0, 1, 1, 0, 1, 0, 1 ], 
      [ 1, 1, 1, 1, 0, 0, 0, 1, 0, 0, 1, 0, 1, 0, 0 ], [ 1, 0, 0, 0, 0, 1, 1, 1, 1, 0, 0, 0, 0, 0, 0 ], 
      [ 1, 1, 0, 0, 0, 1, 1, 1, 1, 1, 1, 1, 0, 0, 0 ], [ 1, 1, 1, 0, 0, 0, 1, 1, 1, 1, 1, 1, 1, 1, 0 ], 
      [ 1, 1, 1, 1, 0, 0, 0, 1, 1, 0, 1, 1, 1, 1, 1 ], [ 1, 1, 1, 1, 1, 0, 0, 0, 1, 0, 0, 1, 0, 1, 1 ], 
      [ 1, 1, 1, 0, 1, 0, 1, 0, 1, 1, 0, 1, 0, 1, 0 ], [ 1, 1, 0, 1, 0, 1, 0, 1, 1, 0, 1, 1, 0, 0, 1 ], 
      [ 1, 1, 0, 1, 1, 1, 0, 0, 1, 0, 0, 1, 1, 0, 1 ], [ 1, 1, 0, 0, 1, 1, 1, 0, 1, 1, 0, 1, 1, 0, 0 ], 
      [ 1, 0, 1, 0, 0, 0, 1, 1, 1, 0, 0, 0, 1, 1, 0 ], [ 1, 0, 1, 1, 0, 0, 0, 1, 1, 1, 0, 0, 1, 1, 1 ], 
      [ 1, 0, 1, 1, 1, 0, 0, 0, 1, 1, 1, 0, 0, 1, 1 ], [ 1, 0, 1, 0, 1, 0, 1, 0, 1, 0, 1, 0, 0, 1, 0 ], 
      [ 1, 0, 0, 1, 0, 1, 0, 1, 1, 1, 0, 0, 0, 0, 1 ], [ 1, 0, 0, 1, 1, 1, 0, 0, 1, 1, 1, 0, 1, 0, 1 ], 
      [ 1, 0, 0, 0, 1, 1, 1, 0, 1, 0, 1, 0, 1, 0, 0 ], [ 1, 1, 0, 0, 0, 0, 0, 0, 0, 1, 1, 1, 0, 0, 0 ], 
      [ 1, 1, 1, 0, 0, 1, 0, 0, 0, 1, 1, 1, 1, 1, 0 ], [ 1, 1, 1, 1, 0, 1, 1, 0, 0, 0, 1, 1, 1, 1, 1 ], 
      [ 1, 1, 1, 1, 1, 1, 1, 1, 0, 0, 0, 1, 0, 1, 1 ], [ 1, 1, 1, 0, 1, 1, 0, 1, 0, 1, 0, 1, 0, 1, 0 ], 
      [ 1, 1, 0, 1, 0, 0, 1, 0, 0, 0, 1, 1, 0, 0, 1 ], [ 1, 1, 0, 1, 1, 0, 1, 1, 0, 0, 0, 1, 1, 0, 1 ], 
      [ 1, 1, 0, 0, 1, 0, 0, 1, 0, 1, 0, 1, 1, 0, 0 ], [ 1, 0, 1, 0, 0, 1, 0, 0, 0, 0, 0, 0, 1, 1, 0 ], 
      [ 1, 0, 1, 1, 0, 1, 1, 0, 0, 1, 0, 0, 1, 1, 1 ], [ 1, 0, 1, 1, 1, 1, 1, 1, 0, 1, 1, 0, 0, 1, 1 ], 
      [ 1, 0, 1, 0, 1, 1, 0, 1, 0, 0, 1, 0, 0, 1, 0 ], [ 1, 0, 0, 1, 0, 0, 1, 0, 0, 1, 0, 0, 0, 0, 1 ], 
      [ 1, 0, 0, 1, 1, 0, 1, 1, 0, 1, 1, 0, 1, 0, 1 ], [ 1, 0, 0, 0, 1, 0, 0, 1, 0, 0, 1, 0, 1, 0, 0 ] ],
  GRP := Group( [ ( 2,50)( 3,35)( 5,60)( 6,59)( 7,58)( 8,61)( 9,11)(12,29)(13,28)(14,27)(15,30)(16,42)(17,41)(18,40)
        (20,45)(21,44)(22,43)(23,46)(24,26)(31,57)(32,56)(33,55)(36,53)(37,52)(38,51)(39,54)(47,49)(62,64), 
      ( 2, 7)( 3, 6)( 4, 5)( 8,19)( 9,12)(10,27)(11,20)(13,16)(14,31)(15,24)(17,28)(18,21)(22,33)(23,26)(25,30)
        (29,32)(34,64)(35,63)(36,60)(37,53)(39,45)(40,56)(42,48)(43,61)(44,54)(47,57)(50,62)(51,59), 
      ( 1, 2, 3, 4, 5, 6, 7)( 8,64,38,34,19,12, 9)(10,62,33,53,35,20,13)(11,63,37,22,50,27,16)(14,58,31,18,60,36,21)
        (15,61,39,49,45,43,24)(17,59,32,52,29,51,28)(23,57,41,47,26,56,40)(25,55,30,54,42,48,44) ] ),
  LOrb := [ [ 2, 6, 9, 10, 17, 18, 19, 24, 33, 36, 37, 38, 39, 41, 42, 46, 49, 50, 51, 57, 64 ], 
      [ 4, 5, 6, 7, 8, 9, 10, 11, 14, 15, 17, 18, 19, 20, 21, 24, 35, 36, 37, 38, 39, 40, 41, 42, 45, 46, 48, 49, 
          50, 51, 52, 55 ], [ 1, 2, 3, 4, 5, 6, 7, 8, 9, 10, 11, 12, 13, 14, 15, 16, 17, 18, 19, 24, 25, 26, 31, 32, 
          33, 34, 35, 36, 37, 38, 39, 40, 41, 42, 43, 44, 45, 46, 47, 48, 49, 50, 55, 56, 57, 62, 63, 64 ] ],
  eRec := rec(
      GRA := rec(
          adjacencies := [ [ 3, 4, 5, 6 ], [ 4, 5, 6, 7 ], [ 1, 5, 6, 7 ], [ 1, 2, 6, 7 ], [ 1, 2, 3, 7 ], 
              [ 1, 2, 3, 4 ], [ 2, 3, 4, 5 ] ],
          autGroup := Group( [ (2,7)(3,6)(4,5), (1,2,3,4,5,6,7) ] ),
          group := Group( [ () ] ),
          isGraph := true,
          isSimple := true,
          order := 7,
          representatives := [ 1, 2, 3, 4, 5, 6, 7 ],
          schreierVector := [ -1, -2, -3, -4, -5, -6, -7 ] ),
      GRPcanonic := Group( [ ( 3,38)( 4,37)( 5,36)( 6,35)( 7,34)( 8,43)( 9,40)(10,47)(11,44)(12,39)(13,42)(14,49)
            (15,46)(16,41)(17,48)(18,45)(19,33)(20,32)(21,29)(23,25)(24,30)(27,31)(50,64)(51,63)(52,60)(54,56)(55,61)
            (58,62), ( 2,34,50,58,62,64, 7)( 3,35,51,59,63, 6,38)( 4,36,52,60, 5,37,53)( 8,33,22,19,43,55,61)
            ( 9,39,18,29,20,44,56)(10,31,49,14,27,47,57)(11,32,21,45,12,40,54)(13,41,16,42,17,28,48)(15,30,23,26,25,
             24,46), ( 1, 2)( 3,34)( 4,35)( 5,36)( 6,37)( 7,38)( 8,39)( 9,40)(10,41)(11,42)(12,43)(13,44)(14,45)
            (15,46)(16,47)(17,48)(18,49)(19,50)(20,51)(21,52)(22,53)(23,54)(24,55)(25,56)(26,57)(27,58)(28,59)(29,60)
            (30,61)(31,62)(32,63)(33,64), ( 1,34)( 2, 3)( 4,19)( 5,20)( 6,21)( 7,22)( 8,23)( 9,24)(10,25)(11,26)
            (12,27)(13,28)(14,29)(15,30)(16,31)(17,32)(18,33)(35,50)(36,51)(37,52)(38,53)(39,54)(40,55)(41,56)(42,57)
            (43,58)(44,59)(45,60)(46,61)(47,62)(48,63)(49,64), ( 1,50)( 2,19)( 3, 4)( 5,12)( 6,13)( 7,14)( 8,15)
            ( 9,16)(10,17)(11,18)(20,27)(21,28)(22,29)(23,30)(24,31)(25,32)(26,33)(34,35)(36,43)(37,44)(38,45)(39,46)
            (40,47)(41,48)(42,49)(51,58)(52,59)(53,60)(54,61)(55,62)(56,63)(57,64), 
          ( 1,58)( 2,27)( 3,12)( 4, 5)( 6, 9)( 7,10)( 8,11)(13,16)(14,17)(15,18)(19,20)(21,24)(22,25)(23,26)(28,31)
            (29,32)(30,33)(34,43)(35,36)(37,40)(38,41)(39,42)(44,47)(45,48)(46,49)(50,51)(52,55)(53,56)(54,57)(59,62)
            (60,63)(61,64), ( 1,62)( 2,31)( 3,16)( 4, 9)( 5, 6)( 7, 8)(10,11)(12,13)(14,15)(17,18)(19,24)(20,21)
            (22,23)(25,26)(27,28)(29,30)(32,33)(34,47)(35,40)(36,37)(38,39)(41,42)(43,44)(45,46)(48,49)(50,55)(51,52)
            (53,54)(56,57)(58,59)(60,61)(63,64), ( 1,64)( 2,33)( 3,18)( 4,11)( 5, 8)( 6, 7)( 9,10)(12,15)(13,14)
            (16,17)(19,26)(20,23)(21,22)(24,25)(27,30)(28,29)(31,32)(34,49)(35,42)(36,39)(37,38)(40,41)(43,46)(44,45)
            (47,48)(50,57)(51,54)(52,53)(55,56)(58,61)(59,60)(62,63), ( 1, 7)( 2,38)( 3,53)( 4,60)( 5,63)( 6,64)
            ( 8,62)( 9,61)(10,58)(11,59)(12,56)(13,57)(14,50)(15,55)(16,54)(17,51)(18,52)(19,45)(20,48)(21,49)(22,34)
            (23,47)(24,46)(25,43)(26,44)(27,41)(28,42)(29,35)(30,40)(31,39)(32,36)(33,37) ] ),
      ListEdges := [ [ 1, 3 ], [ 1, 4 ], [ 1, 5 ], [ 1, 6 ], [ 2, 4 ], [ 2, 5 ], [ 2, 6 ], [ 2, 7 ], [ 3, 5 ], 
          [ 3, 6 ], [ 3, 7 ], [ 4, 6 ], [ 4, 7 ], [ 5, 7 ] ],
      ListSet := [ [  ], [ 1 ], [ 1, 2 ], [ 1, 2, 3 ], [ 1, 2, 3, 4 ], [ 1, 2, 3, 4, 5 ], [ 1, 2, 3, 4, 5, 6 ], 
          [ 1, 2, 3, 4, 6 ], [ 1, 2, 3, 5 ], [ 1, 2, 3, 5, 6 ], [ 1, 2, 3, 6 ], [ 1, 2, 4 ], [ 1, 2, 4, 5 ], 
          [ 1, 2, 4, 5, 6 ], [ 1, 2, 4, 6 ], [ 1, 2, 5 ], [ 1, 2, 5, 6 ], [ 1, 2, 6 ], [ 1, 3 ], [ 1, 3, 4 ], 
          [ 1, 3, 4, 5 ], [ 1, 3, 4, 5, 6 ], [ 1, 3, 4, 6 ], [ 1, 3, 5 ], [ 1, 3, 5, 6 ], [ 1, 3, 6 ], [ 1, 4 ], 
          [ 1, 4, 5 ], [ 1, 4, 5, 6 ], [ 1, 4, 6 ], [ 1, 5 ], [ 1, 5, 6 ], [ 1, 6 ], [ 2 ], [ 2, 3 ], [ 2, 3, 4 ], 
          [ 2, 3, 4, 5 ], [ 2, 3, 4, 5, 6 ], [ 2, 3, 4, 6 ], [ 2, 3, 5 ], [ 2, 3, 5, 6 ], [ 2, 3, 6 ], [ 2, 4 ], 
          [ 2, 4, 5 ], [ 2, 4, 5, 6 ], [ 2, 4, 6 ], [ 2, 5 ], [ 2, 5, 6 ], [ 2, 6 ], [ 3 ], [ 3, 4 ], [ 3, 4, 5 ], 
          [ 3, 4, 5, 6 ], [ 3, 4, 6 ], [ 3, 5 ], [ 3, 5, 6 ], [ 3, 6 ], [ 4 ], [ 4, 5 ], [ 4, 5, 6 ], [ 4, 6 ], 
          [ 5 ], [ 5, 6 ], [ 6 ] ],
      ListVect := [ [ 1, 0, 0, 0, 0, 0, 0, 0, 0, 0, 0, 0, 0, 0, 0 ], [ 1, 1, 1, 1, 1, 0, 0, 0, 0, 0, 0, 0, 0, 0, 0 ],
          [ 1, 1, 1, 1, 1, 1, 1, 1, 1, 0, 0, 0, 0, 0, 0 ], [ 1, 0, 1, 1, 1, 1, 1, 1, 1, 1, 1, 1, 0, 0, 0 ], 
          [ 1, 0, 0, 1, 1, 0, 1, 1, 1, 1, 1, 1, 1, 1, 0 ], [ 1, 0, 0, 0, 1, 0, 0, 1, 1, 0, 1, 1, 1, 1, 1 ], 
          [ 1, 0, 0, 0, 0, 0, 0, 0, 1, 0, 0, 1, 0, 1, 1 ], [ 1, 0, 0, 1, 0, 0, 1, 0, 1, 1, 0, 1, 0, 1, 0 ], 
          [ 1, 0, 1, 0, 1, 1, 0, 1, 1, 0, 1, 1, 0, 0, 1 ], [ 1, 0, 1, 0, 0, 1, 0, 0, 1, 0, 0, 1, 1, 0, 1 ], 
          [ 1, 0, 1, 1, 0, 1, 1, 0, 1, 1, 0, 1, 1, 0, 0 ], [ 1, 1, 0, 1, 1, 0, 1, 1, 1, 0, 0, 0, 1, 1, 0 ], 
          [ 1, 1, 0, 0, 1, 0, 0, 1, 1, 1, 0, 0, 1, 1, 1 ], [ 1, 1, 0, 0, 0, 0, 0, 0, 1, 1, 1, 0, 0, 1, 1 ], 
          [ 1, 1, 0, 1, 0, 0, 1, 0, 1, 0, 1, 0, 0, 1, 0 ], [ 1, 1, 1, 0, 1, 1, 0, 1, 1, 1, 0, 0, 0, 0, 1 ], 
          [ 1, 1, 1, 0, 0, 1, 0, 0, 1, 1, 1, 0, 1, 0, 1 ], [ 1, 1, 1, 1, 0, 1, 1, 0, 1, 0, 1, 0, 1, 0, 0 ], 
          [ 1, 0, 1, 1, 1, 0, 0, 0, 0, 1, 1, 1, 0, 0, 0 ], [ 1, 0, 0, 1, 1, 1, 0, 0, 0, 1, 1, 1, 1, 1, 0 ], 
          [ 1, 0, 0, 0, 1, 1, 1, 0, 0, 0, 1, 1, 1, 1, 1 ], [ 1, 0, 0, 0, 0, 1, 1, 1, 0, 0, 0, 1, 0, 1, 1 ], 
          [ 1, 0, 0, 1, 0, 1, 0, 1, 0, 1, 0, 1, 0, 1, 0 ], [ 1, 0, 1, 0, 1, 0, 1, 0, 0, 0, 1, 1, 0, 0, 1 ], 
          [ 1, 0, 1, 0, 0, 0, 1, 1, 0, 0, 0, 1, 1, 0, 1 ], [ 1, 0, 1, 1, 0, 0, 0, 1, 0, 1, 0, 1, 1, 0, 0 ], 
          [ 1, 1, 0, 1, 1, 1, 0, 0, 0, 0, 0, 0, 1, 1, 0 ], [ 1, 1, 0, 0, 1, 1, 1, 0, 0, 1, 0, 0, 1, 1, 1 ], 
          [ 1, 1, 0, 0, 0, 1, 1, 1, 0, 1, 1, 0, 0, 1, 1 ], [ 1, 1, 0, 1, 0, 1, 0, 1, 0, 0, 1, 0, 0, 1, 0 ], 
          [ 1, 1, 1, 0, 1, 0, 1, 0, 0, 1, 0, 0, 0, 0, 1 ], [ 1, 1, 1, 0, 0, 0, 1, 1, 0, 1, 1, 0, 1, 0, 1 ], 
          [ 1, 1, 1, 1, 0, 0, 0, 1, 0, 0, 1, 0, 1, 0, 0 ], [ 1, 0, 0, 0, 0, 1, 1, 1, 1, 0, 0, 0, 0, 0, 0 ], 
          [ 1, 1, 0, 0, 0, 1, 1, 1, 1, 1, 1, 1, 0, 0, 0 ], [ 1, 1, 1, 0, 0, 0, 1, 1, 1, 1, 1, 1, 1, 1, 0 ], 
          [ 1, 1, 1, 1, 0, 0, 0, 1, 1, 0, 1, 1, 1, 1, 1 ], [ 1, 1, 1, 1, 1, 0, 0, 0, 1, 0, 0, 1, 0, 1, 1 ], 
          [ 1, 1, 1, 0, 1, 0, 1, 0, 1, 1, 0, 1, 0, 1, 0 ], [ 1, 1, 0, 1, 0, 1, 0, 1, 1, 0, 1, 1, 0, 0, 1 ], 
          [ 1, 1, 0, 1, 1, 1, 0, 0, 1, 0, 0, 1, 1, 0, 1 ], [ 1, 1, 0, 0, 1, 1, 1, 0, 1, 1, 0, 1, 1, 0, 0 ], 
          [ 1, 0, 1, 0, 0, 0, 1, 1, 1, 0, 0, 0, 1, 1, 0 ], [ 1, 0, 1, 1, 0, 0, 0, 1, 1, 1, 0, 0, 1, 1, 1 ], 
          [ 1, 0, 1, 1, 1, 0, 0, 0, 1, 1, 1, 0, 0, 1, 1 ], [ 1, 0, 1, 0, 1, 0, 1, 0, 1, 0, 1, 0, 0, 1, 0 ], 
          [ 1, 0, 0, 1, 0, 1, 0, 1, 1, 1, 0, 0, 0, 0, 1 ], [ 1, 0, 0, 1, 1, 1, 0, 0, 1, 1, 1, 0, 1, 0, 1 ], 
          [ 1, 0, 0, 0, 1, 1, 1, 0, 1, 0, 1, 0, 1, 0, 0 ], [ 1, 1, 0, 0, 0, 0, 0, 0, 0, 1, 1, 1, 0, 0, 0 ], 
          [ 1, 1, 1, 0, 0, 1, 0, 0, 0, 1, 1, 1, 1, 1, 0 ], [ 1, 1, 1, 1, 0, 1, 1, 0, 0, 0, 1, 1, 1, 1, 1 ], 
          [ 1, 1, 1, 1, 1, 1, 1, 1, 0, 0, 0, 1, 0, 1, 1 ], [ 1, 1, 1, 0, 1, 1, 0, 1, 0, 1, 0, 1, 0, 1, 0 ], 
          [ 1, 1, 0, 1, 0, 0, 1, 0, 0, 0, 1, 1, 0, 0, 1 ], [ 1, 1, 0, 1, 1, 0, 1, 1, 0, 0, 0, 1, 1, 0, 1 ], 
          [ 1, 1, 0, 0, 1, 0, 0, 1, 0, 1, 0, 1, 1, 0, 0 ], [ 1, 0, 1, 0, 0, 1, 0, 0, 0, 0, 0, 0, 1, 1, 0 ], 
          [ 1, 0, 1, 1, 0, 1, 1, 0, 0, 1, 0, 0, 1, 1, 1 ], [ 1, 0, 1, 1, 1, 1, 1, 1, 0, 1, 1, 0, 0, 1, 1 ], 
          [ 1, 0, 1, 0, 1, 1, 0, 1, 0, 0, 1, 0, 0, 1, 0 ], [ 1, 0, 0, 1, 0, 0, 1, 0, 0, 1, 0, 0, 0, 0, 1 ], 
          [ 1, 0, 0, 1, 1, 0, 1, 1, 0, 1, 1, 0, 1, 0, 1 ], [ 1, 0, 0, 0, 1, 0, 0, 1, 0, 0, 1, 0, 1, 0, 0 ] ] ) );
