return rec(
  EXT := [ [ 1, 0, 0, 0, 0, 0, 0, 0, 0, 0, 0, 0, 0, 0, 0, 0, 0 ], 
      [ 1, 1, 1, 1, 1, 0, 0, 0, 0, 0, 0, 0, 0, 0, 0, 0, 0 ], [ 1, 0, 1, 1, 1, 1, 1, 1, 0, 0, 0, 0, 0, 0, 0, 0, 0 ], 
      [ 1, 0, 1, 1, 1, 0, 1, 1, 1, 1, 1, 0, 0, 0, 0, 0, 0 ], [ 1, 0, 1, 1, 1, 0, 1, 1, 0, 1, 1, 1, 1, 1, 0, 0, 0 ], 
      [ 1, 0, 0, 1, 1, 0, 1, 1, 0, 1, 1, 0, 1, 1, 1, 1, 0 ], [ 1, 0, 0, 0, 1, 0, 0, 1, 0, 0, 1, 0, 0, 1, 0, 1, 1 ], 
      [ 1, 0, 1, 0, 1, 0, 0, 1, 0, 0, 1, 1, 0, 1, 1, 0, 1 ], [ 1, 0, 0, 1, 1, 0, 1, 1, 1, 1, 1, 1, 0, 0, 1, 1, 0 ], 
      [ 1, 0, 0, 0, 1, 0, 0, 1, 1, 0, 1, 1, 1, 0, 0, 1, 1 ], [ 1, 0, 1, 0, 1, 0, 0, 1, 1, 0, 1, 0, 1, 0, 1, 0, 1 ], 
      [ 1, 0, 1, 1, 1, 1, 1, 1, 1, 0, 0, 1, 1, 1, 0, 0, 0 ], [ 1, 0, 0, 1, 1, 1, 1, 1, 1, 0, 0, 0, 1, 1, 1, 1, 0 ], 
      [ 1, 0, 0, 0, 1, 1, 0, 1, 1, 1, 0, 0, 0, 1, 0, 1, 1 ], [ 1, 0, 1, 0, 1, 1, 0, 1, 1, 1, 0, 1, 0, 1, 1, 0, 1 ], 
      [ 1, 0, 0, 1, 1, 1, 1, 1, 0, 0, 0, 1, 0, 0, 1, 1, 0 ], [ 1, 0, 0, 0, 1, 1, 0, 1, 0, 1, 0, 1, 1, 0, 0, 1, 1 ], 
      [ 1, 0, 1, 0, 1, 1, 0, 1, 0, 1, 0, 0, 1, 0, 1, 0, 1 ], [ 1, 1, 1, 1, 1, 1, 0, 0, 1, 1, 1, 0, 0, 0, 0, 0, 0 ], 
      [ 1, 1, 1, 1, 1, 1, 0, 0, 0, 1, 1, 1, 1, 1, 0, 0, 0 ], [ 1, 1, 0, 1, 1, 1, 0, 0, 0, 1, 1, 0, 1, 1, 1, 1, 0 ], 
      [ 1, 1, 0, 0, 1, 1, 1, 0, 0, 0, 1, 0, 0, 1, 0, 1, 1 ], [ 1, 1, 1, 0, 1, 1, 1, 0, 0, 0, 1, 1, 0, 1, 1, 0, 1 ], 
      [ 1, 1, 0, 1, 1, 1, 0, 0, 1, 1, 1, 1, 0, 0, 1, 1, 0 ], [ 1, 1, 0, 0, 1, 1, 1, 0, 1, 0, 1, 1, 1, 0, 0, 1, 1 ], 
      [ 1, 1, 1, 0, 1, 1, 1, 0, 1, 0, 1, 0, 1, 0, 1, 0, 1 ], [ 1, 1, 1, 1, 1, 0, 0, 0, 1, 0, 0, 1, 1, 1, 0, 0, 0 ], 
      [ 1, 1, 0, 1, 1, 0, 0, 0, 1, 0, 0, 0, 1, 1, 1, 1, 0 ], [ 1, 1, 0, 0, 1, 0, 1, 0, 1, 1, 0, 0, 0, 1, 0, 1, 1 ], 
      [ 1, 1, 1, 0, 1, 0, 1, 0, 1, 1, 0, 1, 0, 1, 1, 0, 1 ], [ 1, 1, 0, 1, 1, 0, 0, 0, 0, 0, 0, 1, 0, 0, 1, 1, 0 ], 
      [ 1, 1, 0, 0, 1, 0, 1, 0, 0, 1, 0, 1, 1, 0, 0, 1, 1 ], [ 1, 1, 1, 0, 1, 0, 1, 0, 0, 1, 0, 0, 1, 0, 1, 0, 1 ], 
      [ 1, 1, 0, 0, 0, 1, 1, 1, 0, 0, 0, 0, 0, 0, 0, 0, 0 ], [ 1, 1, 0, 0, 0, 0, 1, 1, 1, 1, 1, 0, 0, 0, 0, 0, 0 ], 
      [ 1, 1, 0, 0, 0, 0, 1, 1, 0, 1, 1, 1, 1, 1, 0, 0, 0 ], [ 1, 1, 1, 0, 0, 0, 1, 1, 0, 1, 1, 0, 1, 1, 1, 1, 0 ], 
      [ 1, 1, 1, 1, 0, 0, 0, 1, 0, 0, 1, 0, 0, 1, 0, 1, 1 ], [ 1, 1, 0, 1, 0, 0, 0, 1, 0, 0, 1, 1, 0, 1, 1, 0, 1 ], 
      [ 1, 1, 1, 0, 0, 0, 1, 1, 1, 1, 1, 1, 0, 0, 1, 1, 0 ], [ 1, 1, 1, 1, 0, 0, 0, 1, 1, 0, 1, 1, 1, 0, 0, 1, 1 ], 
      [ 1, 1, 0, 1, 0, 0, 0, 1, 1, 0, 1, 0, 1, 0, 1, 0, 1 ], [ 1, 1, 0, 0, 0, 1, 1, 1, 1, 0, 0, 1, 1, 1, 0, 0, 0 ], 
      [ 1, 1, 1, 0, 0, 1, 1, 1, 1, 0, 0, 0, 1, 1, 1, 1, 0 ], [ 1, 1, 1, 1, 0, 1, 0, 1, 1, 1, 0, 0, 0, 1, 0, 1, 1 ], 
      [ 1, 1, 0, 1, 0, 1, 0, 1, 1, 1, 0, 1, 0, 1, 1, 0, 1 ], [ 1, 1, 1, 0, 0, 1, 1, 1, 0, 0, 0, 1, 0, 0, 1, 1, 0 ], 
      [ 1, 1, 1, 1, 0, 1, 0, 1, 0, 1, 0, 1, 1, 0, 0, 1, 1 ], [ 1, 1, 0, 1, 0, 1, 0, 1, 0, 1, 0, 0, 1, 0, 1, 0, 1 ], 
      [ 1, 0, 0, 0, 0, 1, 0, 0, 1, 1, 1, 0, 0, 0, 0, 0, 0 ], [ 1, 0, 0, 0, 0, 1, 0, 0, 0, 1, 1, 1, 1, 1, 0, 0, 0 ], 
      [ 1, 0, 1, 0, 0, 1, 0, 0, 0, 1, 1, 0, 1, 1, 1, 1, 0 ], [ 1, 0, 1, 1, 0, 1, 1, 0, 0, 0, 1, 0, 0, 1, 0, 1, 1 ], 
      [ 1, 0, 0, 1, 0, 1, 1, 0, 0, 0, 1, 1, 0, 1, 1, 0, 1 ], [ 1, 0, 1, 0, 0, 1, 0, 0, 1, 1, 1, 1, 0, 0, 1, 1, 0 ], 
      [ 1, 0, 1, 1, 0, 1, 1, 0, 1, 0, 1, 1, 1, 0, 0, 1, 1 ], [ 1, 0, 0, 1, 0, 1, 1, 0, 1, 0, 1, 0, 1, 0, 1, 0, 1 ], 
      [ 1, 0, 0, 0, 0, 0, 0, 0, 1, 0, 0, 1, 1, 1, 0, 0, 0 ], [ 1, 0, 1, 0, 0, 0, 0, 0, 1, 0, 0, 0, 1, 1, 1, 1, 0 ], 
      [ 1, 0, 1, 1, 0, 0, 1, 0, 1, 1, 0, 0, 0, 1, 0, 1, 1 ], [ 1, 0, 0, 1, 0, 0, 1, 0, 1, 1, 0, 1, 0, 1, 1, 0, 1 ], 
      [ 1, 0, 1, 0, 0, 0, 0, 0, 0, 0, 0, 1, 0, 0, 1, 1, 0 ], [ 1, 0, 1, 1, 0, 0, 1, 0, 0, 1, 0, 1, 1, 0, 0, 1, 1 ], 
      [ 1, 0, 0, 1, 0, 0, 1, 0, 0, 1, 0, 0, 1, 0, 1, 0, 1 ] ],
  GRP := Group( [ ( 2,58)( 3,51)( 4,36)( 9,37)(10,38)(11,39)(12,20)(13,21)(14,22)(15,23)(16,52)(17,53)(18,54)(19,43)
        (24,44)(25,45)(26,46)(31,59)(32,60)(33,61)(34,50)(47,55)(48,56)(49,57), ( 2,50)( 3,35)( 5, 9)( 8,10)(12,40)
        (13,37)(14,38)(15,41)(16,36)(17,39)(18,42)(20,24)(23,25)(27,55)(28,52)(29,53)(30,56)(31,51)(32,54)(33,57)
        (43,47)(46,48)(58,62)(61,63), ( 2,62)( 3,59)( 4,52)( 5,37)( 7,64)( 8,33)( 9,21)(10,49)(11,18)(12,44)(14,57)
        (15,26)(16,28)(17,42)(19,55)(20,40)(22,61)(23,30)(25,46)(27,47)(29,54)(32,39)(34,58)(35,51)(38,63)(41,48)
        (45,56)(53,60), ( 1, 2, 3, 4, 5, 6,37,52,59,62)( 7,38,53,60,63,64,33,18,11, 8)( 9,36,21,44,55,58,31,34,19,12)
        (10,39,22,45,56,61,32,49,26,15)(13,40,51,28,47,50,27,16,35,20)(14,41,54,29,48,57,30,17,42,23)(24,43)(25,46), 
      ( 1, 7)( 2, 8)( 3,11)( 4,18)( 5,33)( 6,64)( 9,49)(10,34)(12,26)(13,57)(14,50)(15,19)(16,42)(17,35)(20,30)
        (21,61)(22,58)(23,27)(24,46)(25,43)(28,54)(29,51)(31,39)(32,36)(37,63)(38,62)(40,48)(41,47)(44,56)(45,55)
        (52,60)(53,59) ] ),
  LOrb := [ [ 1, 2, 3, 4, 5, 6, 8, 37, 38, 39, 52, 53, 54, 59, 60, 61, 62, 64 ], 
      [ 1, 2, 3, 4, 5, 6, 11, 37, 38, 41, 42, 52, 53, 56, 57, 59, 62, 63, 64 ], 
      [ 1, 5, 6, 7, 8, 9, 10, 16, 17, 31, 32, 36, 39, 51, 54, 58, 61, 62, 63, 64 ], 
      [ 6, 7, 8, 10, 13, 16, 17, 32, 36, 37, 39, 43, 44, 47, 54, 58, 59, 61, 62, 63, 64 ], 
      [ 1, 3, 4, 5, 6, 7, 8, 9, 10, 11, 12, 13, 14, 15, 16, 17, 18, 34, 35, 36, 37, 38, 39, 40, 41, 42, 43, 44, 45, 
          46, 47, 48, 49, 50, 51, 52, 53, 54, 55, 56, 57, 58, 59, 60, 61, 62, 63, 64 ], 
      [ 1, 2, 3, 4, 5, 6, 9, 12, 13, 16, 19, 20, 21, 24, 27, 28, 31, 34, 35, 36, 37, 38, 39, 40, 41, 42, 43, 44, 45, 
          46, 47, 48, 49, 50, 51, 52, 53, 54, 55, 56, 57, 58, 59, 60, 61, 62, 63, 64 ] ],
  eRec := rec(
      GRA := rec(
          adjacencies := [ [ 2, 5, 6, 7 ], [ 1, 3, 6, 7 ], [ 2, 4, 6, 7 ], [ 3, 5, 6, 7 ], [ 1, 4, 6, 7 ], 
              [ 1, 2, 3, 4, 5, 7 ], [ 1, 2, 3, 4, 5, 6 ] ],
          autGroup := Group( [ (6,7), (2,5)(3,4), (1,2)(3,5) ] ),
          group := Group( [ () ] ),
          isGraph := true,
          isSimple := true,
          order := 7,
          representatives := [ 1, 2, 3, 4, 5, 6, 7 ],
          schreierVector := [ -1, -2, -3, -4, -5, -6, -7 ] ),
      GRPcanonic := Group( [ ( 7,64)( 8,63)(10,61)(11,60)(14,57)(15,56)(17,54)(18,53)(22,49)(23,48)(25,46)(26,45)
            (29,42)(30,41)(32,39)(33,38), ( 3,31)( 4,28)( 5,21)( 8,22)( 9,13)(10,14)(11,29)(12,24)(15,25)(18,32)
            (19,27)(26,30)(34,62)(35,59)(36,52)(39,53)(40,44)(41,45)(42,60)(43,55)(46,56)(49,63)(50,58)(57,61), 
          ( 2,34)( 4,16)( 5,13)( 8,14)(11,17)(19,47)(20,44)(21,37)(22,38)(23,45)(24,40)(25,41)(26,48)(27,43)(28,36)
            (29,39)(30,46)(31,35)(32,42)(33,49)(50,62)(51,59)(54,60)(57,63), ( 1, 2)( 3,34)( 4,35)( 5,36)( 6,37)
            ( 7,38)( 8,39)( 9,40)(10,41)(11,42)(12,43)(13,44)(14,45)(15,46)(16,47)(17,48)(18,49)(19,50)(20,51)(21,52)
            (22,53)(23,54)(24,55)(25,56)(26,57)(27,58)(28,59)(29,60)(30,61)(31,62)(32,63)(33,64), 
          ( 1,34)( 2, 3)( 4,19)( 5,20)( 6,21)( 7,22)( 8,23)( 9,24)(10,25)(11,26)(12,27)(13,28)(14,29)(15,30)(16,31)
            (17,32)(18,33)(35,50)(36,51)(37,52)(38,53)(39,54)(40,55)(41,56)(42,57)(43,58)(44,59)(45,60)(46,61)(47,62)
            (48,63)(49,64), ( 1,50)( 2,19)( 3, 4)( 5,12)( 6,13)( 7,14)( 8,15)( 9,16)(10,17)(11,18)(20,27)(21,28)
            (22,29)(23,30)(24,31)(25,32)(26,33)(34,35)(36,43)(37,44)(38,45)(39,46)(40,47)(41,48)(42,49)(51,58)(52,59)
            (53,60)(54,61)(55,62)(56,63)(57,64), ( 1,58)( 2,27)( 3,12)( 4, 5)( 6, 9)( 7,10)( 8,11)(13,16)(14,17)
            (15,18)(19,20)(21,24)(22,25)(23,26)(28,31)(29,32)(30,33)(34,43)(35,36)(37,40)(38,41)(39,42)(44,47)(45,48)
            (46,49)(50,51)(52,55)(53,56)(54,57)(59,62)(60,63)(61,64), ( 1,62)( 2,31)( 3,16)( 4, 9)( 5, 6)( 7, 8)
            (10,11)(12,13)(14,15)(17,18)(19,24)(20,21)(22,23)(25,26)(27,28)(29,30)(32,33)(34,47)(35,40)(36,37)(38,39)
            (41,42)(43,44)(45,46)(48,49)(50,55)(51,52)(53,54)(56,57)(58,59)(60,61)(63,64), 
          ( 1,64)( 2,33)( 3,18)( 4,11)( 5, 8)( 6, 7)( 9,10)(12,15)(13,14)(16,17)(19,26)(20,23)(21,22)(24,25)(27,30)
            (28,29)(31,32)(34,49)(35,42)(36,39)(37,38)(40,41)(43,46)(44,45)(47,48)(50,57)(51,54)(52,53)(55,56)(58,61)
            (59,60)(62,63), ( 1, 7)( 2,38)( 3,53)( 4,60)( 5,63)( 6,64)( 8,62)( 9,61)(10,58)(11,59)(12,56)(13,57)
            (14,50)(15,55)(16,54)(17,51)(18,52)(19,45)(20,48)(21,49)(22,34)(23,47)(24,46)(25,43)(26,44)(27,41)(28,42)
            (29,35)(30,40)(31,39)(32,36)(33,37) ] ),
      ListEdges := [ [ 1, 2 ], [ 1, 5 ], [ 1, 6 ], [ 1, 7 ], [ 2, 3 ], [ 2, 6 ], [ 2, 7 ], [ 3, 4 ], [ 3, 6 ], 
          [ 3, 7 ], [ 4, 5 ], [ 4, 6 ], [ 4, 7 ], [ 5, 6 ], [ 5, 7 ], [ 6, 7 ] ],
      ListSet := [ [  ], [ 1 ], [ 1, 2 ], [ 1, 2, 3 ], [ 1, 2, 3, 4 ], [ 1, 2, 3, 4, 5 ], [ 1, 2, 3, 4, 5, 6 ], 
          [ 1, 2, 3, 4, 6 ], [ 1, 2, 3, 5 ], [ 1, 2, 3, 5, 6 ], [ 1, 2, 3, 6 ], [ 1, 2, 4 ], [ 1, 2, 4, 5 ], 
          [ 1, 2, 4, 5, 6 ], [ 1, 2, 4, 6 ], [ 1, 2, 5 ], [ 1, 2, 5, 6 ], [ 1, 2, 6 ], [ 1, 3 ], [ 1, 3, 4 ], 
          [ 1, 3, 4, 5 ], [ 1, 3, 4, 5, 6 ], [ 1, 3, 4, 6 ], [ 1, 3, 5 ], [ 1, 3, 5, 6 ], [ 1, 3, 6 ], [ 1, 4 ], 
          [ 1, 4, 5 ], [ 1, 4, 5, 6 ], [ 1, 4, 6 ], [ 1, 5 ], [ 1, 5, 6 ], [ 1, 6 ], [ 2 ], [ 2, 3 ], [ 2, 3, 4 ], 
          [ 2, 3, 4, 5 ], [ 2, 3, 4, 5, 6 ], [ 2, 3, 4, 6 ], [ 2, 3, 5 ], [ 2, 3, 5, 6 ], [ 2, 3, 6 ], [ 2, 4 ], 
          [ 2, 4, 5 ], [ 2, 4, 5, 6 ], [ 2, 4, 6 ], [ 2, 5 ], [ 2, 5, 6 ], [ 2, 6 ], [ 3 ], [ 3, 4 ], [ 3, 4, 5 ], 
          [ 3, 4, 5, 6 ], [ 3, 4, 6 ], [ 3, 5 ], [ 3, 5, 6 ], [ 3, 6 ], [ 4 ], [ 4, 5 ], [ 4, 5, 6 ], [ 4, 6 ], 
          [ 5 ], [ 5, 6 ], [ 6 ] ],
      ListVect := [ [ 1, 0, 0, 0, 0, 0, 0, 0, 0, 0, 0, 0, 0, 0, 0, 0, 0 ], 
          [ 1, 1, 1, 1, 1, 0, 0, 0, 0, 0, 0, 0, 0, 0, 0, 0, 0 ], [ 1, 0, 1, 1, 1, 1, 1, 1, 0, 0, 0, 0, 0, 0, 0, 0, 0 
             ], [ 1, 0, 1, 1, 1, 0, 1, 1, 1, 1, 1, 0, 0, 0, 0, 0, 0 ], 
          [ 1, 0, 1, 1, 1, 0, 1, 1, 0, 1, 1, 1, 1, 1, 0, 0, 0 ], [ 1, 0, 0, 1, 1, 0, 1, 1, 0, 1, 1, 0, 1, 1, 1, 1, 0 
             ], [ 1, 0, 0, 0, 1, 0, 0, 1, 0, 0, 1, 0, 0, 1, 0, 1, 1 ], 
          [ 1, 0, 1, 0, 1, 0, 0, 1, 0, 0, 1, 1, 0, 1, 1, 0, 1 ], [ 1, 0, 0, 1, 1, 0, 1, 1, 1, 1, 1, 1, 0, 0, 1, 1, 0 
             ], [ 1, 0, 0, 0, 1, 0, 0, 1, 1, 0, 1, 1, 1, 0, 0, 1, 1 ], 
          [ 1, 0, 1, 0, 1, 0, 0, 1, 1, 0, 1, 0, 1, 0, 1, 0, 1 ], [ 1, 0, 1, 1, 1, 1, 1, 1, 1, 0, 0, 1, 1, 1, 0, 0, 0 
             ], [ 1, 0, 0, 1, 1, 1, 1, 1, 1, 0, 0, 0, 1, 1, 1, 1, 0 ], 
          [ 1, 0, 0, 0, 1, 1, 0, 1, 1, 1, 0, 0, 0, 1, 0, 1, 1 ], [ 1, 0, 1, 0, 1, 1, 0, 1, 1, 1, 0, 1, 0, 1, 1, 0, 1 
             ], [ 1, 0, 0, 1, 1, 1, 1, 1, 0, 0, 0, 1, 0, 0, 1, 1, 0 ], 
          [ 1, 0, 0, 0, 1, 1, 0, 1, 0, 1, 0, 1, 1, 0, 0, 1, 1 ], [ 1, 0, 1, 0, 1, 1, 0, 1, 0, 1, 0, 0, 1, 0, 1, 0, 1 
             ], [ 1, 1, 1, 1, 1, 1, 0, 0, 1, 1, 1, 0, 0, 0, 0, 0, 0 ], 
          [ 1, 1, 1, 1, 1, 1, 0, 0, 0, 1, 1, 1, 1, 1, 0, 0, 0 ], [ 1, 1, 0, 1, 1, 1, 0, 0, 0, 1, 1, 0, 1, 1, 1, 1, 0 
             ], [ 1, 1, 0, 0, 1, 1, 1, 0, 0, 0, 1, 0, 0, 1, 0, 1, 1 ], 
          [ 1, 1, 1, 0, 1, 1, 1, 0, 0, 0, 1, 1, 0, 1, 1, 0, 1 ], [ 1, 1, 0, 1, 1, 1, 0, 0, 1, 1, 1, 1, 0, 0, 1, 1, 0 
             ], [ 1, 1, 0, 0, 1, 1, 1, 0, 1, 0, 1, 1, 1, 0, 0, 1, 1 ], 
          [ 1, 1, 1, 0, 1, 1, 1, 0, 1, 0, 1, 0, 1, 0, 1, 0, 1 ], [ 1, 1, 1, 1, 1, 0, 0, 0, 1, 0, 0, 1, 1, 1, 0, 0, 0 
             ], [ 1, 1, 0, 1, 1, 0, 0, 0, 1, 0, 0, 0, 1, 1, 1, 1, 0 ], 
          [ 1, 1, 0, 0, 1, 0, 1, 0, 1, 1, 0, 0, 0, 1, 0, 1, 1 ], [ 1, 1, 1, 0, 1, 0, 1, 0, 1, 1, 0, 1, 0, 1, 1, 0, 1 
             ], [ 1, 1, 0, 1, 1, 0, 0, 0, 0, 0, 0, 1, 0, 0, 1, 1, 0 ], 
          [ 1, 1, 0, 0, 1, 0, 1, 0, 0, 1, 0, 1, 1, 0, 0, 1, 1 ], [ 1, 1, 1, 0, 1, 0, 1, 0, 0, 1, 0, 0, 1, 0, 1, 0, 1 
             ], [ 1, 1, 0, 0, 0, 1, 1, 1, 0, 0, 0, 0, 0, 0, 0, 0, 0 ], 
          [ 1, 1, 0, 0, 0, 0, 1, 1, 1, 1, 1, 0, 0, 0, 0, 0, 0 ], [ 1, 1, 0, 0, 0, 0, 1, 1, 0, 1, 1, 1, 1, 1, 0, 0, 0 
             ], [ 1, 1, 1, 0, 0, 0, 1, 1, 0, 1, 1, 0, 1, 1, 1, 1, 0 ], 
          [ 1, 1, 1, 1, 0, 0, 0, 1, 0, 0, 1, 0, 0, 1, 0, 1, 1 ], [ 1, 1, 0, 1, 0, 0, 0, 1, 0, 0, 1, 1, 0, 1, 1, 0, 1 
             ], [ 1, 1, 1, 0, 0, 0, 1, 1, 1, 1, 1, 1, 0, 0, 1, 1, 0 ], 
          [ 1, 1, 1, 1, 0, 0, 0, 1, 1, 0, 1, 1, 1, 0, 0, 1, 1 ], [ 1, 1, 0, 1, 0, 0, 0, 1, 1, 0, 1, 0, 1, 0, 1, 0, 1 
             ], [ 1, 1, 0, 0, 0, 1, 1, 1, 1, 0, 0, 1, 1, 1, 0, 0, 0 ], 
          [ 1, 1, 1, 0, 0, 1, 1, 1, 1, 0, 0, 0, 1, 1, 1, 1, 0 ], [ 1, 1, 1, 1, 0, 1, 0, 1, 1, 1, 0, 0, 0, 1, 0, 1, 1 
             ], [ 1, 1, 0, 1, 0, 1, 0, 1, 1, 1, 0, 1, 0, 1, 1, 0, 1 ], 
          [ 1, 1, 1, 0, 0, 1, 1, 1, 0, 0, 0, 1, 0, 0, 1, 1, 0 ], [ 1, 1, 1, 1, 0, 1, 0, 1, 0, 1, 0, 1, 1, 0, 0, 1, 1 
             ], [ 1, 1, 0, 1, 0, 1, 0, 1, 0, 1, 0, 0, 1, 0, 1, 0, 1 ], 
          [ 1, 0, 0, 0, 0, 1, 0, 0, 1, 1, 1, 0, 0, 0, 0, 0, 0 ], [ 1, 0, 0, 0, 0, 1, 0, 0, 0, 1, 1, 1, 1, 1, 0, 0, 0 
             ], [ 1, 0, 1, 0, 0, 1, 0, 0, 0, 1, 1, 0, 1, 1, 1, 1, 0 ], 
          [ 1, 0, 1, 1, 0, 1, 1, 0, 0, 0, 1, 0, 0, 1, 0, 1, 1 ], [ 1, 0, 0, 1, 0, 1, 1, 0, 0, 0, 1, 1, 0, 1, 1, 0, 1 
             ], [ 1, 0, 1, 0, 0, 1, 0, 0, 1, 1, 1, 1, 0, 0, 1, 1, 0 ], 
          [ 1, 0, 1, 1, 0, 1, 1, 0, 1, 0, 1, 1, 1, 0, 0, 1, 1 ], [ 1, 0, 0, 1, 0, 1, 1, 0, 1, 0, 1, 0, 1, 0, 1, 0, 1 
             ], [ 1, 0, 0, 0, 0, 0, 0, 0, 1, 0, 0, 1, 1, 1, 0, 0, 0 ], 
          [ 1, 0, 1, 0, 0, 0, 0, 0, 1, 0, 0, 0, 1, 1, 1, 1, 0 ], [ 1, 0, 1, 1, 0, 0, 1, 0, 1, 1, 0, 0, 0, 1, 0, 1, 1 
             ], [ 1, 0, 0, 1, 0, 0, 1, 0, 1, 1, 0, 1, 0, 1, 1, 0, 1 ], 
          [ 1, 0, 1, 0, 0, 0, 0, 0, 0, 0, 0, 1, 0, 0, 1, 1, 0 ], [ 1, 0, 1, 1, 0, 0, 1, 0, 0, 1, 0, 1, 1, 0, 0, 1, 1 
             ], [ 1, 0, 0, 1, 0, 0, 1, 0, 0, 1, 0, 0, 1, 0, 1, 0, 1 ] ] ) );
