return rec(
  EXT := [ [ 1, 0, 0, 0, 0, 0, 0, 0, 0, 0, 0, 0, 0, 0, 0, 0, 0 ], [ 1, 1, 1, 1, 1, 0, 0, 0, 0, 0, 0, 0, 0, 0, 0, 0, 0 ], 
      [ 1, 1, 1, 1, 1, 1, 1, 1, 1, 0, 0, 0, 0, 0, 0, 0, 0 ], [ 1, 1, 1, 1, 1, 1, 1, 1, 1, 1, 1, 1, 1, 0, 0, 0, 0 ], 
      [ 1, 1, 1, 1, 1, 1, 1, 1, 1, 1, 1, 1, 1, 1, 1, 1, 1 ], [ 1, 0, 1, 1, 1, 0, 1, 1, 1, 0, 1, 1, 1, 0, 1, 1, 1 ], 
      [ 1, 0, 0, 1, 1, 0, 0, 1, 1, 0, 0, 1, 1, 0, 0, 1, 1 ], [ 1, 0, 0, 0, 1, 0, 0, 0, 1, 0, 0, 0, 1, 0, 0, 0, 1 ], 
      [ 1, 0, 1, 0, 1, 0, 1, 0, 1, 0, 1, 0, 1, 0, 1, 0, 1 ], [ 1, 1, 0, 1, 1, 1, 0, 1, 1, 1, 0, 1, 1, 1, 0, 1, 1 ], 
      [ 1, 1, 0, 0, 1, 1, 0, 0, 1, 1, 0, 0, 1, 1, 0, 0, 1 ], [ 1, 1, 1, 0, 1, 1, 1, 0, 1, 1, 1, 0, 1, 1, 1, 0, 1 ], 
      [ 1, 0, 1, 1, 1, 0, 1, 1, 1, 0, 1, 1, 1, 1, 0, 0, 0 ], [ 1, 0, 0, 1, 1, 0, 0, 1, 1, 0, 0, 1, 1, 1, 1, 0, 0 ], 
      [ 1, 0, 0, 0, 1, 0, 0, 0, 1, 0, 0, 0, 1, 1, 1, 1, 0 ], [ 1, 0, 1, 0, 1, 0, 1, 0, 1, 0, 1, 0, 1, 1, 0, 1, 0 ], 
      [ 1, 1, 0, 1, 1, 1, 0, 1, 1, 1, 0, 1, 1, 0, 1, 0, 0 ], [ 1, 1, 0, 0, 1, 1, 0, 0, 1, 1, 0, 0, 1, 0, 1, 1, 0 ], 
      [ 1, 1, 1, 0, 1, 1, 1, 0, 1, 1, 1, 0, 1, 0, 0, 1, 0 ], [ 1, 1, 1, 1, 1, 1, 1, 1, 1, 0, 0, 0, 0, 1, 1, 1, 1 ], 
      [ 1, 0, 1, 1, 1, 0, 1, 1, 1, 1, 0, 0, 0, 0, 1, 1, 1 ], [ 1, 0, 0, 1, 1, 0, 0, 1, 1, 1, 1, 0, 0, 0, 0, 1, 1 ], 
      [ 1, 0, 0, 0, 1, 0, 0, 0, 1, 1, 1, 1, 0, 0, 0, 0, 1 ], [ 1, 0, 1, 0, 1, 0, 1, 0, 1, 1, 0, 1, 0, 0, 1, 0, 1 ], 
      [ 1, 1, 0, 1, 1, 1, 0, 1, 1, 0, 1, 0, 0, 1, 0, 1, 1 ], [ 1, 1, 0, 0, 1, 1, 0, 0, 1, 0, 1, 1, 0, 1, 0, 0, 1 ], 
      [ 1, 1, 1, 0, 1, 1, 1, 0, 1, 0, 0, 1, 0, 1, 1, 0, 1 ], [ 1, 0, 1, 1, 1, 0, 1, 1, 1, 1, 0, 0, 0, 1, 0, 0, 0 ], 
      [ 1, 0, 0, 1, 1, 0, 0, 1, 1, 1, 1, 0, 0, 1, 1, 0, 0 ], [ 1, 0, 0, 0, 1, 0, 0, 0, 1, 1, 1, 1, 0, 1, 1, 1, 0 ], 
      [ 1, 0, 1, 0, 1, 0, 1, 0, 1, 1, 0, 1, 0, 1, 0, 1, 0 ], [ 1, 1, 0, 1, 1, 1, 0, 1, 1, 0, 1, 0, 0, 0, 1, 0, 0 ], 
      [ 1, 1, 0, 0, 1, 1, 0, 0, 1, 0, 1, 1, 0, 0, 1, 1, 0 ], [ 1, 1, 1, 0, 1, 1, 1, 0, 1, 0, 0, 1, 0, 0, 0, 1, 0 ], 
      [ 1, 1, 1, 1, 1, 0, 0, 0, 0, 1, 1, 1, 1, 0, 0, 0, 0 ], [ 1, 1, 1, 1, 1, 0, 0, 0, 0, 1, 1, 1, 1, 1, 1, 1, 1 ], 
      [ 1, 0, 1, 1, 1, 1, 0, 0, 0, 0, 1, 1, 1, 0, 1, 1, 1 ], [ 1, 0, 0, 1, 1, 1, 1, 0, 0, 0, 0, 1, 1, 0, 0, 1, 1 ], 
      [ 1, 0, 0, 0, 1, 1, 1, 1, 0, 0, 0, 0, 1, 0, 0, 0, 1 ], [ 1, 0, 1, 0, 1, 1, 0, 1, 0, 0, 1, 0, 1, 0, 1, 0, 1 ], 
      [ 1, 1, 0, 1, 1, 0, 1, 0, 0, 1, 0, 1, 1, 1, 0, 1, 1 ], [ 1, 1, 0, 0, 1, 0, 1, 1, 0, 1, 0, 0, 1, 1, 0, 0, 1 ], 
      [ 1, 1, 1, 0, 1, 0, 0, 1, 0, 1, 1, 0, 1, 1, 1, 0, 1 ], [ 1, 0, 1, 1, 1, 1, 0, 0, 0, 0, 1, 1, 1, 1, 0, 0, 0 ], 
      [ 1, 0, 0, 1, 1, 1, 1, 0, 0, 0, 0, 1, 1, 1, 1, 0, 0 ], [ 1, 0, 0, 0, 1, 1, 1, 1, 0, 0, 0, 0, 1, 1, 1, 1, 0 ], 
      [ 1, 0, 1, 0, 1, 1, 0, 1, 0, 0, 1, 0, 1, 1, 0, 1, 0 ], [ 1, 1, 0, 1, 1, 0, 1, 0, 0, 1, 0, 1, 1, 0, 1, 0, 0 ], 
      [ 1, 1, 0, 0, 1, 0, 1, 1, 0, 1, 0, 0, 1, 0, 1, 1, 0 ], [ 1, 1, 1, 0, 1, 0, 0, 1, 0, 1, 1, 0, 1, 0, 0, 1, 0 ], 
      [ 1, 1, 1, 1, 1, 0, 0, 0, 0, 0, 0, 0, 0, 1, 1, 1, 1 ], [ 1, 0, 1, 1, 1, 1, 0, 0, 0, 1, 0, 0, 0, 0, 1, 1, 1 ], 
      [ 1, 0, 0, 1, 1, 1, 1, 0, 0, 1, 1, 0, 0, 0, 0, 1, 1 ], [ 1, 0, 0, 0, 1, 1, 1, 1, 0, 1, 1, 1, 0, 0, 0, 0, 1 ], 
      [ 1, 0, 1, 0, 1, 1, 0, 1, 0, 1, 0, 1, 0, 0, 1, 0, 1 ], [ 1, 1, 0, 1, 1, 0, 1, 0, 0, 0, 1, 0, 0, 1, 0, 1, 1 ], 
      [ 1, 1, 0, 0, 1, 0, 1, 1, 0, 0, 1, 1, 0, 1, 0, 0, 1 ], [ 1, 1, 1, 0, 1, 0, 0, 1, 0, 0, 0, 1, 0, 1, 1, 0, 1 ], 
      [ 1, 0, 1, 1, 1, 1, 0, 0, 0, 1, 0, 0, 0, 1, 0, 0, 0 ], [ 1, 0, 0, 1, 1, 1, 1, 0, 0, 1, 1, 0, 0, 1, 1, 0, 0 ], 
      [ 1, 0, 0, 0, 1, 1, 1, 1, 0, 1, 1, 1, 0, 1, 1, 1, 0 ], [ 1, 0, 1, 0, 1, 1, 0, 1, 0, 1, 0, 1, 0, 1, 0, 1, 0 ], 
      [ 1, 1, 0, 1, 1, 0, 1, 0, 0, 0, 1, 0, 0, 0, 1, 0, 0 ], [ 1, 1, 0, 0, 1, 0, 1, 1, 0, 0, 1, 1, 0, 0, 1, 1, 0 ], 
      [ 1, 1, 1, 0, 1, 0, 0, 1, 0, 0, 0, 1, 0, 0, 0, 1, 0 ], [ 1, 0, 0, 0, 0, 1, 1, 1, 1, 0, 0, 0, 0, 0, 0, 0, 0 ], 
      [ 1, 0, 0, 0, 0, 1, 1, 1, 1, 1, 1, 1, 1, 0, 0, 0, 0 ], [ 1, 0, 0, 0, 0, 1, 1, 1, 1, 1, 1, 1, 1, 1, 1, 1, 1 ], 
      [ 1, 1, 0, 0, 0, 0, 1, 1, 1, 0, 1, 1, 1, 0, 1, 1, 1 ], [ 1, 1, 1, 0, 0, 0, 0, 1, 1, 0, 0, 1, 1, 0, 0, 1, 1 ], 
      [ 1, 1, 1, 1, 0, 0, 0, 0, 1, 0, 0, 0, 1, 0, 0, 0, 1 ], [ 1, 1, 0, 1, 0, 0, 1, 0, 1, 0, 1, 0, 1, 0, 1, 0, 1 ], 
      [ 1, 0, 1, 0, 0, 1, 0, 1, 1, 1, 0, 1, 1, 1, 0, 1, 1 ], [ 1, 0, 1, 1, 0, 1, 0, 0, 1, 1, 0, 0, 1, 1, 0, 0, 1 ], 
      [ 1, 0, 0, 1, 0, 1, 1, 0, 1, 1, 1, 0, 1, 1, 1, 0, 1 ], [ 1, 1, 0, 0, 0, 0, 1, 1, 1, 0, 1, 1, 1, 1, 0, 0, 0 ], 
      [ 1, 1, 1, 0, 0, 0, 0, 1, 1, 0, 0, 1, 1, 1, 1, 0, 0 ], [ 1, 1, 1, 1, 0, 0, 0, 0, 1, 0, 0, 0, 1, 1, 1, 1, 0 ], 
      [ 1, 1, 0, 1, 0, 0, 1, 0, 1, 0, 1, 0, 1, 1, 0, 1, 0 ], [ 1, 0, 1, 0, 0, 1, 0, 1, 1, 1, 0, 1, 1, 0, 1, 0, 0 ], 
      [ 1, 0, 1, 1, 0, 1, 0, 0, 1, 1, 0, 0, 1, 0, 1, 1, 0 ], [ 1, 0, 0, 1, 0, 1, 1, 0, 1, 1, 1, 0, 1, 0, 0, 1, 0 ], 
      [ 1, 0, 0, 0, 0, 1, 1, 1, 1, 0, 0, 0, 0, 1, 1, 1, 1 ], [ 1, 1, 0, 0, 0, 0, 1, 1, 1, 1, 0, 0, 0, 0, 1, 1, 1 ], 
      [ 1, 1, 1, 0, 0, 0, 0, 1, 1, 1, 1, 0, 0, 0, 0, 1, 1 ], [ 1, 1, 1, 1, 0, 0, 0, 0, 1, 1, 1, 1, 0, 0, 0, 0, 1 ], 
      [ 1, 1, 0, 1, 0, 0, 1, 0, 1, 1, 0, 1, 0, 0, 1, 0, 1 ], [ 1, 0, 1, 0, 0, 1, 0, 1, 1, 0, 1, 0, 0, 1, 0, 1, 1 ], 
      [ 1, 0, 1, 1, 0, 1, 0, 0, 1, 0, 1, 1, 0, 1, 0, 0, 1 ], [ 1, 0, 0, 1, 0, 1, 1, 0, 1, 0, 0, 1, 0, 1, 1, 0, 1 ], 
      [ 1, 1, 0, 0, 0, 0, 1, 1, 1, 1, 0, 0, 0, 1, 0, 0, 0 ], [ 1, 1, 1, 0, 0, 0, 0, 1, 1, 1, 1, 0, 0, 1, 1, 0, 0 ], 
      [ 1, 1, 1, 1, 0, 0, 0, 0, 1, 1, 1, 1, 0, 1, 1, 1, 0 ], [ 1, 1, 0, 1, 0, 0, 1, 0, 1, 1, 0, 1, 0, 1, 0, 1, 0 ], 
      [ 1, 0, 1, 0, 0, 1, 0, 1, 1, 0, 1, 0, 0, 0, 1, 0, 0 ], [ 1, 0, 1, 1, 0, 1, 0, 0, 1, 0, 1, 1, 0, 0, 1, 1, 0 ], 
      [ 1, 0, 0, 1, 0, 1, 1, 0, 1, 0, 0, 1, 0, 0, 0, 1, 0 ], [ 1, 0, 0, 0, 0, 0, 0, 0, 0, 1, 1, 1, 1, 0, 0, 0, 0 ], 
      [ 1, 0, 0, 0, 0, 0, 0, 0, 0, 1, 1, 1, 1, 1, 1, 1, 1 ], [ 1, 1, 0, 0, 0, 1, 0, 0, 0, 0, 1, 1, 1, 0, 1, 1, 1 ], 
      [ 1, 1, 1, 0, 0, 1, 1, 0, 0, 0, 0, 1, 1, 0, 0, 1, 1 ], [ 1, 1, 1, 1, 0, 1, 1, 1, 0, 0, 0, 0, 1, 0, 0, 0, 1 ], 
      [ 1, 1, 0, 1, 0, 1, 0, 1, 0, 0, 1, 0, 1, 0, 1, 0, 1 ], [ 1, 0, 1, 0, 0, 0, 1, 0, 0, 1, 0, 1, 1, 1, 0, 1, 1 ], 
      [ 1, 0, 1, 1, 0, 0, 1, 1, 0, 1, 0, 0, 1, 1, 0, 0, 1 ], [ 1, 0, 0, 1, 0, 0, 0, 1, 0, 1, 1, 0, 1, 1, 1, 0, 1 ], 
      [ 1, 1, 0, 0, 0, 1, 0, 0, 0, 0, 1, 1, 1, 1, 0, 0, 0 ], [ 1, 1, 1, 0, 0, 1, 1, 0, 0, 0, 0, 1, 1, 1, 1, 0, 0 ], 
      [ 1, 1, 1, 1, 0, 1, 1, 1, 0, 0, 0, 0, 1, 1, 1, 1, 0 ], [ 1, 1, 0, 1, 0, 1, 0, 1, 0, 0, 1, 0, 1, 1, 0, 1, 0 ], 
      [ 1, 0, 1, 0, 0, 0, 1, 0, 0, 1, 0, 1, 1, 0, 1, 0, 0 ], [ 1, 0, 1, 1, 0, 0, 1, 1, 0, 1, 0, 0, 1, 0, 1, 1, 0 ], 
      [ 1, 0, 0, 1, 0, 0, 0, 1, 0, 1, 1, 0, 1, 0, 0, 1, 0 ], [ 1, 0, 0, 0, 0, 0, 0, 0, 0, 0, 0, 0, 0, 1, 1, 1, 1 ], 
      [ 1, 1, 0, 0, 0, 1, 0, 0, 0, 1, 0, 0, 0, 0, 1, 1, 1 ], [ 1, 1, 1, 0, 0, 1, 1, 0, 0, 1, 1, 0, 0, 0, 0, 1, 1 ], 
      [ 1, 1, 1, 1, 0, 1, 1, 1, 0, 1, 1, 1, 0, 0, 0, 0, 1 ], [ 1, 1, 0, 1, 0, 1, 0, 1, 0, 1, 0, 1, 0, 0, 1, 0, 1 ], 
      [ 1, 0, 1, 0, 0, 0, 1, 0, 0, 0, 1, 0, 0, 1, 0, 1, 1 ], [ 1, 0, 1, 1, 0, 0, 1, 1, 0, 0, 1, 1, 0, 1, 0, 0, 1 ], 
      [ 1, 0, 0, 1, 0, 0, 0, 1, 0, 0, 0, 1, 0, 1, 1, 0, 1 ], [ 1, 1, 0, 0, 0, 1, 0, 0, 0, 1, 0, 0, 0, 1, 0, 0, 0 ], 
      [ 1, 1, 1, 0, 0, 1, 1, 0, 0, 1, 1, 0, 0, 1, 1, 0, 0 ], [ 1, 1, 1, 1, 0, 1, 1, 1, 0, 1, 1, 1, 0, 1, 1, 1, 0 ], 
      [ 1, 1, 0, 1, 0, 1, 0, 1, 0, 1, 0, 1, 0, 1, 0, 1, 0 ], [ 1, 0, 1, 0, 0, 0, 1, 0, 0, 0, 1, 0, 0, 0, 1, 0, 0 ], 
      [ 1, 0, 1, 1, 0, 0, 1, 1, 0, 0, 1, 1, 0, 0, 1, 1, 0 ], [ 1, 0, 0, 1, 0, 0, 0, 1, 0, 0, 0, 1, 0, 0, 0, 1, 0 ] ],
  GRP := Group( [ (  3, 35)( 20, 36)( 21, 37)( 22, 38)( 23, 39)( 24, 40)( 25, 41)( 26, 42)( 27, 43)( 28, 44)( 29, 45)( 30, 46)
        ( 31, 47)( 32, 48)( 33, 49)( 34, 50)( 66, 98)( 83, 99)( 84,100)( 85,101)( 86,102)( 87,103)( 88,104)( 89,105)( 90,106)
        ( 91,107)( 92,108)( 93,109)( 94,110)( 95,111)( 96,112)( 97,113), (  2, 66)( 35, 67)( 36, 68)( 37, 69)( 38, 70)( 39, 71)
        ( 40, 72)( 41, 73)( 42, 74)( 43, 75)( 44, 76)( 45, 77)( 46, 78)( 47, 79)( 48, 80)( 49, 81)( 50, 82)( 51, 83)( 52, 84)
        ( 53, 85)( 54, 86)( 55, 87)( 56, 88)( 57, 89)( 58, 90)( 59, 91)( 60, 92)( 61, 93)( 62, 94)( 63, 95)( 64, 96)( 65, 97), 
      (  6, 10)(  9, 11)( 13, 17)( 16, 18)( 21, 25)( 24, 26)( 28, 32)( 31, 33)( 37, 41)( 40, 42)( 44, 48)( 47, 49)( 52, 56)
        ( 55, 57)( 59, 63)( 62, 64)( 69, 73)( 72, 74)( 76, 80)( 79, 81)( 84, 88)( 87, 89)( 91, 95)( 94, 96)(100,104)(103,105)
        (107,111)(110,112)(115,119)(118,120)(122,126)(125,127), (  6, 10)(  8,128)(  9,125)( 11,127)( 12,124)( 13, 17)( 15,121)
        ( 16,118)( 18,120)( 19,117)( 21, 25)( 23,113)( 24,110)( 26,112)( 27,109)( 28, 32)( 30,106)( 31,103)( 33,105)( 34,102)
        ( 37, 41)( 39, 97)( 40, 94)( 42, 96)( 43, 93)( 44, 48)( 46, 90)( 47, 87)( 49, 89)( 50, 86)( 52, 56)( 54, 82)( 55, 79)
        ( 57, 81)( 58, 78)( 59, 63)( 61, 75)( 62, 72)( 64, 74)( 65, 71)( 69, 73)( 76, 80)( 84, 88)( 91, 95)(100,104)(107,111)
        (115,119)(122,126), (  7,  9)( 10, 12)( 14, 16)( 17, 19)( 22, 24)( 25, 27)( 29, 31)( 32, 34)( 38, 40)( 41, 43)( 45, 47)
        ( 48, 50)( 53, 55)( 56, 58)( 60, 62)( 63, 65)( 70, 72)( 73, 75)( 77, 79)( 80, 82)( 85, 87)( 88, 90)( 92, 94)( 95, 97)
        (101,103)(104,106)(108,110)(111,113)(116,118)(119,121)(123,125)(126,128), (  4, 20)( 13, 21)( 14, 22)( 15, 23)( 16, 24)
        ( 17, 25)( 18, 26)( 19, 27)( 35, 51)( 44, 52)( 45, 53)( 46, 54)( 47, 55)( 48, 56)( 49, 57)( 50, 58)( 67, 83)( 76, 84)
        ( 77, 85)( 78, 86)( 79, 87)( 80, 88)( 81, 89)( 82, 90)( 98,114)(107,115)(108,116)(109,117)(110,118)(111,119)(112,120)
        (113,121), (  2,  8)(  3,  9, 35,  7)(  4,  6)( 10, 20, 12, 36)( 11, 51)( 14, 28, 16, 44)( 15, 59)( 17, 21, 19, 37)
        ( 18, 52)( 22, 34, 40, 48)( 23, 65, 39, 63)( 24, 50, 38, 32)( 25, 27, 43, 41)( 26, 58, 42, 56)( 29, 31, 47, 45)
        ( 30, 62, 46, 60)( 33, 55, 49, 53)( 54, 64)( 66,126, 98,128)( 67,127)( 68,124)( 69,117)( 70,102, 72, 86)( 73,109, 75, 93)
        ( 74, 78)( 76,120)( 77,105, 79, 89)( 80,112, 82, 96)( 83,123, 99,125)( 84,116,100,118)( 85,101,103, 87)( 88,108,106, 94)
        ( 90, 92,104,110)( 91,119,107,121)( 95,111,113, 97)(114,122), (  1,  2,  3,  4,  5, 68, 99,114)(  6, 69,100,115,122, 59,
          28, 13)(  7, 70,101,116,123, 60, 29, 14)(  8, 71,102,117,124, 61, 30, 15)(  9, 72,103,118,125, 62, 31, 16)
        ( 10, 73,104,119,126, 63, 32, 17)( 11, 74,105,120,127, 64, 33, 18)( 12, 75,106,121,128, 65, 34, 19)( 20, 67, 36, 83, 98,
          51, 66, 35)( 21, 76, 37, 84,107, 52, 91, 44)( 22, 77, 38, 85,108, 53, 92, 45)( 23, 78, 39, 86,109, 54, 93, 46)
        ( 24, 79, 40, 87,110, 55, 94, 47)( 25, 80, 41, 88,111, 56, 95, 48)( 26, 81, 42, 89,112, 57, 96, 49)( 27, 82, 43, 90,113,
          58, 97, 50) ] ),
  LOrb := [ [ 32, 35, 63, 64, 76, 77, 86, 92, 93, 98, 103, 107, 118, 121, 127, 128 ], 
      [ 32, 33, 63, 64, 66, 69, 72, 79, 82, 83, 84, 95, 96, 97, 100, 103, 109, 110, 115, 116, 123, 124, 126, 127 ], 
      [ 1, 66, 67, 68, 69, 70, 71, 72, 73, 74, 75, 76, 77, 78, 79, 80, 81, 82, 83, 84, 85, 86, 87, 88, 89, 90, 91, 92, 93, 94, 
          95, 96, 97, 98, 99, 100, 101, 102, 103, 104, 105, 106, 107, 108, 109, 110, 111, 112, 113, 114, 115, 116, 117, 118, 119, 
          120, 121, 122, 123, 124, 125, 126, 127, 128 ], [ 1, 39, 40, 42, 43, 46, 47, 49, 50, 54, 55, 57, 58, 61, 62, 64, 65, 66, 
          67, 68, 69, 70, 73, 76, 77, 80, 83, 84, 85, 88, 91, 92, 95, 98, 99, 100, 101, 102, 103, 104, 105, 106, 107, 108, 109, 
          110, 111, 112, 113, 114, 115, 116, 117, 118, 119, 120, 121, 122, 123, 124, 125, 126, 127, 128 ] ],
  eRec := rec(
      CUT_info := rec(
          EXT := [ [ 1, 0, 0, 0, 0, 0, 0, 0, 0, 0, 0, 0, 0, 0, 0, 0, 0 ], [ 1, 1, 1, 1, 1, 0, 0, 0, 0, 0, 0, 0, 0, 0, 0, 0, 0 ], 
              [ 1, 1, 1, 1, 1, 1, 1, 1, 1, 0, 0, 0, 0, 0, 0, 0, 0 ], [ 1, 1, 1, 1, 1, 1, 1, 1, 1, 1, 1, 1, 1, 0, 0, 0, 0 ], 
              [ 1, 1, 1, 1, 1, 1, 1, 1, 1, 1, 1, 1, 1, 1, 1, 1, 1 ], [ 1, 0, 1, 1, 1, 0, 1, 1, 1, 0, 1, 1, 1, 0, 1, 1, 1 ], 
              [ 1, 0, 0, 1, 1, 0, 0, 1, 1, 0, 0, 1, 1, 0, 0, 1, 1 ], [ 1, 0, 0, 0, 1, 0, 0, 0, 1, 0, 0, 0, 1, 0, 0, 0, 1 ], 
              [ 1, 0, 1, 0, 1, 0, 1, 0, 1, 0, 1, 0, 1, 0, 1, 0, 1 ], [ 1, 1, 0, 1, 1, 1, 0, 1, 1, 1, 0, 1, 1, 1, 0, 1, 1 ], 
              [ 1, 1, 0, 0, 1, 1, 0, 0, 1, 1, 0, 0, 1, 1, 0, 0, 1 ], [ 1, 1, 1, 0, 1, 1, 1, 0, 1, 1, 1, 0, 1, 1, 1, 0, 1 ], 
              [ 1, 0, 1, 1, 1, 0, 1, 1, 1, 0, 1, 1, 1, 1, 0, 0, 0 ], [ 1, 0, 0, 1, 1, 0, 0, 1, 1, 0, 0, 1, 1, 1, 1, 0, 0 ], 
              [ 1, 0, 0, 0, 1, 0, 0, 0, 1, 0, 0, 0, 1, 1, 1, 1, 0 ], [ 1, 0, 1, 0, 1, 0, 1, 0, 1, 0, 1, 0, 1, 1, 0, 1, 0 ], 
              [ 1, 1, 0, 1, 1, 1, 0, 1, 1, 1, 0, 1, 1, 0, 1, 0, 0 ], [ 1, 1, 0, 0, 1, 1, 0, 0, 1, 1, 0, 0, 1, 0, 1, 1, 0 ], 
              [ 1, 1, 1, 0, 1, 1, 1, 0, 1, 1, 1, 0, 1, 0, 0, 1, 0 ], [ 1, 1, 1, 1, 1, 1, 1, 1, 1, 0, 0, 0, 0, 1, 1, 1, 1 ], 
              [ 1, 0, 1, 1, 1, 0, 1, 1, 1, 1, 0, 0, 0, 0, 1, 1, 1 ], [ 1, 0, 0, 1, 1, 0, 0, 1, 1, 1, 1, 0, 0, 0, 0, 1, 1 ], 
              [ 1, 0, 0, 0, 1, 0, 0, 0, 1, 1, 1, 1, 0, 0, 0, 0, 1 ], [ 1, 0, 1, 0, 1, 0, 1, 0, 1, 1, 0, 1, 0, 0, 1, 0, 1 ], 
              [ 1, 1, 0, 1, 1, 1, 0, 1, 1, 0, 1, 0, 0, 1, 0, 1, 1 ], [ 1, 1, 0, 0, 1, 1, 0, 0, 1, 0, 1, 1, 0, 1, 0, 0, 1 ], 
              [ 1, 1, 1, 0, 1, 1, 1, 0, 1, 0, 0, 1, 0, 1, 1, 0, 1 ], [ 1, 0, 1, 1, 1, 0, 1, 1, 1, 1, 0, 0, 0, 1, 0, 0, 0 ], 
              [ 1, 0, 0, 1, 1, 0, 0, 1, 1, 1, 1, 0, 0, 1, 1, 0, 0 ], [ 1, 0, 0, 0, 1, 0, 0, 0, 1, 1, 1, 1, 0, 1, 1, 1, 0 ], 
              [ 1, 0, 1, 0, 1, 0, 1, 0, 1, 1, 0, 1, 0, 1, 0, 1, 0 ], [ 1, 1, 0, 1, 1, 1, 0, 1, 1, 0, 1, 0, 0, 0, 1, 0, 0 ], 
              [ 1, 1, 0, 0, 1, 1, 0, 0, 1, 0, 1, 1, 0, 0, 1, 1, 0 ], [ 1, 1, 1, 0, 1, 1, 1, 0, 1, 0, 0, 1, 0, 0, 0, 1, 0 ], 
              [ 1, 1, 1, 1, 1, 0, 0, 0, 0, 1, 1, 1, 1, 0, 0, 0, 0 ], [ 1, 1, 1, 1, 1, 0, 0, 0, 0, 1, 1, 1, 1, 1, 1, 1, 1 ], 
              [ 1, 0, 1, 1, 1, 1, 0, 0, 0, 0, 1, 1, 1, 0, 1, 1, 1 ], [ 1, 0, 0, 1, 1, 1, 1, 0, 0, 0, 0, 1, 1, 0, 0, 1, 1 ], 
              [ 1, 0, 0, 0, 1, 1, 1, 1, 0, 0, 0, 0, 1, 0, 0, 0, 1 ], [ 1, 0, 1, 0, 1, 1, 0, 1, 0, 0, 1, 0, 1, 0, 1, 0, 1 ], 
              [ 1, 1, 0, 1, 1, 0, 1, 0, 0, 1, 0, 1, 1, 1, 0, 1, 1 ], [ 1, 1, 0, 0, 1, 0, 1, 1, 0, 1, 0, 0, 1, 1, 0, 0, 1 ], 
              [ 1, 1, 1, 0, 1, 0, 0, 1, 0, 1, 1, 0, 1, 1, 1, 0, 1 ], [ 1, 0, 1, 1, 1, 1, 0, 0, 0, 0, 1, 1, 1, 1, 0, 0, 0 ], 
              [ 1, 0, 0, 1, 1, 1, 1, 0, 0, 0, 0, 1, 1, 1, 1, 0, 0 ], [ 1, 0, 0, 0, 1, 1, 1, 1, 0, 0, 0, 0, 1, 1, 1, 1, 0 ], 
              [ 1, 0, 1, 0, 1, 1, 0, 1, 0, 0, 1, 0, 1, 1, 0, 1, 0 ], [ 1, 1, 0, 1, 1, 0, 1, 0, 0, 1, 0, 1, 1, 0, 1, 0, 0 ], 
              [ 1, 1, 0, 0, 1, 0, 1, 1, 0, 1, 0, 0, 1, 0, 1, 1, 0 ], [ 1, 1, 1, 0, 1, 0, 0, 1, 0, 1, 1, 0, 1, 0, 0, 1, 0 ], 
              [ 1, 1, 1, 1, 1, 0, 0, 0, 0, 0, 0, 0, 0, 1, 1, 1, 1 ], [ 1, 0, 1, 1, 1, 1, 0, 0, 0, 1, 0, 0, 0, 0, 1, 1, 1 ], 
              [ 1, 0, 0, 1, 1, 1, 1, 0, 0, 1, 1, 0, 0, 0, 0, 1, 1 ], [ 1, 0, 0, 0, 1, 1, 1, 1, 0, 1, 1, 1, 0, 0, 0, 0, 1 ], 
              [ 1, 0, 1, 0, 1, 1, 0, 1, 0, 1, 0, 1, 0, 0, 1, 0, 1 ], [ 1, 1, 0, 1, 1, 0, 1, 0, 0, 0, 1, 0, 0, 1, 0, 1, 1 ], 
              [ 1, 1, 0, 0, 1, 0, 1, 1, 0, 0, 1, 1, 0, 1, 0, 0, 1 ], [ 1, 1, 1, 0, 1, 0, 0, 1, 0, 0, 0, 1, 0, 1, 1, 0, 1 ], 
              [ 1, 0, 1, 1, 1, 1, 0, 0, 0, 1, 0, 0, 0, 1, 0, 0, 0 ], [ 1, 0, 0, 1, 1, 1, 1, 0, 0, 1, 1, 0, 0, 1, 1, 0, 0 ], 
              [ 1, 0, 0, 0, 1, 1, 1, 1, 0, 1, 1, 1, 0, 1, 1, 1, 0 ], [ 1, 0, 1, 0, 1, 1, 0, 1, 0, 1, 0, 1, 0, 1, 0, 1, 0 ], 
              [ 1, 1, 0, 1, 1, 0, 1, 0, 0, 0, 1, 0, 0, 0, 1, 0, 0 ], [ 1, 1, 0, 0, 1, 0, 1, 1, 0, 0, 1, 1, 0, 0, 1, 1, 0 ], 
              [ 1, 1, 1, 0, 1, 0, 0, 1, 0, 0, 0, 1, 0, 0, 0, 1, 0 ], [ 1, 0, 0, 0, 0, 1, 1, 1, 1, 0, 0, 0, 0, 0, 0, 0, 0 ], 
              [ 1, 0, 0, 0, 0, 1, 1, 1, 1, 1, 1, 1, 1, 0, 0, 0, 0 ], [ 1, 0, 0, 0, 0, 1, 1, 1, 1, 1, 1, 1, 1, 1, 1, 1, 1 ], 
              [ 1, 1, 0, 0, 0, 0, 1, 1, 1, 0, 1, 1, 1, 0, 1, 1, 1 ], [ 1, 1, 1, 0, 0, 0, 0, 1, 1, 0, 0, 1, 1, 0, 0, 1, 1 ], 
              [ 1, 1, 1, 1, 0, 0, 0, 0, 1, 0, 0, 0, 1, 0, 0, 0, 1 ], [ 1, 1, 0, 1, 0, 0, 1, 0, 1, 0, 1, 0, 1, 0, 1, 0, 1 ], 
              [ 1, 0, 1, 0, 0, 1, 0, 1, 1, 1, 0, 1, 1, 1, 0, 1, 1 ], [ 1, 0, 1, 1, 0, 1, 0, 0, 1, 1, 0, 0, 1, 1, 0, 0, 1 ], 
              [ 1, 0, 0, 1, 0, 1, 1, 0, 1, 1, 1, 0, 1, 1, 1, 0, 1 ], [ 1, 1, 0, 0, 0, 0, 1, 1, 1, 0, 1, 1, 1, 1, 0, 0, 0 ], 
              [ 1, 1, 1, 0, 0, 0, 0, 1, 1, 0, 0, 1, 1, 1, 1, 0, 0 ], [ 1, 1, 1, 1, 0, 0, 0, 0, 1, 0, 0, 0, 1, 1, 1, 1, 0 ], 
              [ 1, 1, 0, 1, 0, 0, 1, 0, 1, 0, 1, 0, 1, 1, 0, 1, 0 ], [ 1, 0, 1, 0, 0, 1, 0, 1, 1, 1, 0, 1, 1, 0, 1, 0, 0 ], 
              [ 1, 0, 1, 1, 0, 1, 0, 0, 1, 1, 0, 0, 1, 0, 1, 1, 0 ], [ 1, 0, 0, 1, 0, 1, 1, 0, 1, 1, 1, 0, 1, 0, 0, 1, 0 ], 
              [ 1, 0, 0, 0, 0, 1, 1, 1, 1, 0, 0, 0, 0, 1, 1, 1, 1 ], [ 1, 1, 0, 0, 0, 0, 1, 1, 1, 1, 0, 0, 0, 0, 1, 1, 1 ], 
              [ 1, 1, 1, 0, 0, 0, 0, 1, 1, 1, 1, 0, 0, 0, 0, 1, 1 ], [ 1, 1, 1, 1, 0, 0, 0, 0, 1, 1, 1, 1, 0, 0, 0, 0, 1 ], 
              [ 1, 1, 0, 1, 0, 0, 1, 0, 1, 1, 0, 1, 0, 0, 1, 0, 1 ], [ 1, 0, 1, 0, 0, 1, 0, 1, 1, 0, 1, 0, 0, 1, 0, 1, 1 ], 
              [ 1, 0, 1, 1, 0, 1, 0, 0, 1, 0, 1, 1, 0, 1, 0, 0, 1 ], [ 1, 0, 0, 1, 0, 1, 1, 0, 1, 0, 0, 1, 0, 1, 1, 0, 1 ], 
              [ 1, 1, 0, 0, 0, 0, 1, 1, 1, 1, 0, 0, 0, 1, 0, 0, 0 ], [ 1, 1, 1, 0, 0, 0, 0, 1, 1, 1, 1, 0, 0, 1, 1, 0, 0 ], 
              [ 1, 1, 1, 1, 0, 0, 0, 0, 1, 1, 1, 1, 0, 1, 1, 1, 0 ], [ 1, 1, 0, 1, 0, 0, 1, 0, 1, 1, 0, 1, 0, 1, 0, 1, 0 ], 
              [ 1, 0, 1, 0, 0, 1, 0, 1, 1, 0, 1, 0, 0, 0, 1, 0, 0 ], [ 1, 0, 1, 1, 0, 1, 0, 0, 1, 0, 1, 1, 0, 0, 1, 1, 0 ], 
              [ 1, 0, 0, 1, 0, 1, 1, 0, 1, 0, 0, 1, 0, 0, 0, 1, 0 ], [ 1, 0, 0, 0, 0, 0, 0, 0, 0, 1, 1, 1, 1, 0, 0, 0, 0 ], 
              [ 1, 0, 0, 0, 0, 0, 0, 0, 0, 1, 1, 1, 1, 1, 1, 1, 1 ], [ 1, 1, 0, 0, 0, 1, 0, 0, 0, 0, 1, 1, 1, 0, 1, 1, 1 ], 
              [ 1, 1, 1, 0, 0, 1, 1, 0, 0, 0, 0, 1, 1, 0, 0, 1, 1 ], [ 1, 1, 1, 1, 0, 1, 1, 1, 0, 0, 0, 0, 1, 0, 0, 0, 1 ], 
              [ 1, 1, 0, 1, 0, 1, 0, 1, 0, 0, 1, 0, 1, 0, 1, 0, 1 ], [ 1, 0, 1, 0, 0, 0, 1, 0, 0, 1, 0, 1, 1, 1, 0, 1, 1 ], 
              [ 1, 0, 1, 1, 0, 0, 1, 1, 0, 1, 0, 0, 1, 1, 0, 0, 1 ], [ 1, 0, 0, 1, 0, 0, 0, 1, 0, 1, 1, 0, 1, 1, 1, 0, 1 ], 
              [ 1, 1, 0, 0, 0, 1, 0, 0, 0, 0, 1, 1, 1, 1, 0, 0, 0 ], [ 1, 1, 1, 0, 0, 1, 1, 0, 0, 0, 0, 1, 1, 1, 1, 0, 0 ], 
              [ 1, 1, 1, 1, 0, 1, 1, 1, 0, 0, 0, 0, 1, 1, 1, 1, 0 ], [ 1, 1, 0, 1, 0, 1, 0, 1, 0, 0, 1, 0, 1, 1, 0, 1, 0 ], 
              [ 1, 0, 1, 0, 0, 0, 1, 0, 0, 1, 0, 1, 1, 0, 1, 0, 0 ], [ 1, 0, 1, 1, 0, 0, 1, 1, 0, 1, 0, 0, 1, 0, 1, 1, 0 ], 
              [ 1, 0, 0, 1, 0, 0, 0, 1, 0, 1, 1, 0, 1, 0, 0, 1, 0 ], [ 1, 0, 0, 0, 0, 0, 0, 0, 0, 0, 0, 0, 0, 1, 1, 1, 1 ], 
              [ 1, 1, 0, 0, 0, 1, 0, 0, 0, 1, 0, 0, 0, 0, 1, 1, 1 ], [ 1, 1, 1, 0, 0, 1, 1, 0, 0, 1, 1, 0, 0, 0, 0, 1, 1 ], 
              [ 1, 1, 1, 1, 0, 1, 1, 1, 0, 1, 1, 1, 0, 0, 0, 0, 1 ], [ 1, 1, 0, 1, 0, 1, 0, 1, 0, 1, 0, 1, 0, 0, 1, 0, 1 ], 
              [ 1, 0, 1, 0, 0, 0, 1, 0, 0, 0, 1, 0, 0, 1, 0, 1, 1 ], [ 1, 0, 1, 1, 0, 0, 1, 1, 0, 0, 1, 1, 0, 1, 0, 0, 1 ], 
              [ 1, 0, 0, 1, 0, 0, 0, 1, 0, 0, 0, 1, 0, 1, 1, 0, 1 ], [ 1, 1, 0, 0, 0, 1, 0, 0, 0, 1, 0, 0, 0, 1, 0, 0, 0 ], 
              [ 1, 1, 1, 0, 0, 1, 1, 0, 0, 1, 1, 0, 0, 1, 1, 0, 0 ], [ 1, 1, 1, 1, 0, 1, 1, 1, 0, 1, 1, 1, 0, 1, 1, 1, 0 ], 
              [ 1, 1, 0, 1, 0, 1, 0, 1, 0, 1, 0, 1, 0, 1, 0, 1, 0 ], [ 1, 0, 1, 0, 0, 0, 1, 0, 0, 0, 1, 0, 0, 0, 1, 0, 0 ], 
              [ 1, 0, 1, 1, 0, 0, 1, 1, 0, 0, 1, 1, 0, 0, 1, 1, 0 ], [ 1, 0, 0, 1, 0, 0, 0, 1, 0, 0, 0, 1, 0, 0, 0, 1, 0 ] ],
          GRP := Group( [ (  1,  2)(  3, 66)(  4, 67)(  5, 68)(  6, 69)(  7, 70)(  8, 71)(  9, 72)( 10, 73)( 11, 74)( 12, 75)
                ( 13, 76)( 14, 77)( 15, 78)( 16, 79)( 17, 80)( 18, 81)( 19, 82)( 20, 83)( 21, 84)( 22, 85)( 23, 86)( 24, 87)
                ( 25, 88)( 26, 89)( 27, 90)( 28, 91)( 29, 92)( 30, 93)( 31, 94)( 32, 95)( 33, 96)( 34, 97)( 35, 98)( 36, 99)
                ( 37,100)( 38,101)( 39,102)( 40,103)( 41,104)( 42,105)( 43,106)( 44,107)( 45,108)( 46,109)( 47,110)( 48,111)
                ( 49,112)( 50,113)( 51,114)( 52,115)( 53,116)( 54,117)( 55,118)( 56,119)( 57,120)( 58,121)( 59,122)( 60,123)
                ( 61,124)( 62,125)( 63,126)( 64,127)( 65,128), (  4, 20)( 13, 21)( 14, 22)( 15, 23)( 16, 24)( 17, 25)( 18, 26)
                ( 19, 27)( 35, 51)( 44, 52)( 45, 53)( 46, 54)( 47, 55)( 48, 56)( 49, 57)( 50, 58)( 67, 83)( 76, 84)( 77, 85)
                ( 78, 86)( 79, 87)( 80, 88)( 81, 89)( 82, 90)( 98,114)(107,115)(108,116)(109,117)(110,118)(111,119)(112,120)
                (113,121), (  3, 35)( 20, 36)( 21, 37)( 22, 38)( 23, 39)( 24, 40)( 25, 41)( 26, 42)( 27, 43)( 28, 44)( 29, 45)
                ( 30, 46)( 31, 47)( 32, 48)( 33, 49)( 34, 50)( 66, 98)( 83, 99)( 84,100)( 85,101)( 86,102)( 87,103)( 88,104)
                ( 89,105)( 90,106)( 91,107)( 92,108)( 93,109)( 94,110)( 95,111)( 96,112)( 97,113), 
              (  8,128)(  9,127)( 11,125)( 12,124)( 15,121)( 16,120)( 18,118)( 19,117)( 23,113)( 24,112)( 26,110)( 27,109)
                ( 30,106)( 31,105)( 33,103)( 34,102)( 39, 97)( 40, 96)( 42, 94)( 43, 93)( 46, 90)( 47, 89)( 49, 87)( 50, 86)
                ( 54, 82)( 55, 81)( 57, 79)( 58, 78)( 61, 75)( 62, 74)( 64, 72)( 65, 71), (  7,  9)( 10, 12)( 14, 16)( 17, 19)
                ( 22, 24)( 25, 27)( 29, 31)( 32, 34)( 38, 40)( 41, 43)( 45, 47)( 48, 50)( 53, 55)( 56, 58)( 60, 62)( 63, 65)
                ( 70, 72)( 73, 75)( 77, 79)( 80, 82)( 85, 87)( 88, 90)( 92, 94)( 95, 97)(101,103)(104,106)(108,110)(111,113)
                (116,118)(119,121)(123,125)(126,128), (  6, 10)(  9, 11)( 13, 17)( 16, 18)( 21, 25)( 24, 26)( 28, 32)( 31, 33)
                ( 37, 41)( 40, 42)( 44, 48)( 47, 49)( 52, 56)( 55, 57)( 59, 63)( 62, 64)( 69, 73)( 72, 74)( 76, 80)( 79, 81)
                ( 84, 88)( 87, 89)( 91, 95)( 94, 96)(100,104)(103,105)(107,111)(110,112)(115,119)(118,120)(122,126)(125,127), 
              (  2, 66)( 35, 67)( 36, 68)( 37, 69)( 38, 70)( 39, 71)( 40, 72)( 41, 73)( 42, 74)( 43, 75)( 44, 76)( 45, 77)
                ( 46, 78)( 47, 79)( 48, 80)( 49, 81)( 50, 82)( 51, 83)( 52, 84)( 53, 85)( 54, 86)( 55, 87)( 56, 88)( 57, 89)
                ( 58, 90)( 59, 91)( 60, 92)( 61, 93)( 62, 94)( 63, 95)( 64, 96)( 65, 97), (  2,122)(  3,123)(  4,124)(  6, 68)
                (  7, 99)(  8,114)(  9, 83)( 10, 36)( 11, 51)( 12, 20)( 13, 61)( 14, 30)( 16, 46)( 17, 93)( 18, 78)( 19,109)
                ( 21, 75)( 22,106)( 23,121)( 24, 90)( 25, 43)( 26, 58)( 28, 60)( 31, 45)( 32, 92)( 33, 77)( 34,108)( 35,125)
                ( 37, 73)( 38,104)( 39,119)( 40, 88)( 42, 56)( 44, 62)( 48, 94)( 49, 79)( 50,110)( 52, 74)( 53,105)( 54,120)
                ( 55, 89)( 63, 91)( 64, 76)( 65,107)( 66,126)( 67,127)( 70,100)( 71,115)( 72, 84)( 80, 96)( 82,112)( 85,103)
                ( 86,118)( 97,111)( 98,128)(102,116) ] ) ),
      GRA := rec(
          adjacencies := [ [ 5, 6, 7, 8 ], [ 5, 6, 7, 8 ], [ 5, 6, 7, 8 ], [ 5, 6, 7, 8 ], [ 1, 2, 3, 4 ], [ 1, 2, 3, 4 ], 
              [ 1, 2, 3, 4 ], [ 1, 2, 3, 4 ] ],
          autGroup := Group( [ (3,4), (2,3), (7,8), (6,7), (5,6), (1,2), (1,5)(2,6)(3,7)(4,8) ] ),
          group := Group( [ () ] ),
          isGraph := true,
          isSimple := true,
          order := 8,
          representatives := [ 1, 2, 3, 4, 5, 6, 7, 8 ],
          schreierVector := [ -1, -2, -3, -4, -5, -6, -7, -8 ] ),
      GRPedge := Group( [ ( 9,13)(10,14)(11,15)(12,16), ( 5, 9)( 6,10)( 7,11)( 8,12), ( 3, 4)( 7, 8)(11,12)(15,16), 
          ( 2, 3)( 6, 7)(10,11)(14,15), ( 1, 2)( 5, 6)( 9,10)(13,14), ( 1, 5)( 2, 6)( 3, 7)( 4, 8), 
          ( 2, 5)( 3, 9)( 4,13)( 7,10)( 8,14)(12,15) ] ),
      GRPvert := Group( [ (3,4), (2,3), (7,8), (6,7), (5,6), (1,2), (1,5)(2,6)(3,7)(4,8) ] ),
      ListEdges := [ [ 1, 5 ], [ 1, 6 ], [ 1, 7 ], [ 1, 8 ], [ 2, 5 ], [ 2, 6 ], [ 2, 7 ], [ 2, 8 ], [ 3, 5 ], [ 3, 6 ], 
          [ 3, 7 ], [ 3, 8 ], [ 4, 5 ], [ 4, 6 ], [ 4, 7 ], [ 4, 8 ] ],
      ListSet := [ [  ], [ 1 ], [ 1, 2 ], [ 1, 2, 3 ], [ 1, 2, 3, 4 ], [ 1, 2, 3, 4, 5 ], [ 1, 2, 3, 4, 5, 6 ], 
          [ 1, 2, 3, 4, 5, 6, 7 ], [ 1, 2, 3, 4, 5, 7 ], [ 1, 2, 3, 4, 6 ], [ 1, 2, 3, 4, 6, 7 ], [ 1, 2, 3, 4, 7 ], 
          [ 1, 2, 3, 5 ], [ 1, 2, 3, 5, 6 ], [ 1, 2, 3, 5, 6, 7 ], [ 1, 2, 3, 5, 7 ], [ 1, 2, 3, 6 ], [ 1, 2, 3, 6, 7 ], 
          [ 1, 2, 3, 7 ], [ 1, 2, 4 ], [ 1, 2, 4, 5 ], [ 1, 2, 4, 5, 6 ], [ 1, 2, 4, 5, 6, 7 ], [ 1, 2, 4, 5, 7 ], 
          [ 1, 2, 4, 6 ], [ 1, 2, 4, 6, 7 ], [ 1, 2, 4, 7 ], [ 1, 2, 5 ], [ 1, 2, 5, 6 ], [ 1, 2, 5, 6, 7 ], [ 1, 2, 5, 7 ], 
          [ 1, 2, 6 ], [ 1, 2, 6, 7 ], [ 1, 2, 7 ], [ 1, 3 ], [ 1, 3, 4 ], [ 1, 3, 4, 5 ], [ 1, 3, 4, 5, 6 ], 
          [ 1, 3, 4, 5, 6, 7 ], [ 1, 3, 4, 5, 7 ], [ 1, 3, 4, 6 ], [ 1, 3, 4, 6, 7 ], [ 1, 3, 4, 7 ], [ 1, 3, 5 ], 
          [ 1, 3, 5, 6 ], [ 1, 3, 5, 6, 7 ], [ 1, 3, 5, 7 ], [ 1, 3, 6 ], [ 1, 3, 6, 7 ], [ 1, 3, 7 ], [ 1, 4 ], [ 1, 4, 5 ], 
          [ 1, 4, 5, 6 ], [ 1, 4, 5, 6, 7 ], [ 1, 4, 5, 7 ], [ 1, 4, 6 ], [ 1, 4, 6, 7 ], [ 1, 4, 7 ], [ 1, 5 ], [ 1, 5, 6 ], 
          [ 1, 5, 6, 7 ], [ 1, 5, 7 ], [ 1, 6 ], [ 1, 6, 7 ], [ 1, 7 ], [ 2 ], [ 2, 3 ], [ 2, 3, 4 ], [ 2, 3, 4, 5 ], 
          [ 2, 3, 4, 5, 6 ], [ 2, 3, 4, 5, 6, 7 ], [ 2, 3, 4, 5, 7 ], [ 2, 3, 4, 6 ], [ 2, 3, 4, 6, 7 ], [ 2, 3, 4, 7 ], 
          [ 2, 3, 5 ], [ 2, 3, 5, 6 ], [ 2, 3, 5, 6, 7 ], [ 2, 3, 5, 7 ], [ 2, 3, 6 ], [ 2, 3, 6, 7 ], [ 2, 3, 7 ], [ 2, 4 ], 
          [ 2, 4, 5 ], [ 2, 4, 5, 6 ], [ 2, 4, 5, 6, 7 ], [ 2, 4, 5, 7 ], [ 2, 4, 6 ], [ 2, 4, 6, 7 ], [ 2, 4, 7 ], [ 2, 5 ], 
          [ 2, 5, 6 ], [ 2, 5, 6, 7 ], [ 2, 5, 7 ], [ 2, 6 ], [ 2, 6, 7 ], [ 2, 7 ], [ 3 ], [ 3, 4 ], [ 3, 4, 5 ], 
          [ 3, 4, 5, 6 ], [ 3, 4, 5, 6, 7 ], [ 3, 4, 5, 7 ], [ 3, 4, 6 ], [ 3, 4, 6, 7 ], [ 3, 4, 7 ], [ 3, 5 ], 
          [ 3, 5, 6 ], [ 3, 5, 6, 7 ], [ 3, 5, 7 ], [ 3, 6 ], [ 3, 6, 7 ], [ 3, 7 ], [ 4 ], [ 4, 5 ], [ 4, 5, 6 ], 
          [ 4, 5, 6, 7 ], [ 4, 5, 7 ], [ 4, 6 ], [ 4, 6, 7 ], [ 4, 7 ], [ 5 ], [ 5, 6 ], [ 5, 6, 7 ], [ 5, 7 ], [ 6 ], [ 6, 7 ], 
          [ 7 ] ],
      ListVect := [ [ 1, 0, 0, 0, 0, 0, 0, 0, 0, 0, 0, 0, 0, 0, 0, 0, 0 ], [ 1, 1, 1, 1, 1, 0, 0, 0, 0, 0, 0, 0, 0, 0, 0, 0, 0 ], 
          [ 1, 1, 1, 1, 1, 1, 1, 1, 1, 0, 0, 0, 0, 0, 0, 0, 0 ], [ 1, 1, 1, 1, 1, 1, 1, 1, 1, 1, 1, 1, 1, 0, 0, 0, 0 ], 
          [ 1, 1, 1, 1, 1, 1, 1, 1, 1, 1, 1, 1, 1, 1, 1, 1, 1 ], [ 1, 0, 1, 1, 1, 0, 1, 1, 1, 0, 1, 1, 1, 0, 1, 1, 1 ], 
          [ 1, 0, 0, 1, 1, 0, 0, 1, 1, 0, 0, 1, 1, 0, 0, 1, 1 ], [ 1, 0, 0, 0, 1, 0, 0, 0, 1, 0, 0, 0, 1, 0, 0, 0, 1 ], 
          [ 1, 0, 1, 0, 1, 0, 1, 0, 1, 0, 1, 0, 1, 0, 1, 0, 1 ], [ 1, 1, 0, 1, 1, 1, 0, 1, 1, 1, 0, 1, 1, 1, 0, 1, 1 ], 
          [ 1, 1, 0, 0, 1, 1, 0, 0, 1, 1, 0, 0, 1, 1, 0, 0, 1 ], [ 1, 1, 1, 0, 1, 1, 1, 0, 1, 1, 1, 0, 1, 1, 1, 0, 1 ], 
          [ 1, 0, 1, 1, 1, 0, 1, 1, 1, 0, 1, 1, 1, 1, 0, 0, 0 ], [ 1, 0, 0, 1, 1, 0, 0, 1, 1, 0, 0, 1, 1, 1, 1, 0, 0 ], 
          [ 1, 0, 0, 0, 1, 0, 0, 0, 1, 0, 0, 0, 1, 1, 1, 1, 0 ], [ 1, 0, 1, 0, 1, 0, 1, 0, 1, 0, 1, 0, 1, 1, 0, 1, 0 ], 
          [ 1, 1, 0, 1, 1, 1, 0, 1, 1, 1, 0, 1, 1, 0, 1, 0, 0 ], [ 1, 1, 0, 0, 1, 1, 0, 0, 1, 1, 0, 0, 1, 0, 1, 1, 0 ], 
          [ 1, 1, 1, 0, 1, 1, 1, 0, 1, 1, 1, 0, 1, 0, 0, 1, 0 ], [ 1, 1, 1, 1, 1, 1, 1, 1, 1, 0, 0, 0, 0, 1, 1, 1, 1 ], 
          [ 1, 0, 1, 1, 1, 0, 1, 1, 1, 1, 0, 0, 0, 0, 1, 1, 1 ], [ 1, 0, 0, 1, 1, 0, 0, 1, 1, 1, 1, 0, 0, 0, 0, 1, 1 ], 
          [ 1, 0, 0, 0, 1, 0, 0, 0, 1, 1, 1, 1, 0, 0, 0, 0, 1 ], [ 1, 0, 1, 0, 1, 0, 1, 0, 1, 1, 0, 1, 0, 0, 1, 0, 1 ], 
          [ 1, 1, 0, 1, 1, 1, 0, 1, 1, 0, 1, 0, 0, 1, 0, 1, 1 ], [ 1, 1, 0, 0, 1, 1, 0, 0, 1, 0, 1, 1, 0, 1, 0, 0, 1 ], 
          [ 1, 1, 1, 0, 1, 1, 1, 0, 1, 0, 0, 1, 0, 1, 1, 0, 1 ], [ 1, 0, 1, 1, 1, 0, 1, 1, 1, 1, 0, 0, 0, 1, 0, 0, 0 ], 
          [ 1, 0, 0, 1, 1, 0, 0, 1, 1, 1, 1, 0, 0, 1, 1, 0, 0 ], [ 1, 0, 0, 0, 1, 0, 0, 0, 1, 1, 1, 1, 0, 1, 1, 1, 0 ], 
          [ 1, 0, 1, 0, 1, 0, 1, 0, 1, 1, 0, 1, 0, 1, 0, 1, 0 ], [ 1, 1, 0, 1, 1, 1, 0, 1, 1, 0, 1, 0, 0, 0, 1, 0, 0 ], 
          [ 1, 1, 0, 0, 1, 1, 0, 0, 1, 0, 1, 1, 0, 0, 1, 1, 0 ], [ 1, 1, 1, 0, 1, 1, 1, 0, 1, 0, 0, 1, 0, 0, 0, 1, 0 ], 
          [ 1, 1, 1, 1, 1, 0, 0, 0, 0, 1, 1, 1, 1, 0, 0, 0, 0 ], [ 1, 1, 1, 1, 1, 0, 0, 0, 0, 1, 1, 1, 1, 1, 1, 1, 1 ], 
          [ 1, 0, 1, 1, 1, 1, 0, 0, 0, 0, 1, 1, 1, 0, 1, 1, 1 ], [ 1, 0, 0, 1, 1, 1, 1, 0, 0, 0, 0, 1, 1, 0, 0, 1, 1 ], 
          [ 1, 0, 0, 0, 1, 1, 1, 1, 0, 0, 0, 0, 1, 0, 0, 0, 1 ], [ 1, 0, 1, 0, 1, 1, 0, 1, 0, 0, 1, 0, 1, 0, 1, 0, 1 ], 
          [ 1, 1, 0, 1, 1, 0, 1, 0, 0, 1, 0, 1, 1, 1, 0, 1, 1 ], [ 1, 1, 0, 0, 1, 0, 1, 1, 0, 1, 0, 0, 1, 1, 0, 0, 1 ], 
          [ 1, 1, 1, 0, 1, 0, 0, 1, 0, 1, 1, 0, 1, 1, 1, 0, 1 ], [ 1, 0, 1, 1, 1, 1, 0, 0, 0, 0, 1, 1, 1, 1, 0, 0, 0 ], 
          [ 1, 0, 0, 1, 1, 1, 1, 0, 0, 0, 0, 1, 1, 1, 1, 0, 0 ], [ 1, 0, 0, 0, 1, 1, 1, 1, 0, 0, 0, 0, 1, 1, 1, 1, 0 ], 
          [ 1, 0, 1, 0, 1, 1, 0, 1, 0, 0, 1, 0, 1, 1, 0, 1, 0 ], [ 1, 1, 0, 1, 1, 0, 1, 0, 0, 1, 0, 1, 1, 0, 1, 0, 0 ], 
          [ 1, 1, 0, 0, 1, 0, 1, 1, 0, 1, 0, 0, 1, 0, 1, 1, 0 ], [ 1, 1, 1, 0, 1, 0, 0, 1, 0, 1, 1, 0, 1, 0, 0, 1, 0 ], 
          [ 1, 1, 1, 1, 1, 0, 0, 0, 0, 0, 0, 0, 0, 1, 1, 1, 1 ], [ 1, 0, 1, 1, 1, 1, 0, 0, 0, 1, 0, 0, 0, 0, 1, 1, 1 ], 
          [ 1, 0, 0, 1, 1, 1, 1, 0, 0, 1, 1, 0, 0, 0, 0, 1, 1 ], [ 1, 0, 0, 0, 1, 1, 1, 1, 0, 1, 1, 1, 0, 0, 0, 0, 1 ], 
          [ 1, 0, 1, 0, 1, 1, 0, 1, 0, 1, 0, 1, 0, 0, 1, 0, 1 ], [ 1, 1, 0, 1, 1, 0, 1, 0, 0, 0, 1, 0, 0, 1, 0, 1, 1 ], 
          [ 1, 1, 0, 0, 1, 0, 1, 1, 0, 0, 1, 1, 0, 1, 0, 0, 1 ], [ 1, 1, 1, 0, 1, 0, 0, 1, 0, 0, 0, 1, 0, 1, 1, 0, 1 ], 
          [ 1, 0, 1, 1, 1, 1, 0, 0, 0, 1, 0, 0, 0, 1, 0, 0, 0 ], [ 1, 0, 0, 1, 1, 1, 1, 0, 0, 1, 1, 0, 0, 1, 1, 0, 0 ], 
          [ 1, 0, 0, 0, 1, 1, 1, 1, 0, 1, 1, 1, 0, 1, 1, 1, 0 ], [ 1, 0, 1, 0, 1, 1, 0, 1, 0, 1, 0, 1, 0, 1, 0, 1, 0 ], 
          [ 1, 1, 0, 1, 1, 0, 1, 0, 0, 0, 1, 0, 0, 0, 1, 0, 0 ], [ 1, 1, 0, 0, 1, 0, 1, 1, 0, 0, 1, 1, 0, 0, 1, 1, 0 ], 
          [ 1, 1, 1, 0, 1, 0, 0, 1, 0, 0, 0, 1, 0, 0, 0, 1, 0 ], [ 1, 0, 0, 0, 0, 1, 1, 1, 1, 0, 0, 0, 0, 0, 0, 0, 0 ], 
          [ 1, 0, 0, 0, 0, 1, 1, 1, 1, 1, 1, 1, 1, 0, 0, 0, 0 ], [ 1, 0, 0, 0, 0, 1, 1, 1, 1, 1, 1, 1, 1, 1, 1, 1, 1 ], 
          [ 1, 1, 0, 0, 0, 0, 1, 1, 1, 0, 1, 1, 1, 0, 1, 1, 1 ], [ 1, 1, 1, 0, 0, 0, 0, 1, 1, 0, 0, 1, 1, 0, 0, 1, 1 ], 
          [ 1, 1, 1, 1, 0, 0, 0, 0, 1, 0, 0, 0, 1, 0, 0, 0, 1 ], [ 1, 1, 0, 1, 0, 0, 1, 0, 1, 0, 1, 0, 1, 0, 1, 0, 1 ], 
          [ 1, 0, 1, 0, 0, 1, 0, 1, 1, 1, 0, 1, 1, 1, 0, 1, 1 ], [ 1, 0, 1, 1, 0, 1, 0, 0, 1, 1, 0, 0, 1, 1, 0, 0, 1 ], 
          [ 1, 0, 0, 1, 0, 1, 1, 0, 1, 1, 1, 0, 1, 1, 1, 0, 1 ], [ 1, 1, 0, 0, 0, 0, 1, 1, 1, 0, 1, 1, 1, 1, 0, 0, 0 ], 
          [ 1, 1, 1, 0, 0, 0, 0, 1, 1, 0, 0, 1, 1, 1, 1, 0, 0 ], [ 1, 1, 1, 1, 0, 0, 0, 0, 1, 0, 0, 0, 1, 1, 1, 1, 0 ], 
          [ 1, 1, 0, 1, 0, 0, 1, 0, 1, 0, 1, 0, 1, 1, 0, 1, 0 ], [ 1, 0, 1, 0, 0, 1, 0, 1, 1, 1, 0, 1, 1, 0, 1, 0, 0 ], 
          [ 1, 0, 1, 1, 0, 1, 0, 0, 1, 1, 0, 0, 1, 0, 1, 1, 0 ], [ 1, 0, 0, 1, 0, 1, 1, 0, 1, 1, 1, 0, 1, 0, 0, 1, 0 ], 
          [ 1, 0, 0, 0, 0, 1, 1, 1, 1, 0, 0, 0, 0, 1, 1, 1, 1 ], [ 1, 1, 0, 0, 0, 0, 1, 1, 1, 1, 0, 0, 0, 0, 1, 1, 1 ], 
          [ 1, 1, 1, 0, 0, 0, 0, 1, 1, 1, 1, 0, 0, 0, 0, 1, 1 ], [ 1, 1, 1, 1, 0, 0, 0, 0, 1, 1, 1, 1, 0, 0, 0, 0, 1 ], 
          [ 1, 1, 0, 1, 0, 0, 1, 0, 1, 1, 0, 1, 0, 0, 1, 0, 1 ], [ 1, 0, 1, 0, 0, 1, 0, 1, 1, 0, 1, 0, 0, 1, 0, 1, 1 ], 
          [ 1, 0, 1, 1, 0, 1, 0, 0, 1, 0, 1, 1, 0, 1, 0, 0, 1 ], [ 1, 0, 0, 1, 0, 1, 1, 0, 1, 0, 0, 1, 0, 1, 1, 0, 1 ], 
          [ 1, 1, 0, 0, 0, 0, 1, 1, 1, 1, 0, 0, 0, 1, 0, 0, 0 ], [ 1, 1, 1, 0, 0, 0, 0, 1, 1, 1, 1, 0, 0, 1, 1, 0, 0 ], 
          [ 1, 1, 1, 1, 0, 0, 0, 0, 1, 1, 1, 1, 0, 1, 1, 1, 0 ], [ 1, 1, 0, 1, 0, 0, 1, 0, 1, 1, 0, 1, 0, 1, 0, 1, 0 ], 
          [ 1, 0, 1, 0, 0, 1, 0, 1, 1, 0, 1, 0, 0, 0, 1, 0, 0 ], [ 1, 0, 1, 1, 0, 1, 0, 0, 1, 0, 1, 1, 0, 0, 1, 1, 0 ], 
          [ 1, 0, 0, 1, 0, 1, 1, 0, 1, 0, 0, 1, 0, 0, 0, 1, 0 ], [ 1, 0, 0, 0, 0, 0, 0, 0, 0, 1, 1, 1, 1, 0, 0, 0, 0 ], 
          [ 1, 0, 0, 0, 0, 0, 0, 0, 0, 1, 1, 1, 1, 1, 1, 1, 1 ], [ 1, 1, 0, 0, 0, 1, 0, 0, 0, 0, 1, 1, 1, 0, 1, 1, 1 ], 
          [ 1, 1, 1, 0, 0, 1, 1, 0, 0, 0, 0, 1, 1, 0, 0, 1, 1 ], [ 1, 1, 1, 1, 0, 1, 1, 1, 0, 0, 0, 0, 1, 0, 0, 0, 1 ], 
          [ 1, 1, 0, 1, 0, 1, 0, 1, 0, 0, 1, 0, 1, 0, 1, 0, 1 ], [ 1, 0, 1, 0, 0, 0, 1, 0, 0, 1, 0, 1, 1, 1, 0, 1, 1 ], 
          [ 1, 0, 1, 1, 0, 0, 1, 1, 0, 1, 0, 0, 1, 1, 0, 0, 1 ], [ 1, 0, 0, 1, 0, 0, 0, 1, 0, 1, 1, 0, 1, 1, 1, 0, 1 ], 
          [ 1, 1, 0, 0, 0, 1, 0, 0, 0, 0, 1, 1, 1, 1, 0, 0, 0 ], [ 1, 1, 1, 0, 0, 1, 1, 0, 0, 0, 0, 1, 1, 1, 1, 0, 0 ], 
          [ 1, 1, 1, 1, 0, 1, 1, 1, 0, 0, 0, 0, 1, 1, 1, 1, 0 ], [ 1, 1, 0, 1, 0, 1, 0, 1, 0, 0, 1, 0, 1, 1, 0, 1, 0 ], 
          [ 1, 0, 1, 0, 0, 0, 1, 0, 0, 1, 0, 1, 1, 0, 1, 0, 0 ], [ 1, 0, 1, 1, 0, 0, 1, 1, 0, 1, 0, 0, 1, 0, 1, 1, 0 ], 
          [ 1, 0, 0, 1, 0, 0, 0, 1, 0, 1, 1, 0, 1, 0, 0, 1, 0 ], [ 1, 0, 0, 0, 0, 0, 0, 0, 0, 0, 0, 0, 0, 1, 1, 1, 1 ], 
          [ 1, 1, 0, 0, 0, 1, 0, 0, 0, 1, 0, 0, 0, 0, 1, 1, 1 ], [ 1, 1, 1, 0, 0, 1, 1, 0, 0, 1, 1, 0, 0, 0, 0, 1, 1 ], 
          [ 1, 1, 1, 1, 0, 1, 1, 1, 0, 1, 1, 1, 0, 0, 0, 0, 1 ], [ 1, 1, 0, 1, 0, 1, 0, 1, 0, 1, 0, 1, 0, 0, 1, 0, 1 ], 
          [ 1, 0, 1, 0, 0, 0, 1, 0, 0, 0, 1, 0, 0, 1, 0, 1, 1 ], [ 1, 0, 1, 1, 0, 0, 1, 1, 0, 0, 1, 1, 0, 1, 0, 0, 1 ], 
          [ 1, 0, 0, 1, 0, 0, 0, 1, 0, 0, 0, 1, 0, 1, 1, 0, 1 ], [ 1, 1, 0, 0, 0, 1, 0, 0, 0, 1, 0, 0, 0, 1, 0, 0, 0 ], 
          [ 1, 1, 1, 0, 0, 1, 1, 0, 0, 1, 1, 0, 0, 1, 1, 0, 0 ], [ 1, 1, 1, 1, 0, 1, 1, 1, 0, 1, 1, 1, 0, 1, 1, 1, 0 ], 
          [ 1, 1, 0, 1, 0, 1, 0, 1, 0, 1, 0, 1, 0, 1, 0, 1, 0 ], [ 1, 0, 1, 0, 0, 0, 1, 0, 0, 0, 1, 0, 0, 0, 1, 0, 0 ], 
          [ 1, 0, 1, 1, 0, 0, 1, 1, 0, 0, 1, 1, 0, 0, 1, 1, 0 ], [ 1, 0, 0, 1, 0, 0, 0, 1, 0, 0, 0, 1, 0, 0, 0, 1, 0 ] ],
      MET_info := rec(
          EXT := [ [ 0, -1, 1, 0, 0, 1, 1, 0, 0, 0, 0, 0, 0, 0, 0, 0, 0 ], [ 0, 1, -1, 0, 0, 1, 1, 0, 0, 0, 0, 0, 0, 0, 0, 0, 0 ],
              [ 0, -1, 1, 0, 0, 0, 0, 0, 0, 1, 1, 0, 0, 0, 0, 0, 0 ], [ 0, -1, 0, 1, 0, 1, 0, 1, 0, 0, 0, 0, 0, 0, 0, 0, 0 ], 
              [ 0, 1, 1, 0, 0, -1, 1, 0, 0, 0, 0, 0, 0, 0, 0, 0, 0 ], [ 0, 1, -1, 0, 0, 0, 0, 0, 0, 1, 1, 0, 0, 0, 0, 0, 0 ], 
              [ 0, 1, 0, -1, 0, 1, 0, 1, 0, 0, 0, 0, 0, 0, 0, 0, 0 ], [ 0, 1, 1, 0, 0, 1, -1, 0, 0, 0, 0, 0, 0, 0, 0, 0, 0 ], 
              [ 0, -1, 1, 0, 0, 0, 0, 0, 0, 0, 0, 0, 0, 1, 1, 0, 0 ], [ 0, -1, 0, 1, 0, 0, 0, 0, 0, 1, 0, 1, 0, 0, 0, 0, 0 ], 
              [ 0, 0, 0, 0, 0, -1, 1, 0, 0, 1, 1, 0, 0, 0, 0, 0, 0 ], [ 0, -1, 0, 0, 1, 1, 0, 0, 1, 0, 0, 0, 0, 0, 0, 0, 0 ], 
              [ 0, 0, -1, 1, 0, 0, 1, 1, 0, 0, 0, 0, 0, 0, 0, 0, 0 ], [ 0, 1, 0, 1, 0, -1, 0, 1, 0, 0, 0, 0, 0, 0, 0, 0, 0 ], 
              [ 2, -1, -1, 0, 0, -1, 1, 0, 0, 0, 0, 0, 0, 0, 0, 0, 0 ], [ 0, 1, 1, 0, 0, 0, 0, 0, 0, -1, 1, 0, 0, 0, 0, 0, 0 ], 
              [ 0, 1, -1, 0, 0, 0, 0, 0, 0, 0, 0, 0, 0, 1, 1, 0, 0 ], [ 0, 1, 0, -1, 0, 0, 0, 0, 0, 1, 0, 1, 0, 0, 0, 0, 0 ], 
              [ 0, 0, 0, 0, 0, 1, -1, 0, 0, 1, 1, 0, 0, 0, 0, 0, 0 ], [ 0, 1, 0, 0, -1, 1, 0, 0, 1, 0, 0, 0, 0, 0, 0, 0, 0 ], 
              [ 0, 0, 1, -1, 0, 0, 1, 1, 0, 0, 0, 0, 0, 0, 0, 0, 0 ], [ 0, 1, 0, 1, 0, 1, 0, -1, 0, 0, 0, 0, 0, 0, 0, 0, 0 ], 
              [ 2, -1, -1, 0, 0, 1, -1, 0, 0, 0, 0, 0, 0, 0, 0, 0, 0 ], [ 0, 1, 1, 0, 0, 0, 0, 0, 0, 1, -1, 0, 0, 0, 0, 0, 0 ], 
              [ 0, -1, 0, 1, 0, 0, 0, 0, 0, 0, 0, 0, 0, 1, 0, 1, 0 ], [ 0, 0, 0, 0, 0, -1, 1, 0, 0, 0, 0, 0, 0, 1, 1, 0, 0 ], 
              [ 0, -1, 0, 0, 1, 0, 0, 0, 0, 1, 0, 0, 1, 0, 0, 0, 0 ], [ 0, 0, -1, 1, 0, 0, 0, 0, 0, 0, 1, 1, 0, 0, 0, 0, 0 ], 
              [ 0, 0, 0, 0, 0, -1, 0, 1, 0, 1, 0, 1, 0, 0, 0, 0, 0 ], [ 0, 0, 0, 0, 0, 1, 1, 0, 0, -1, 1, 0, 0, 0, 0, 0, 0 ], 
              [ 0, 0, -1, 0, 1, 0, 1, 0, 1, 0, 0, 0, 0, 0, 0, 0, 0 ], [ 0, 1, 0, 0, 1, -1, 0, 0, 1, 0, 0, 0, 0, 0, 0, 0, 0 ], 
              [ 0, 0, 1, 1, 0, 0, -1, 1, 0, 0, 0, 0, 0, 0, 0, 0, 0 ], [ 2, -1, 0, -1, 0, -1, 0, 1, 0, 0, 0, 0, 0, 0, 0, 0, 0 ], 
              [ 0, 1, 0, 1, 0, 0, 0, 0, 0, -1, 0, 1, 0, 0, 0, 0, 0 ], [ 2, -1, -1, 0, 0, 0, 0, 0, 0, -1, 1, 0, 0, 0, 0, 0, 0 ], 
              [ 2, -1, 1, 0, 0, -1, -1, 0, 0, 0, 0, 0, 0, 0, 0, 0, 0 ], [ 0, 1, 1, 0, 0, 0, 0, 0, 0, 0, 0, 0, 0, -1, 1, 0, 0 ], 
              [ 0, 1, 0, -1, 0, 0, 0, 0, 0, 0, 0, 0, 0, 1, 0, 1, 0 ], [ 0, 0, 0, 0, 0, 1, -1, 0, 0, 0, 0, 0, 0, 1, 1, 0, 0 ], 
              [ 0, 1, 0, 0, -1, 0, 0, 0, 0, 1, 0, 0, 1, 0, 0, 0, 0 ], [ 0, 0, 1, -1, 0, 0, 0, 0, 0, 0, 1, 1, 0, 0, 0, 0, 0 ], 
              [ 0, 0, 0, 0, 0, 1, 0, -1, 0, 1, 0, 1, 0, 0, 0, 0, 0 ], [ 0, 0, 0, 0, 0, 1, 1, 0, 0, 1, -1, 0, 0, 0, 0, 0, 0 ], 
              [ 0, 0, 1, 0, -1, 0, 1, 0, 1, 0, 0, 0, 0, 0, 0, 0, 0 ], [ 0, 1, 0, 0, 1, 1, 0, 0, -1, 0, 0, 0, 0, 0, 0, 0, 0 ], 
              [ 0, 0, 1, 1, 0, 0, 1, -1, 0, 0, 0, 0, 0, 0, 0, 0, 0 ], [ 2, -1, 0, -1, 0, 1, 0, -1, 0, 0, 0, 0, 0, 0, 0, 0, 0 ], 
              [ 0, 1, 0, 1, 0, 0, 0, 0, 0, 1, 0, -1, 0, 0, 0, 0, 0 ], [ 2, -1, -1, 0, 0, 0, 0, 0, 0, 1, -1, 0, 0, 0, 0, 0, 0 ], 
              [ 2, 1, -1, 0, 0, -1, -1, 0, 0, 0, 0, 0, 0, 0, 0, 0, 0 ], [ 0, 1, 1, 0, 0, 0, 0, 0, 0, 0, 0, 0, 0, 1, -1, 0, 0 ], 
              [ 0, -1, 0, 0, 1, 0, 0, 0, 0, 0, 0, 0, 0, 1, 0, 0, 1 ], [ 0, 0, -1, 1, 0, 0, 0, 0, 0, 0, 0, 0, 0, 0, 1, 1, 0 ], 
              [ 0, 0, 0, 0, 0, -1, 0, 1, 0, 0, 0, 0, 0, 1, 0, 1, 0 ], [ 0, 0, 0, 0, 0, 0, 0, 0, 0, -1, 1, 0, 0, 1, 1, 0, 0 ], 
              [ 0, 0, -1, 0, 1, 0, 0, 0, 0, 0, 1, 0, 1, 0, 0, 0, 0 ], [ 0, 0, 0, 0, 0, -1, 0, 0, 1, 1, 0, 0, 1, 0, 0, 0, 0 ], 
              [ 0, 0, 0, 0, 0, 0, -1, 1, 0, 0, 1, 1, 0, 0, 0, 0, 0 ], [ 0, 0, 0, 0, 0, 1, 0, 1, 0, -1, 0, 1, 0, 0, 0, 0, 0 ], 
              [ 0, 0, 0, 0, 0, 1, 1, 0, 0, 0, 0, 0, 0, -1, 1, 0, 0 ], [ 0, 0, 0, -1, 1, 0, 0, 1, 1, 0, 0, 0, 0, 0, 0, 0, 0 ], 
              [ 0, 0, 1, 0, 1, 0, -1, 0, 1, 0, 0, 0, 0, 0, 0, 0, 0 ], [ 2, -1, 0, 0, -1, -1, 0, 0, 1, 0, 0, 0, 0, 0, 0, 0, 0 ], 
              [ 0, 1, 0, 0, 1, 0, 0, 0, 0, -1, 0, 0, 1, 0, 0, 0, 0 ], [ 2, 0, -1, -1, 0, 0, -1, 1, 0, 0, 0, 0, 0, 0, 0, 0, 0 ], 
              [ 0, 0, 1, 1, 0, 0, 0, 0, 0, 0, -1, 1, 0, 0, 0, 0, 0 ], [ 2, -1, 0, -1, 0, 0, 0, 0, 0, -1, 0, 1, 0, 0, 0, 0, 0 ], 
              [ 2, -1, 0, 1, 0, -1, 0, -1, 0, 0, 0, 0, 0, 0, 0, 0, 0 ], [ 0, 1, 0, 1, 0, 0, 0, 0, 0, 0, 0, 0, 0, -1, 0, 1, 0 ], 
              [ 2, -1, -1, 0, 0, 0, 0, 0, 0, 0, 0, 0, 0, -1, 1, 0, 0 ], [ 2, 0, 0, 0, 0, -1, -1, 0, 0, -1, 1, 0, 0, 0, 0, 0, 0 ], 
              [ 2, -1, 1, 0, 0, 0, 0, 0, 0, -1, -1, 0, 0, 0, 0, 0, 0 ], [ 0, 1, 0, 0, -1, 0, 0, 0, 0, 0, 0, 0, 0, 1, 0, 0, 1 ], 
              [ 0, 0, 1, -1, 0, 0, 0, 0, 0, 0, 0, 0, 0, 0, 1, 1, 0 ], [ 0, 0, 0, 0, 0, 1, 0, -1, 0, 0, 0, 0, 0, 1, 0, 1, 0 ], 
              [ 0, 0, 0, 0, 0, 0, 0, 0, 0, 1, -1, 0, 0, 1, 1, 0, 0 ], [ 0, 0, 1, 0, -1, 0, 0, 0, 0, 0, 1, 0, 1, 0, 0, 0, 0 ], 
              [ 0, 0, 0, 0, 0, 1, 0, 0, -1, 1, 0, 0, 1, 0, 0, 0, 0 ], [ 0, 0, 0, 0, 0, 0, 1, -1, 0, 0, 1, 1, 0, 0, 0, 0, 0 ], 
              [ 0, 0, 0, 0, 0, 1, 0, 1, 0, 1, 0, -1, 0, 0, 0, 0, 0 ], [ 0, 0, 0, 0, 0, 1, 1, 0, 0, 0, 0, 0, 0, 1, -1, 0, 0 ], 
              [ 0, 0, 0, 1, -1, 0, 0, 1, 1, 0, 0, 0, 0, 0, 0, 0, 0 ], [ 0, 0, 1, 0, 1, 0, 1, 0, -1, 0, 0, 0, 0, 0, 0, 0, 0 ], 
              [ 2, -1, 0, 0, -1, 1, 0, 0, -1, 0, 0, 0, 0, 0, 0, 0, 0 ], [ 0, 1, 0, 0, 1, 0, 0, 0, 0, 1, 0, 0, -1, 0, 0, 0, 0 ], 
              [ 2, 0, -1, -1, 0, 0, 1, -1, 0, 0, 0, 0, 0, 0, 0, 0, 0 ], [ 0, 0, 1, 1, 0, 0, 0, 0, 0, 0, 1, -1, 0, 0, 0, 0, 0 ], 
              [ 2, -1, 0, -1, 0, 0, 0, 0, 0, 1, 0, -1, 0, 0, 0, 0, 0 ], [ 2, 1, 0, -1, 0, -1, 0, -1, 0, 0, 0, 0, 0, 0, 0, 0, 0 ], 
              [ 0, 1, 0, 1, 0, 0, 0, 0, 0, 0, 0, 0, 0, 1, 0, -1, 0 ], [ 2, -1, -1, 0, 0, 0, 0, 0, 0, 0, 0, 0, 0, 1, -1, 0, 0 ], 
              [ 2, 0, 0, 0, 0, -1, -1, 0, 0, 1, -1, 0, 0, 0, 0, 0, 0 ], [ 2, 1, -1, 0, 0, 0, 0, 0, 0, -1, -1, 0, 0, 0, 0, 0, 0 ], 
              [ 0, 0, -1, 0, 1, 0, 0, 0, 0, 0, 0, 0, 0, 0, 1, 0, 1 ], [ 0, 0, 0, 0, 0, -1, 0, 0, 1, 0, 0, 0, 0, 1, 0, 0, 1 ], 
              [ 0, 0, 0, 0, 0, 0, -1, 1, 0, 0, 0, 0, 0, 0, 1, 1, 0 ], [ 0, 0, 0, 0, 0, 0, 0, 0, 0, -1, 0, 1, 0, 1, 0, 1, 0 ], 
              [ 0, 0, 0, 0, 0, 0, 0, 0, 0, 1, 1, 0, 0, -1, 1, 0, 0 ], [ 0, 0, 0, -1, 1, 0, 0, 0, 0, 0, 0, 1, 1, 0, 0, 0, 0 ], 
              [ 0, 0, 0, 0, 0, 0, -1, 0, 1, 0, 1, 0, 1, 0, 0, 0, 0 ], [ 0, 0, 0, 0, 0, 1, 0, 0, 1, -1, 0, 0, 1, 0, 0, 0, 0 ], 
              [ 0, 0, 0, 0, 0, 0, 1, 1, 0, 0, -1, 1, 0, 0, 0, 0, 0 ], [ 0, 0, 0, 0, 0, 1, 0, 1, 0, 0, 0, 0, 0, -1, 0, 1, 0 ], 
              [ 0, 0, 0, 1, 1, 0, 0, -1, 1, 0, 0, 0, 0, 0, 0, 0, 0 ], [ 2, 0, -1, 0, -1, 0, -1, 0, 1, 0, 0, 0, 0, 0, 0, 0, 0 ], 
              [ 0, 0, 1, 0, 1, 0, 0, 0, 0, 0, -1, 0, 1, 0, 0, 0, 0 ], [ 2, -1, 0, 0, -1, 0, 0, 0, 0, -1, 0, 0, 1, 0, 0, 0, 0 ], 
              [ 2, -1, 0, 0, 1, -1, 0, 0, -1, 0, 0, 0, 0, 0, 0, 0, 0 ], [ 0, 1, 0, 0, 1, 0, 0, 0, 0, 0, 0, 0, 0, -1, 0, 0, 1 ], 
              [ 2, 0, -1, -1, 0, 0, 0, 0, 0, 0, -1, 1, 0, 0, 0, 0, 0 ], [ 2, 0, -1, 1, 0, 0, -1, -1, 0, 0, 0, 0, 0, 0, 0, 0, 0 ], 
              [ 0, 0, 1, 1, 0, 0, 0, 0, 0, 0, 0, 0, 0, 0, -1, 1, 0 ], [ 2, -1, 0, -1, 0, 0, 0, 0, 0, 0, 0, 0, 0, -1, 0, 1, 0 ], 
              [ 2, 0, 0, 0, 0, -1, 0, -1, 0, -1, 0, 1, 0, 0, 0, 0, 0 ], [ 2, -1, 0, 1, 0, 0, 0, 0, 0, -1, 0, -1, 0, 0, 0, 0, 0 ], 
              [ 2, 0, 0, 0, 0, -1, -1, 0, 0, 0, 0, 0, 0, -1, 1, 0, 0 ], [ 2, 0, 0, 0, 0, -1, 1, 0, 0, -1, -1, 0, 0, 0, 0, 0, 0 ], 
              [ 2, -1, 1, 0, 0, 0, 0, 0, 0, 0, 0, 0, 0, -1, -1, 0, 0 ], [ 0, 0, 1, 0, -1, 0, 0, 0, 0, 0, 0, 0, 0, 0, 1, 0, 1 ], 
              [ 0, 0, 0, 0, 0, 1, 0, 0, -1, 0, 0, 0, 0, 1, 0, 0, 1 ], [ 0, 0, 0, 0, 0, 0, 1, -1, 0, 0, 0, 0, 0, 0, 1, 1, 0 ], 
              [ 0, 0, 0, 0, 0, 0, 0, 0, 0, 1, 0, -1, 0, 1, 0, 1, 0 ], [ 0, 0, 0, 0, 0, 0, 0, 0, 0, 1, 1, 0, 0, 1, -1, 0, 0 ], 
              [ 0, 0, 0, 1, -1, 0, 0, 0, 0, 0, 0, 1, 1, 0, 0, 0, 0 ], [ 0, 0, 0, 0, 0, 0, 1, 0, -1, 0, 1, 0, 1, 0, 0, 0, 0 ], 
              [ 0, 0, 0, 0, 0, 1, 0, 0, 1, 1, 0, 0, -1, 0, 0, 0, 0 ], [ 0, 0, 0, 0, 0, 0, 1, 1, 0, 0, 1, -1, 0, 0, 0, 0, 0 ], 
              [ 0, 0, 0, 0, 0, 1, 0, 1, 0, 0, 0, 0, 0, 1, 0, -1, 0 ], [ 0, 0, 0, 1, 1, 0, 0, 1, -1, 0, 0, 0, 0, 0, 0, 0, 0 ], 
              [ 2, 0, -1, 0, -1, 0, 1, 0, -1, 0, 0, 0, 0, 0, 0, 0, 0 ], [ 0, 0, 1, 0, 1, 0, 0, 0, 0, 0, 1, 0, -1, 0, 0, 0, 0 ], 
              [ 2, -1, 0, 0, -1, 0, 0, 0, 0, 1, 0, 0, -1, 0, 0, 0, 0 ], [ 2, 1, 0, 0, -1, -1, 0, 0, -1, 0, 0, 0, 0, 0, 0, 0, 0 ], 
              [ 0, 1, 0, 0, 1, 0, 0, 0, 0, 0, 0, 0, 0, 1, 0, 0, -1 ], [ 2, 0, -1, -1, 0, 0, 0, 0, 0, 0, 1, -1, 0, 0, 0, 0, 0 ], 
              [ 2, 0, 1, -1, 0, 0, -1, -1, 0, 0, 0, 0, 0, 0, 0, 0, 0 ], [ 0, 0, 1, 1, 0, 0, 0, 0, 0, 0, 0, 0, 0, 0, 1, -1, 0 ], 
              [ 2, -1, 0, -1, 0, 0, 0, 0, 0, 0, 0, 0, 0, 1, 0, -1, 0 ], [ 2, 0, 0, 0, 0, -1, 0, -1, 0, 1, 0, -1, 0, 0, 0, 0, 0 ], 
              [ 2, 1, 0, -1, 0, 0, 0, 0, 0, -1, 0, -1, 0, 0, 0, 0, 0 ], [ 2, 0, 0, 0, 0, -1, -1, 0, 0, 0, 0, 0, 0, 1, -1, 0, 0 ], 
              [ 2, 0, 0, 0, 0, 1, -1, 0, 0, -1, -1, 0, 0, 0, 0, 0, 0 ], [ 2, 1, -1, 0, 0, 0, 0, 0, 0, 0, 0, 0, 0, -1, -1, 0, 0 ], 
              [ 0, 0, 0, -1, 1, 0, 0, 0, 0, 0, 0, 0, 0, 0, 0, 1, 1 ], [ 0, 0, 0, 0, 0, 0, -1, 0, 1, 0, 0, 0, 0, 0, 1, 0, 1 ], 
              [ 0, 0, 0, 0, 0, 0, 0, 0, 0, -1, 0, 0, 1, 1, 0, 0, 1 ], [ 0, 0, 0, 0, 0, 0, 0, 0, 0, 0, -1, 1, 0, 0, 1, 1, 0 ], 
              [ 0, 0, 0, 0, 0, 0, 0, 0, 0, 1, 0, 1, 0, -1, 0, 1, 0 ], [ 0, 0, 0, 0, 0, 0, 0, -1, 1, 0, 0, 1, 1, 0, 0, 0, 0 ], 
              [ 0, 0, 0, 0, 0, 0, 1, 0, 1, 0, -1, 0, 1, 0, 0, 0, 0 ], [ 0, 0, 0, 0, 0, 1, 0, 0, 1, 0, 0, 0, 0, -1, 0, 0, 1 ], 
              [ 0, 0, 0, 0, 0, 0, 1, 1, 0, 0, 0, 0, 0, 0, -1, 1, 0 ], [ 2, 0, 0, -1, -1, 0, 0, -1, 1, 0, 0, 0, 0, 0, 0, 0, 0 ], 
              [ 0, 0, 0, 1, 1, 0, 0, 0, 0, 0, 0, -1, 1, 0, 0, 0, 0 ], [ 2, 0, -1, 0, -1, 0, 0, 0, 0, 0, -1, 0, 1, 0, 0, 0, 0 ], 
              [ 2, 0, -1, 0, 1, 0, -1, 0, -1, 0, 0, 0, 0, 0, 0, 0, 0 ], [ 0, 0, 1, 0, 1, 0, 0, 0, 0, 0, 0, 0, 0, 0, -1, 0, 1 ], 
              [ 2, -1, 0, 0, -1, 0, 0, 0, 0, 0, 0, 0, 0, -1, 0, 0, 1 ], [ 2, 0, 0, 0, 0, -1, 0, 0, -1, -1, 0, 0, 1, 0, 0, 0, 0 ], 
              [ 2, -1, 0, 0, 1, 0, 0, 0, 0, -1, 0, 0, -1, 0, 0, 0, 0 ], [ 2, 0, -1, -1, 0, 0, 0, 0, 0, 0, 0, 0, 0, 0, -1, 1, 0 ], 
              [ 2, 0, 0, 0, 0, 0, -1, -1, 0, 0, -1, 1, 0, 0, 0, 0, 0 ], [ 2, 0, -1, 1, 0, 0, 0, 0, 0, 0, -1, -1, 0, 0, 0, 0, 0 ], 
              [ 2, 0, 0, 0, 0, -1, 0, -1, 0, 0, 0, 0, 0, -1, 0, 1, 0 ], [ 2, 0, 0, 0, 0, -1, 0, 1, 0, -1, 0, -1, 0, 0, 0, 0, 0 ], 
              [ 2, -1, 0, 1, 0, 0, 0, 0, 0, 0, 0, 0, 0, -1, 0, -1, 0 ], [ 2, 0, 0, 0, 0, 0, 0, 0, 0, -1, -1, 0, 0, -1, 1, 0, 0 ], 
              [ 2, 0, 0, 0, 0, -1, 1, 0, 0, 0, 0, 0, 0, -1, -1, 0, 0 ], [ 0, 0, 0, 1, -1, 0, 0, 0, 0, 0, 0, 0, 0, 0, 0, 1, 1 ], 
              [ 0, 0, 0, 0, 0, 0, 1, 0, -1, 0, 0, 0, 0, 0, 1, 0, 1 ], [ 0, 0, 0, 0, 0, 0, 0, 0, 0, 1, 0, 0, -1, 1, 0, 0, 1 ], 
              [ 0, 0, 0, 0, 0, 0, 0, 0, 0, 0, 1, -1, 0, 0, 1, 1, 0 ], [ 0, 0, 0, 0, 0, 0, 0, 0, 0, 1, 0, 1, 0, 1, 0, -1, 0 ], 
              [ 0, 0, 0, 0, 0, 0, 0, 1, -1, 0, 0, 1, 1, 0, 0, 0, 0 ], [ 0, 0, 0, 0, 0, 0, 1, 0, 1, 0, 1, 0, -1, 0, 0, 0, 0 ], 
              [ 0, 0, 0, 0, 0, 1, 0, 0, 1, 0, 0, 0, 0, 1, 0, 0, -1 ], [ 0, 0, 0, 0, 0, 0, 1, 1, 0, 0, 0, 0, 0, 0, 1, -1, 0 ], 
              [ 2, 0, 0, -1, -1, 0, 0, 1, -1, 0, 0, 0, 0, 0, 0, 0, 0 ], [ 0, 0, 0, 1, 1, 0, 0, 0, 0, 0, 0, 1, -1, 0, 0, 0, 0 ], 
              [ 2, 0, -1, 0, -1, 0, 0, 0, 0, 0, 1, 0, -1, 0, 0, 0, 0 ], [ 2, 0, 1, 0, -1, 0, -1, 0, -1, 0, 0, 0, 0, 0, 0, 0, 0 ], 
              [ 0, 0, 1, 0, 1, 0, 0, 0, 0, 0, 0, 0, 0, 0, 1, 0, -1 ], [ 2, -1, 0, 0, -1, 0, 0, 0, 0, 0, 0, 0, 0, 1, 0, 0, -1 ], 
              [ 2, 0, 0, 0, 0, -1, 0, 0, -1, 1, 0, 0, -1, 0, 0, 0, 0 ], [ 2, 1, 0, 0, -1, 0, 0, 0, 0, -1, 0, 0, -1, 0, 0, 0, 0 ], 
              [ 2, 0, -1, -1, 0, 0, 0, 0, 0, 0, 0, 0, 0, 0, 1, -1, 0 ], [ 2, 0, 0, 0, 0, 0, -1, -1, 0, 0, 1, -1, 0, 0, 0, 0, 0 ], 
              [ 2, 0, 1, -1, 0, 0, 0, 0, 0, 0, -1, -1, 0, 0, 0, 0, 0 ], [ 2, 0, 0, 0, 0, -1, 0, -1, 0, 0, 0, 0, 0, 1, 0, -1, 0 ], 
              [ 2, 0, 0, 0, 0, 1, 0, -1, 0, -1, 0, -1, 0, 0, 0, 0, 0 ], [ 2, 1, 0, -1, 0, 0, 0, 0, 0, 0, 0, 0, 0, -1, 0, -1, 0 ], 
              [ 2, 0, 0, 0, 0, 0, 0, 0, 0, -1, -1, 0, 0, 1, -1, 0, 0 ], [ 2, 0, 0, 0, 0, 1, -1, 0, 0, 0, 0, 0, 0, -1, -1, 0, 0 ], 
              [ 0, 0, 0, 0, 0, 0, 0, -1, 1, 0, 0, 0, 0, 0, 0, 1, 1 ], [ 0, 0, 0, 0, 0, 0, 0, 0, 0, 0, -1, 0, 1, 0, 1, 0, 1 ], 
              [ 0, 0, 0, 0, 0, 0, 0, 0, 0, 1, 0, 0, 1, -1, 0, 0, 1 ], [ 0, 0, 0, 0, 0, 0, 0, 0, 0, 0, 1, 1, 0, 0, -1, 1, 0 ], 
              [ 0, 0, 0, 0, 0, 0, 0, 1, 1, 0, 0, -1, 1, 0, 0, 0, 0 ], [ 0, 0, 0, 0, 0, 0, 1, 0, 1, 0, 0, 0, 0, 0, -1, 0, 1 ], 
              [ 2, 0, 0, -1, -1, 0, 0, 0, 0, 0, 0, -1, 1, 0, 0, 0, 0 ], [ 2, 0, 0, -1, 1, 0, 0, -1, -1, 0, 0, 0, 0, 0, 0, 0, 0 ], 
              [ 0, 0, 0, 1, 1, 0, 0, 0, 0, 0, 0, 0, 0, 0, 0, -1, 1 ], [ 2, 0, -1, 0, -1, 0, 0, 0, 0, 0, 0, 0, 0, 0, -1, 0, 1 ], 
              [ 2, 0, 0, 0, 0, 0, -1, 0, -1, 0, -1, 0, 1, 0, 0, 0, 0 ], [ 2, 0, -1, 0, 1, 0, 0, 0, 0, 0, -1, 0, -1, 0, 0, 0, 0 ], 
              [ 2, 0, 0, 0, 0, -1, 0, 0, -1, 0, 0, 0, 0, -1, 0, 0, 1 ], [ 2, 0, 0, 0, 0, -1, 0, 0, 1, -1, 0, 0, -1, 0, 0, 0, 0 ], 
              [ 2, -1, 0, 0, 1, 0, 0, 0, 0, 0, 0, 0, 0, -1, 0, 0, -1 ], [ 2, 0, 0, 0, 0, 0, -1, -1, 0, 0, 0, 0, 0, 0, -1, 1, 0 ], 
              [ 2, 0, 0, 0, 0, 0, -1, 1, 0, 0, -1, -1, 0, 0, 0, 0, 0 ], [ 2, 0, -1, 1, 0, 0, 0, 0, 0, 0, 0, 0, 0, 0, -1, -1, 0 ], 
              [ 2, 0, 0, 0, 0, 0, 0, 0, 0, -1, 0, -1, 0, -1, 0, 1, 0 ], [ 2, 0, 0, 0, 0, -1, 0, 1, 0, 0, 0, 0, 0, -1, 0, -1, 0 ], 
              [ 2, 0, 0, 0, 0, 0, 0, 0, 0, -1, 1, 0, 0, -1, -1, 0, 0 ], [ 0, 0, 0, 0, 0, 0, 0, 1, -1, 0, 0, 0, 0, 0, 0, 1, 1 ], 
              [ 0, 0, 0, 0, 0, 0, 0, 0, 0, 0, 1, 0, -1, 0, 1, 0, 1 ], [ 0, 0, 0, 0, 0, 0, 0, 0, 0, 1, 0, 0, 1, 1, 0, 0, -1 ], 
              [ 0, 0, 0, 0, 0, 0, 0, 0, 0, 0, 1, 1, 0, 0, 1, -1, 0 ], [ 0, 0, 0, 0, 0, 0, 0, 1, 1, 0, 0, 1, -1, 0, 0, 0, 0 ], 
              [ 0, 0, 0, 0, 0, 0, 1, 0, 1, 0, 0, 0, 0, 0, 1, 0, -1 ], [ 2, 0, 0, -1, -1, 0, 0, 0, 0, 0, 0, 1, -1, 0, 0, 0, 0 ], 
              [ 2, 0, 0, 1, -1, 0, 0, -1, -1, 0, 0, 0, 0, 0, 0, 0, 0 ], [ 0, 0, 0, 1, 1, 0, 0, 0, 0, 0, 0, 0, 0, 0, 0, 1, -1 ], 
              [ 2, 0, -1, 0, -1, 0, 0, 0, 0, 0, 0, 0, 0, 0, 1, 0, -1 ], [ 2, 0, 0, 0, 0, 0, -1, 0, -1, 0, 1, 0, -1, 0, 0, 0, 0 ], 
              [ 2, 0, 1, 0, -1, 0, 0, 0, 0, 0, -1, 0, -1, 0, 0, 0, 0 ], [ 2, 0, 0, 0, 0, -1, 0, 0, -1, 0, 0, 0, 0, 1, 0, 0, -1 ], 
              [ 2, 0, 0, 0, 0, 1, 0, 0, -1, -1, 0, 0, -1, 0, 0, 0, 0 ], [ 2, 1, 0, 0, -1, 0, 0, 0, 0, 0, 0, 0, 0, -1, 0, 0, -1 ], 
              [ 2, 0, 0, 0, 0, 0, -1, -1, 0, 0, 0, 0, 0, 0, 1, -1, 0 ], [ 2, 0, 0, 0, 0, 0, 1, -1, 0, 0, -1, -1, 0, 0, 0, 0, 0 ], 
              [ 2, 0, 1, -1, 0, 0, 0, 0, 0, 0, 0, 0, 0, 0, -1, -1, 0 ], [ 2, 0, 0, 0, 0, 0, 0, 0, 0, -1, 0, -1, 0, 1, 0, -1, 0 ], 
              [ 2, 0, 0, 0, 0, 1, 0, -1, 0, 0, 0, 0, 0, -1, 0, -1, 0 ], [ 2, 0, 0, 0, 0, 0, 0, 0, 0, 1, -1, 0, 0, -1, -1, 0, 0 ], 
              [ 0, 0, 0, 0, 0, 0, 0, 0, 0, 0, 0, -1, 1, 0, 0, 1, 1 ], [ 0, 0, 0, 0, 0, 0, 0, 0, 0, 0, 1, 0, 1, 0, -1, 0, 1 ], 
              [ 0, 0, 0, 0, 0, 0, 0, 1, 1, 0, 0, 0, 0, 0, 0, -1, 1 ], [ 2, 0, 0, -1, -1, 0, 0, 0, 0, 0, 0, 0, 0, 0, 0, -1, 1 ], 
              [ 2, 0, 0, 0, 0, 0, 0, -1, -1, 0, 0, -1, 1, 0, 0, 0, 0 ], [ 2, 0, 0, -1, 1, 0, 0, 0, 0, 0, 0, -1, -1, 0, 0, 0, 0 ], 
              [ 2, 0, 0, 0, 0, 0, -1, 0, -1, 0, 0, 0, 0, 0, -1, 0, 1 ], [ 2, 0, 0, 0, 0, 0, -1, 0, 1, 0, -1, 0, -1, 0, 0, 0, 0 ], 
              [ 2, 0, -1, 0, 1, 0, 0, 0, 0, 0, 0, 0, 0, 0, -1, 0, -1 ], [ 2, 0, 0, 0, 0, 0, 0, 0, 0, -1, 0, 0, -1, -1, 0, 0, 1 ], 
              [ 2, 0, 0, 0, 0, -1, 0, 0, 1, 0, 0, 0, 0, -1, 0, 0, -1 ], [ 2, 0, 0, 0, 0, 0, 0, 0, 0, 0, -1, -1, 0, 0, -1, 1, 0 ], 
              [ 2, 0, 0, 0, 0, 0, -1, 1, 0, 0, 0, 0, 0, 0, -1, -1, 0 ], [ 2, 0, 0, 0, 0, 0, 0, 0, 0, -1, 0, 1, 0, -1, 0, -1, 0 ], 
              [ 0, 0, 0, 0, 0, 0, 0, 0, 0, 0, 0, 1, -1, 0, 0, 1, 1 ], [ 0, 0, 0, 0, 0, 0, 0, 0, 0, 0, 1, 0, 1, 0, 1, 0, -1 ], 
              [ 0, 0, 0, 0, 0, 0, 0, 1, 1, 0, 0, 0, 0, 0, 0, 1, -1 ], [ 2, 0, 0, -1, -1, 0, 0, 0, 0, 0, 0, 0, 0, 0, 0, 1, -1 ], 
              [ 2, 0, 0, 0, 0, 0, 0, -1, -1, 0, 0, 1, -1, 0, 0, 0, 0 ], [ 2, 0, 0, 1, -1, 0, 0, 0, 0, 0, 0, -1, -1, 0, 0, 0, 0 ], 
              [ 2, 0, 0, 0, 0, 0, -1, 0, -1, 0, 0, 0, 0, 0, 1, 0, -1 ], [ 2, 0, 0, 0, 0, 0, 1, 0, -1, 0, -1, 0, -1, 0, 0, 0, 0 ], 
              [ 2, 0, 1, 0, -1, 0, 0, 0, 0, 0, 0, 0, 0, 0, -1, 0, -1 ], [ 2, 0, 0, 0, 0, 0, 0, 0, 0, -1, 0, 0, -1, 1, 0, 0, -1 ], 
              [ 2, 0, 0, 0, 0, 1, 0, 0, -1, 0, 0, 0, 0, -1, 0, 0, -1 ], [ 2, 0, 0, 0, 0, 0, 0, 0, 0, 0, -1, -1, 0, 0, 1, -1, 0 ], 
              [ 2, 0, 0, 0, 0, 0, 1, -1, 0, 0, 0, 0, 0, 0, -1, -1, 0 ], [ 2, 0, 0, 0, 0, 0, 0, 0, 0, 1, 0, -1, 0, -1, 0, -1, 0 ], 
              [ 0, 0, 0, 0, 0, 0, 0, 0, 0, 0, 0, 1, 1, 0, 0, -1, 1 ], [ 2, 0, 0, 0, 0, 0, 0, -1, -1, 0, 0, 0, 0, 0, 0, -1, 1 ], 
              [ 2, 0, 0, 0, 0, 0, 0, -1, 1, 0, 0, -1, -1, 0, 0, 0, 0 ], [ 2, 0, 0, -1, 1, 0, 0, 0, 0, 0, 0, 0, 0, 0, 0, -1, -1 ], 
              [ 2, 0, 0, 0, 0, 0, 0, 0, 0, 0, -1, 0, -1, 0, -1, 0, 1 ], [ 2, 0, 0, 0, 0, 0, -1, 0, 1, 0, 0, 0, 0, 0, -1, 0, -1 ], 
              [ 2, 0, 0, 0, 0, 0, 0, 0, 0, -1, 0, 0, 1, -1, 0, 0, -1 ], [ 2, 0, 0, 0, 0, 0, 0, 0, 0, 0, -1, 1, 0, 0, -1, -1, 0 ], 
              [ 0, 0, 0, 0, 0, 0, 0, 0, 0, 0, 0, 1, 1, 0, 0, 1, -1 ], [ 2, 0, 0, 0, 0, 0, 0, -1, -1, 0, 0, 0, 0, 0, 0, 1, -1 ], 
              [ 2, 0, 0, 0, 0, 0, 0, 1, -1, 0, 0, -1, -1, 0, 0, 0, 0 ], [ 2, 0, 0, 1, -1, 0, 0, 0, 0, 0, 0, 0, 0, 0, 0, -1, -1 ], 
              [ 2, 0, 0, 0, 0, 0, 0, 0, 0, 0, -1, 0, -1, 0, 1, 0, -1 ], [ 2, 0, 0, 0, 0, 0, 1, 0, -1, 0, 0, 0, 0, 0, -1, 0, -1 ], 
              [ 2, 0, 0, 0, 0, 0, 0, 0, 0, 1, 0, 0, -1, -1, 0, 0, -1 ], [ 2, 0, 0, 0, 0, 0, 0, 0, 0, 0, 1, -1, 0, 0, -1, -1, 0 ], 
              [ 2, 0, 0, 0, 0, 0, 0, 0, 0, 0, 0, -1, -1, 0, 0, -1, 1 ], [ 2, 0, 0, 0, 0, 0, 0, -1, 1, 0, 0, 0, 0, 0, 0, -1, -1 ], 
              [ 2, 0, 0, 0, 0, 0, 0, 0, 0, 0, -1, 0, 1, 0, -1, 0, -1 ], [ 2, 0, 0, 0, 0, 0, 0, 0, 0, 0, 0, -1, -1, 0, 0, 1, -1 ], 
              [ 2, 0, 0, 0, 0, 0, 0, 1, -1, 0, 0, 0, 0, 0, 0, -1, -1 ], [ 2, 0, 0, 0, 0, 0, 0, 0, 0, 0, 1, 0, -1, 0, -1, 0, -1 ], 
              [ 2, 0, 0, 0, 0, 0, 0, 0, 0, 0, 0, -1, 1, 0, 0, -1, -1 ], [ 2, 0, 0, 0, 0, 0, 0, 0, 0, 0, 0, 1, -1, 0, 0, -1, -1 ], 
              [ 0, 1, 0, 0, 0, 0, 0, 0, 0, 0, 0, 0, 0, 0, 0, 0, 0 ], [ 1, -1, 0, 0, 0, 0, 0, 0, 0, 0, 0, 0, 0, 0, 0, 0, 0 ], 
              [ 0, 0, 1, 0, 0, 0, 0, 0, 0, 0, 0, 0, 0, 0, 0, 0, 0 ], [ 0, 0, 0, 0, 0, 1, 0, 0, 0, 0, 0, 0, 0, 0, 0, 0, 0 ], 
              [ 1, 0, -1, 0, 0, 0, 0, 0, 0, 0, 0, 0, 0, 0, 0, 0, 0 ], [ 1, 0, 0, 0, 0, -1, 0, 0, 0, 0, 0, 0, 0, 0, 0, 0, 0 ], 
              [ 0, 0, 0, 1, 0, 0, 0, 0, 0, 0, 0, 0, 0, 0, 0, 0, 0 ], [ 0, 0, 0, 0, 0, 0, 1, 0, 0, 0, 0, 0, 0, 0, 0, 0, 0 ], 
              [ 0, 0, 0, 0, 0, 0, 0, 0, 0, 1, 0, 0, 0, 0, 0, 0, 0 ], [ 1, 0, 0, -1, 0, 0, 0, 0, 0, 0, 0, 0, 0, 0, 0, 0, 0 ], 
              [ 1, 0, 0, 0, 0, 0, -1, 0, 0, 0, 0, 0, 0, 0, 0, 0, 0 ], [ 1, 0, 0, 0, 0, 0, 0, 0, 0, -1, 0, 0, 0, 0, 0, 0, 0 ], 
              [ 0, 0, 0, 0, 1, 0, 0, 0, 0, 0, 0, 0, 0, 0, 0, 0, 0 ], [ 0, 0, 0, 0, 0, 0, 0, 1, 0, 0, 0, 0, 0, 0, 0, 0, 0 ], 
              [ 0, 0, 0, 0, 0, 0, 0, 0, 0, 0, 1, 0, 0, 0, 0, 0, 0 ], [ 0, 0, 0, 0, 0, 0, 0, 0, 0, 0, 0, 0, 0, 1, 0, 0, 0 ], 
              [ 1, 0, 0, 0, -1, 0, 0, 0, 0, 0, 0, 0, 0, 0, 0, 0, 0 ], [ 1, 0, 0, 0, 0, 0, 0, -1, 0, 0, 0, 0, 0, 0, 0, 0, 0 ], 
              [ 1, 0, 0, 0, 0, 0, 0, 0, 0, 0, -1, 0, 0, 0, 0, 0, 0 ], [ 1, 0, 0, 0, 0, 0, 0, 0, 0, 0, 0, 0, 0, -1, 0, 0, 0 ], 
              [ 0, 0, 0, 0, 0, 0, 0, 0, 1, 0, 0, 0, 0, 0, 0, 0, 0 ], [ 0, 0, 0, 0, 0, 0, 0, 0, 0, 0, 0, 1, 0, 0, 0, 0, 0 ], 
              [ 0, 0, 0, 0, 0, 0, 0, 0, 0, 0, 0, 0, 0, 0, 1, 0, 0 ], [ 1, 0, 0, 0, 0, 0, 0, 0, -1, 0, 0, 0, 0, 0, 0, 0, 0 ], 
              [ 1, 0, 0, 0, 0, 0, 0, 0, 0, 0, 0, -1, 0, 0, 0, 0, 0 ], [ 1, 0, 0, 0, 0, 0, 0, 0, 0, 0, 0, 0, 0, 0, -1, 0, 0 ], 
              [ 0, 0, 0, 0, 0, 0, 0, 0, 0, 0, 0, 0, 1, 0, 0, 0, 0 ], [ 0, 0, 0, 0, 0, 0, 0, 0, 0, 0, 0, 0, 0, 0, 0, 1, 0 ], 
              [ 1, 0, 0, 0, 0, 0, 0, 0, 0, 0, 0, 0, -1, 0, 0, 0, 0 ], [ 1, 0, 0, 0, 0, 0, 0, 0, 0, 0, 0, 0, 0, 0, 0, -1, 0 ], 
              [ 0, 0, 0, 0, 0, 0, 0, 0, 0, 0, 0, 0, 0, 0, 0, 0, 1 ], [ 1, 0, 0, 0, 0, 0, 0, 0, 0, 0, 0, 0, 0, 0, 0, 0, -1 ] ],
          GRP := Group( [ (  1,  2)(  3,  6)(  4,  7)(  5, 15)(  8, 23)(  9, 17)( 10, 18)( 12, 20)( 13, 21)( 14, 34)( 16, 36)
                ( 22, 48)( 24, 50)( 25, 39)( 27, 41)( 28, 42)( 31, 45)( 32, 64)( 33, 66)( 35, 68)( 37, 51)( 38, 71)( 46, 85)
                ( 47, 87)( 49, 89)( 52, 92)( 53, 74)( 54, 75)( 57, 78)( 62, 83)( 63,106)( 65,108)( 67,111)( 69, 90)( 70,114)
                ( 73, 94)( 84,131)( 86,133)( 88,136)( 91,139)( 95,120)(100,125)(105,154)(107,156)(109,134)(110,159)(112,137)
                (113,162)(116,141)(119,144)(130,179)(132,181)(135,184)(138,187)(145,170)(155,201)(157,182)(158,204)(161,186)
                (164,189)(167,192)(180,222)(183,225)(202,223)(203,240)(206,227)(209,230)(212,233)(224,254)(242,256)(245,259)
                (268,276)(289,290)(291,293)(295,298)(301,305), (  3,  9)(  6, 17)( 10, 25)( 11, 26)( 16, 38)( 18, 39)( 19, 40)
                ( 24, 52)( 27, 53)( 28, 54)( 29, 55)( 30, 61)( 35, 70)( 36, 71)( 41, 74)( 42, 75)( 43, 76)( 44, 82)( 49, 91)
                ( 50, 92)( 56, 99)( 57, 95)( 58, 96)( 59, 97)( 60,104)( 65,110)( 67,113)( 68,114)( 72,117)( 73,119)( 77,124)
                ( 78,120)( 79,121)( 80,122)( 81,129)( 86,135)( 88,138)( 89,139)( 93,142)( 94,144)( 98,149)(100,145)(101,146)
                (102,152)(103,153)(107,158)(108,159)(111,162)(115,165)(116,167)(118,169)(123,174)(125,170)(126,171)(127,177)
                (128,178)(132,183)(133,184)(136,187)(140,190)(141,192)(143,194)(147,197)(148,198)(150,195)(151,200)(155,203)
                (156,204)(160,207)(161,209)(163,210)(164,212)(166,214)(168,215)(172,218)(173,219)(175,216)(176,221)(180,224)
                (181,225)(185,228)(186,230)(188,231)(189,233)(191,235)(193,236)(196,238)(199,239)(201,240)(205,243)(206,245)
                (208,247)(211,249)(213,250)(217,252)(220,253)(222,254)(226,257)(227,259)(229,261)(232,263)(234,264)(237,265)
                (241,266)(242,268)(244,270)(246,271)(248,272)(251,273)(255,274)(256,276)(258,278)(260,279)(262,280)(267,282)
                (269,283)(275,285)(277,286)(281,287)(284,288)(297,304)(300,308)(303,311)(307,314)(310,316)(313,318)(315,319)
                (317,320), (  1,  3)(  2,  6)(  4, 10)(  5, 16)(  7, 18)(  8, 24)( 11, 30)( 12, 27)( 13, 28)( 14, 35)( 15, 36)
                ( 19, 44)( 20, 41)( 21, 42)( 22, 49)( 23, 50)( 26, 56)( 29, 60)( 31, 57)( 32, 65)( 33, 67)( 34, 68)( 37, 73)
                ( 40, 77)( 43, 81)( 45, 78)( 46, 86)( 47, 88)( 48, 89)( 51, 94)( 55, 98)( 58,102)( 59,103)( 61, 99)( 62,100)
                ( 63,107)( 64,108)( 66,111)( 69,116)( 72,118)( 76,123)( 79,127)( 80,128)( 82,124)( 83,125)( 84,132)( 85,133)
                ( 87,136)( 90,141)( 93,143)( 96,147)( 97,148)(101,151)(104,149)(105,155)(106,156)(109,161)(112,164)(115,166)
                (117,168)(121,172)(122,173)(126,176)(129,174)(130,180)(131,181)(134,186)(137,189)(140,191)(142,193)(146,196)
                (150,199)(152,197)(153,198)(154,201)(157,206)(160,208)(163,211)(165,213)(169,215)(171,217)(175,220)(177,218)
                (178,219)(179,222)(182,227)(185,229)(188,232)(190,234)(194,236)(195,237)(200,238)(202,242)(205,244)(207,246)
                (210,248)(214,250)(216,251)(221,252)(223,256)(226,258)(228,260)(231,262)(235,264)(239,265)(241,267)(243,269)
                (247,271)(249,272)(253,273)(255,275)(257,277)(261,279)(263,280)(266,281)(270,283)(274,284)(278,286)(282,287)
                (285,288)(292,297)(294,300)(296,303)(299,307)(302,310)(306,313)(309,315)(312,317), 
              (  4, 12)(  7, 20)( 10, 27)( 13, 31)( 14, 32)( 18, 41)( 21, 45)( 22, 46)( 25, 53)( 28, 57)( 29, 58)( 33, 63)
                ( 34, 64)( 35, 65)( 39, 74)( 42, 78)( 43, 79)( 47, 84)( 48, 85)( 49, 86)( 54, 95)( 55, 96)( 59,101)( 60,102)
                ( 62, 83)( 66,106)( 67,107)( 68,108)( 69,109)( 70,110)( 75,120)( 76,121)( 80,126)( 81,127)( 87,131)( 88,132)
                ( 89,133)( 90,134)( 91,135)( 97,146)( 98,147)(100,125)(103,151)(104,152)(105,130)(111,156)(112,157)(113,158)
                (114,159)(115,160)(116,161)(122,171)(123,172)(128,176)(129,177)(136,181)(137,182)(138,183)(139,184)(140,185)
                (141,186)(145,170)(148,196)(149,197)(150,175)(153,200)(154,179)(155,180)(162,204)(163,205)(164,206)(165,207)
                (166,208)(167,209)(173,217)(174,218)(178,221)(187,225)(188,226)(189,227)(190,228)(191,229)(192,230)(195,216)
                (198,238)(199,220)(201,222)(202,223)(203,224)(210,243)(211,244)(212,245)(213,246)(214,247)(219,252)(231,257)
                (232,258)(233,259)(234,260)(235,261)(237,251)(239,253)(240,254)(241,255)(242,256)(248,269)(249,270)(250,271)
                (262,277)(263,278)(264,279)(265,273)(266,274)(267,275)(268,276)(272,283)(280,286)(281,284)(282,285)(287,288)
                (295,301)(298,305)(302,309)(306,312)(310,315)(313,317)(316,319)(318,320), (  1,  4)(  2,  7)(  3, 10)(  5, 14)
                (  6, 18)(  8, 22)(  9, 25)( 11, 29)( 13, 21)( 15, 34)( 16, 35)( 17, 39)( 19, 43)( 23, 48)( 24, 49)( 26, 55)
                ( 28, 42)( 30, 60)( 31, 62)( 33, 47)( 36, 68)( 37, 69)( 38, 70)( 40, 76)( 44, 81)( 45, 83)( 50, 89)( 51, 90)
                ( 52, 91)( 54, 75)( 56, 98)( 57,100)( 59, 80)( 61,104)( 63,105)( 66, 87)( 67, 88)( 71,114)( 72,115)( 73,116)
                ( 77,123)( 78,125)( 82,129)( 84,130)( 92,139)( 93,140)( 94,141)( 95,145)( 97,122)( 99,149)(101,150)(103,128)
                (106,154)(107,155)(111,136)(112,137)(113,138)(117,165)(118,166)(119,167)(120,170)(124,174)(126,175)(131,179)
                (132,180)(142,190)(143,191)(144,192)(146,195)(148,173)(151,199)(153,178)(156,201)(157,202)(158,203)(162,187)
                (163,188)(164,189)(168,213)(169,214)(171,216)(176,220)(181,222)(182,223)(183,224)(193,234)(194,235)(196,237)
                (198,219)(200,239)(204,240)(205,241)(206,242)(210,231)(211,232)(212,233)(215,250)(217,251)(221,253)(225,254)
                (226,255)(227,256)(236,264)(238,265)(243,266)(244,267)(245,268)(248,262)(249,263)(252,273)(257,274)(258,275)
                (259,276)(269,281)(270,282)(272,280)(277,284)(278,285)(283,287)(286,288)(291,295)(293,298)(296,302)(299,306)
                (303,310)(307,313)(311,316)(314,318), (  1,  2)(  3,  6)(  4, 13)(  5,  8)(  7, 21)(  9, 17)( 10, 28)( 11, 19)
                ( 12, 31)( 14, 33)( 15, 23)( 16, 24)( 18, 42)( 20, 45)( 22, 47)( 25, 54)( 26, 40)( 27, 57)( 29, 59)( 30, 44)
                ( 32, 63)( 34, 66)( 35, 67)( 36, 50)( 37, 51)( 38, 52)( 39, 75)( 41, 78)( 43, 80)( 46, 84)( 48, 87)( 49, 88)
                ( 53, 95)( 55, 97)( 56, 77)( 58,101)( 60,103)( 61, 82)( 64,106)( 65,107)( 68,111)( 69,112)( 70,113)( 71, 92)
                ( 72, 93)( 73, 94)( 74,120)( 76,122)( 79,126)( 81,128)( 85,131)( 86,132)( 89,136)( 90,137)( 91,138)( 96,146)
                ( 98,148)( 99,124)(102,151)(104,153)(108,156)(109,157)(110,158)(114,162)(115,163)(116,164)(117,142)(118,143)
                (119,144)(121,171)(123,173)(127,176)(129,178)(133,181)(134,182)(135,183)(139,187)(140,188)(141,189)(147,196)
                (149,198)(152,200)(159,204)(160,205)(161,206)(165,210)(166,211)(167,212)(168,193)(169,194)(172,217)(174,219)
                (177,221)(184,225)(185,226)(186,227)(190,231)(191,232)(192,233)(197,238)(207,243)(208,244)(209,245)(213,248)
                (214,249)(215,236)(218,252)(228,257)(229,258)(230,259)(234,262)(235,263)(246,269)(247,270)(250,272)(260,277)
                (261,278)(264,280)(271,283)(279,286)(289,291)(290,293)(292,296)(294,299)(297,303)(300,307)(304,311)(308,314), 
              (  1,  5)(  2,  8)(  3, 11)(  4, 14)(  6, 19)(  7, 22)(  9, 26)( 10, 29)( 12, 32)( 13, 33)( 15, 37)( 16, 30)
                ( 17, 40)( 18, 43)( 20, 46)( 21, 47)( 23, 51)( 24, 44)( 25, 55)( 27, 58)( 28, 59)( 31, 63)( 34, 69)( 35, 60)
                ( 36, 72)( 38, 61)( 39, 76)( 41, 79)( 42, 80)( 45, 84)( 48, 90)( 49, 81)( 50, 93)( 52, 82)( 53, 96)( 54, 97)
                ( 57,101)( 62,105)( 64,109)( 65,102)( 66,112)( 67,103)( 68,115)( 70,104)( 71,117)( 73,118)( 74,121)( 75,122)
                ( 78,126)( 83,130)( 85,134)( 86,127)( 87,137)( 88,128)( 89,140)( 91,129)( 92,142)( 94,143)( 95,146)(100,150)
                (106,157)(107,151)(108,160)(110,152)(111,163)(113,153)(114,165)(116,166)(119,169)(120,171)(125,175)(131,182)
                (132,176)(133,185)(135,177)(136,188)(138,178)(139,190)(141,191)(144,194)(145,195)(154,202)(155,199)(156,205)
                (158,200)(159,207)(161,208)(162,210)(164,211)(167,214)(170,216)(179,223)(180,220)(181,226)(183,221)(184,228)
                (186,229)(187,231)(189,232)(192,235)(201,241)(203,239)(204,243)(206,244)(209,247)(212,249)(222,255)(224,253)
                (225,257)(227,258)(230,261)(233,263)(240,266)(242,267)(245,270)(254,274)(256,275)(259,278)(268,282)(276,285)
                (289,292)(290,294)(291,296)(293,299)(295,302)(298,306)(301,309)(305,312), (  2,  5)(  3,  4)(  6, 14)(  7, 16)
                (  9, 12)( 11, 13)( 17, 32)( 18, 35)( 19, 33)( 20, 38)( 21, 30)( 22, 24)( 23, 37)( 25, 27)( 26, 31)( 28, 29)
                ( 34, 36)( 39, 65)( 40, 63)( 41, 70)( 42, 60)( 43, 67)( 44, 47)( 45, 61)( 46, 52)( 48, 73)( 50, 69)( 54, 58)
                ( 55, 57)( 56, 62)( 64, 71)( 66, 72)( 74,110)( 75,102)( 76,107)( 77,105)( 78,104)( 79,113)( 80,103)( 81, 88)
                ( 82, 84)( 83, 99)( 85,119)( 86, 91)( 87,118)( 89,116)( 90, 94)( 92,109)( 93,112)( 95, 96)( 97,101)( 98,100)
                (106,117)(108,114)(111,115)(120,152)(121,158)(122,151)(123,155)(124,130)(125,149)(126,153)(127,138)(129,132)
                (131,169)(133,167)(134,144)(136,166)(137,143)(139,161)(140,164)(142,157)(145,147)(148,150)(154,168)(156,165)
                (160,162)(170,197)(171,200)(172,203)(173,199)(174,180)(175,198)(176,178)(177,183)(179,215)(181,214)(182,194)
                (184,209)(185,212)(186,192)(187,208)(188,211)(189,191)(190,206)(193,202)(195,196)(201,213)(204,207)(205,210)
                (216,238)(217,239)(218,224)(219,220)(222,250)(223,236)(225,247)(226,249)(227,235)(228,245)(229,233)(231,244)
                (234,242)(240,246)(241,248)(251,265)(252,253)(254,271)(255,272)(256,264)(257,270)(258,263)(259,261)(260,268)
                (262,267)(266,269)(274,283)(275,280)(276,279)(277,282)(284,287)(285,286)(291,292)(293,294)(295,297)(298,300)
                (301,304)(302,303)(305,308)(306,307)(309,311)(312,314)(315,316)(317,318) ] ) ) ) );
