return rec(
  EXT := [ [ 1, 0, 0, 0, 0, 0, 0, 0, 0, 0, 0, 0, 0, 0, 0, 0, 0, 0, 0, 0, 0, 0, 0, 0, 0 ], 
      [ 1, 1, 1, 1, 1, 1, 1, 1, 1, 0, 0, 0, 0, 0, 0, 0, 0, 0, 0, 0, 0, 0, 0, 0, 0 ], 
      [ 1, 0, 1, 1, 1, 1, 1, 1, 1, 1, 1, 1, 1, 0, 0, 0, 0, 0, 0, 0, 0, 0, 0, 0, 0 ], 
      [ 1, 0, 0, 1, 1, 1, 1, 1, 1, 1, 1, 1, 1, 1, 1, 1, 1, 0, 0, 0, 0, 0, 0, 0, 0 ], 
      [ 1, 0, 0, 0, 1, 1, 1, 1, 1, 1, 1, 1, 1, 1, 1, 1, 1, 1, 1, 1, 1, 0, 0, 0, 0 ], 
      [ 1, 0, 0, 0, 0, 1, 1, 1, 1, 1, 1, 1, 1, 1, 1, 1, 1, 1, 1, 1, 1, 1, 1, 1, 1 ], 
      [ 1, 0, 0, 0, 0, 0, 1, 1, 1, 0, 1, 1, 1, 0, 1, 1, 1, 0, 1, 1, 1, 0, 1, 1, 1 ], 
      [ 1, 0, 0, 0, 0, 0, 0, 1, 1, 0, 0, 1, 1, 0, 0, 1, 1, 0, 0, 1, 1, 0, 0, 1, 1 ], 
      [ 1, 0, 0, 0, 0, 0, 0, 0, 1, 0, 0, 0, 1, 0, 0, 0, 1, 0, 0, 0, 1, 0, 0, 0, 1 ], 
      [ 1, 0, 0, 0, 0, 0, 1, 0, 1, 0, 1, 0, 1, 0, 1, 0, 1, 0, 1, 0, 1, 0, 1, 0, 1 ], 
      [ 1, 0, 0, 0, 0, 1, 0, 1, 1, 1, 0, 1, 1, 1, 0, 1, 1, 1, 0, 1, 1, 1, 0, 1, 1 ], 
      [ 1, 0, 0, 0, 0, 1, 0, 0, 1, 1, 0, 0, 1, 1, 0, 0, 1, 1, 0, 0, 1, 1, 0, 0, 1 ], 
      [ 1, 0, 0, 0, 0, 1, 1, 0, 1, 1, 1, 0, 1, 1, 1, 0, 1, 1, 1, 0, 1, 1, 1, 0, 1 ], 
      [ 1, 0, 0, 0, 1, 0, 1, 1, 1, 0, 1, 1, 1, 0, 1, 1, 1, 0, 1, 1, 1, 1, 0, 0, 0 ], 
      [ 1, 0, 0, 0, 1, 0, 0, 1, 1, 0, 0, 1, 1, 0, 0, 1, 1, 0, 0, 1, 1, 1, 1, 0, 0 ], 
      [ 1, 0, 0, 0, 1, 0, 0, 0, 1, 0, 0, 0, 1, 0, 0, 0, 1, 0, 0, 0, 1, 1, 1, 1, 0 ], 
      [ 1, 0, 0, 0, 1, 0, 1, 0, 1, 0, 1, 0, 1, 0, 1, 0, 1, 0, 1, 0, 1, 1, 0, 1, 0 ], 
      [ 1, 0, 0, 0, 1, 1, 0, 1, 1, 1, 0, 1, 1, 1, 0, 1, 1, 1, 0, 1, 1, 0, 1, 0, 0 ], 
      [ 1, 0, 0, 0, 1, 1, 0, 0, 1, 1, 0, 0, 1, 1, 0, 0, 1, 1, 0, 0, 1, 0, 1, 1, 0 ], 
      [ 1, 0, 0, 0, 1, 1, 1, 0, 1, 1, 1, 0, 1, 1, 1, 0, 1, 1, 1, 0, 1, 0, 0, 1, 0 ], 
      [ 1, 0, 0, 1, 0, 1, 1, 1, 1, 1, 1, 1, 1, 1, 1, 1, 1, 0, 0, 0, 0, 1, 1, 1, 1 ], 
      [ 1, 0, 0, 1, 0, 0, 1, 1, 1, 0, 1, 1, 1, 0, 1, 1, 1, 1, 0, 0, 0, 0, 1, 1, 1 ], 
      [ 1, 0, 0, 1, 0, 0, 0, 1, 1, 0, 0, 1, 1, 0, 0, 1, 1, 1, 1, 0, 0, 0, 0, 1, 1 ], 
      [ 1, 0, 0, 1, 0, 0, 0, 0, 1, 0, 0, 0, 1, 0, 0, 0, 1, 1, 1, 1, 0, 0, 0, 0, 1 ], 
      [ 1, 0, 0, 1, 0, 0, 1, 0, 1, 0, 1, 0, 1, 0, 1, 0, 1, 1, 0, 1, 0, 0, 1, 0, 1 ], 
      [ 1, 0, 0, 1, 0, 1, 0, 1, 1, 1, 0, 1, 1, 1, 0, 1, 1, 0, 1, 0, 0, 1, 0, 1, 1 ], 
      [ 1, 0, 0, 1, 0, 1, 0, 0, 1, 1, 0, 0, 1, 1, 0, 0, 1, 0, 1, 1, 0, 1, 0, 0, 1 ], 
      [ 1, 0, 0, 1, 0, 1, 1, 0, 1, 1, 1, 0, 1, 1, 1, 0, 1, 0, 0, 1, 0, 1, 1, 0, 1 ], 
      [ 1, 0, 0, 1, 1, 0, 1, 1, 1, 0, 1, 1, 1, 0, 1, 1, 1, 1, 0, 0, 0, 1, 0, 0, 0 ], 
      [ 1, 0, 0, 1, 1, 0, 0, 1, 1, 0, 0, 1, 1, 0, 0, 1, 1, 1, 1, 0, 0, 1, 1, 0, 0 ], 
      [ 1, 0, 0, 1, 1, 0, 0, 0, 1, 0, 0, 0, 1, 0, 0, 0, 1, 1, 1, 1, 0, 1, 1, 1, 0 ], 
      [ 1, 0, 0, 1, 1, 0, 1, 0, 1, 0, 1, 0, 1, 0, 1, 0, 1, 1, 0, 1, 0, 1, 0, 1, 0 ], 
      [ 1, 0, 0, 1, 1, 1, 0, 1, 1, 1, 0, 1, 1, 1, 0, 1, 1, 0, 1, 0, 0, 0, 1, 0, 0 ], 
      [ 1, 0, 0, 1, 1, 1, 0, 0, 1, 1, 0, 0, 1, 1, 0, 0, 1, 0, 1, 1, 0, 0, 1, 1, 0 ], 
      [ 1, 0, 0, 1, 1, 1, 1, 0, 1, 1, 1, 0, 1, 1, 1, 0, 1, 0, 0, 1, 0, 0, 0, 1, 0 ], 
      [ 1, 0, 1, 0, 1, 1, 1, 1, 1, 1, 1, 1, 1, 0, 0, 0, 0, 1, 1, 1, 1, 0, 0, 0, 0 ], 
      [ 1, 0, 1, 0, 0, 1, 1, 1, 1, 1, 1, 1, 1, 0, 0, 0, 0, 1, 1, 1, 1, 1, 1, 1, 1 ], 
      [ 1, 0, 1, 0, 0, 0, 1, 1, 1, 0, 1, 1, 1, 1, 0, 0, 0, 0, 1, 1, 1, 0, 1, 1, 1 ], 
      [ 1, 0, 1, 0, 0, 0, 0, 1, 1, 0, 0, 1, 1, 1, 1, 0, 0, 0, 0, 1, 1, 0, 0, 1, 1 ], 
      [ 1, 0, 1, 0, 0, 0, 0, 0, 1, 0, 0, 0, 1, 1, 1, 1, 0, 0, 0, 0, 1, 0, 0, 0, 1 ], 
      [ 1, 0, 1, 0, 0, 0, 1, 0, 1, 0, 1, 0, 1, 1, 0, 1, 0, 0, 1, 0, 1, 0, 1, 0, 1 ], 
      [ 1, 0, 1, 0, 0, 1, 0, 1, 1, 1, 0, 1, 1, 0, 1, 0, 0, 1, 0, 1, 1, 1, 0, 1, 1 ], 
      [ 1, 0, 1, 0, 0, 1, 0, 0, 1, 1, 0, 0, 1, 0, 1, 1, 0, 1, 0, 0, 1, 1, 0, 0, 1 ], 
      [ 1, 0, 1, 0, 0, 1, 1, 0, 1, 1, 1, 0, 1, 0, 0, 1, 0, 1, 1, 0, 1, 1, 1, 0, 1 ], 
      [ 1, 0, 1, 0, 1, 0, 1, 1, 1, 0, 1, 1, 1, 1, 0, 0, 0, 0, 1, 1, 1, 1, 0, 0, 0 ], 
      [ 1, 0, 1, 0, 1, 0, 0, 1, 1, 0, 0, 1, 1, 1, 1, 0, 0, 0, 0, 1, 1, 1, 1, 0, 0 ], 
      [ 1, 0, 1, 0, 1, 0, 0, 0, 1, 0, 0, 0, 1, 1, 1, 1, 0, 0, 0, 0, 1, 1, 1, 1, 0 ], 
      [ 1, 0, 1, 0, 1, 0, 1, 0, 1, 0, 1, 0, 1, 1, 0, 1, 0, 0, 1, 0, 1, 1, 0, 1, 0 ], 
      [ 1, 0, 1, 0, 1, 1, 0, 1, 1, 1, 0, 1, 1, 0, 1, 0, 0, 1, 0, 1, 1, 0, 1, 0, 0 ], 
      [ 1, 0, 1, 0, 1, 1, 0, 0, 1, 1, 0, 0, 1, 0, 1, 1, 0, 1, 0, 0, 1, 0, 1, 1, 0 ], 
      [ 1, 0, 1, 0, 1, 1, 1, 0, 1, 1, 1, 0, 1, 0, 0, 1, 0, 1, 1, 0, 1, 0, 0, 1, 0 ], 
      [ 1, 0, 1, 1, 0, 1, 1, 1, 1, 1, 1, 1, 1, 0, 0, 0, 0, 0, 0, 0, 0, 1, 1, 1, 1 ], 
      [ 1, 0, 1, 1, 0, 0, 1, 1, 1, 0, 1, 1, 1, 1, 0, 0, 0, 1, 0, 0, 0, 0, 1, 1, 1 ], 
      [ 1, 0, 1, 1, 0, 0, 0, 1, 1, 0, 0, 1, 1, 1, 1, 0, 0, 1, 1, 0, 0, 0, 0, 1, 1 ], 
      [ 1, 0, 1, 1, 0, 0, 0, 0, 1, 0, 0, 0, 1, 1, 1, 1, 0, 1, 1, 1, 0, 0, 0, 0, 1 ], 
      [ 1, 0, 1, 1, 0, 0, 1, 0, 1, 0, 1, 0, 1, 1, 0, 1, 0, 1, 0, 1, 0, 0, 1, 0, 1 ], 
      [ 1, 0, 1, 1, 0, 1, 0, 1, 1, 1, 0, 1, 1, 0, 1, 0, 0, 0, 1, 0, 0, 1, 0, 1, 1 ], 
      [ 1, 0, 1, 1, 0, 1, 0, 0, 1, 1, 0, 0, 1, 0, 1, 1, 0, 0, 1, 1, 0, 1, 0, 0, 1 ], 
      [ 1, 0, 1, 1, 0, 1, 1, 0, 1, 1, 1, 0, 1, 0, 0, 1, 0, 0, 0, 1, 0, 1, 1, 0, 1 ], 
      [ 1, 0, 1, 1, 1, 0, 1, 1, 1, 0, 1, 1, 1, 1, 0, 0, 0, 1, 0, 0, 0, 1, 0, 0, 0 ], 
      [ 1, 0, 1, 1, 1, 0, 0, 1, 1, 0, 0, 1, 1, 1, 1, 0, 0, 1, 1, 0, 0, 1, 1, 0, 0 ], 
      [ 1, 0, 1, 1, 1, 0, 0, 0, 1, 0, 0, 0, 1, 1, 1, 1, 0, 1, 1, 1, 0, 1, 1, 1, 0 ], 
      [ 1, 0, 1, 1, 1, 0, 1, 0, 1, 0, 1, 0, 1, 1, 0, 1, 0, 1, 0, 1, 0, 1, 0, 1, 0 ], 
      [ 1, 0, 1, 1, 1, 1, 0, 1, 1, 1, 0, 1, 1, 0, 1, 0, 0, 0, 1, 0, 0, 0, 1, 0, 0 ], 
      [ 1, 0, 1, 1, 1, 1, 0, 0, 1, 1, 0, 0, 1, 0, 1, 1, 0, 0, 1, 1, 0, 0, 1, 1, 0 ], 
      [ 1, 0, 1, 1, 1, 1, 1, 0, 1, 1, 1, 0, 1, 0, 0, 1, 0, 0, 0, 1, 0, 0, 0, 1, 0 ], 
      [ 1, 1, 0, 1, 1, 1, 1, 1, 1, 0, 0, 0, 0, 1, 1, 1, 1, 0, 0, 0, 0, 0, 0, 0, 0 ], 
      [ 1, 1, 0, 0, 1, 1, 1, 1, 1, 0, 0, 0, 0, 1, 1, 1, 1, 1, 1, 1, 1, 0, 0, 0, 0 ], 
      [ 1, 1, 0, 0, 0, 1, 1, 1, 1, 0, 0, 0, 0, 1, 1, 1, 1, 1, 1, 1, 1, 1, 1, 1, 1 ], 
      [ 1, 1, 0, 0, 0, 0, 1, 1, 1, 1, 0, 0, 0, 0, 1, 1, 1, 0, 1, 1, 1, 0, 1, 1, 1 ], 
      [ 1, 1, 0, 0, 0, 0, 0, 1, 1, 1, 1, 0, 0, 0, 0, 1, 1, 0, 0, 1, 1, 0, 0, 1, 1 ], 
      [ 1, 1, 0, 0, 0, 0, 0, 0, 1, 1, 1, 1, 0, 0, 0, 0, 1, 0, 0, 0, 1, 0, 0, 0, 1 ], 
      [ 1, 1, 0, 0, 0, 0, 1, 0, 1, 1, 0, 1, 0, 0, 1, 0, 1, 0, 1, 0, 1, 0, 1, 0, 1 ], 
      [ 1, 1, 0, 0, 0, 1, 0, 1, 1, 0, 1, 0, 0, 1, 0, 1, 1, 1, 0, 1, 1, 1, 0, 1, 1 ], 
      [ 1, 1, 0, 0, 0, 1, 0, 0, 1, 0, 1, 1, 0, 1, 0, 0, 1, 1, 0, 0, 1, 1, 0, 0, 1 ], 
      [ 1, 1, 0, 0, 0, 1, 1, 0, 1, 0, 0, 1, 0, 1, 1, 0, 1, 1, 1, 0, 1, 1, 1, 0, 1 ], 
      [ 1, 1, 0, 0, 1, 0, 1, 1, 1, 1, 0, 0, 0, 0, 1, 1, 1, 0, 1, 1, 1, 1, 0, 0, 0 ], 
      [ 1, 1, 0, 0, 1, 0, 0, 1, 1, 1, 1, 0, 0, 0, 0, 1, 1, 0, 0, 1, 1, 1, 1, 0, 0 ], 
      [ 1, 1, 0, 0, 1, 0, 0, 0, 1, 1, 1, 1, 0, 0, 0, 0, 1, 0, 0, 0, 1, 1, 1, 1, 0 ], 
      [ 1, 1, 0, 0, 1, 0, 1, 0, 1, 1, 0, 1, 0, 0, 1, 0, 1, 0, 1, 0, 1, 1, 0, 1, 0 ], 
      [ 1, 1, 0, 0, 1, 1, 0, 1, 1, 0, 1, 0, 0, 1, 0, 1, 1, 1, 0, 1, 1, 0, 1, 0, 0 ], 
      [ 1, 1, 0, 0, 1, 1, 0, 0, 1, 0, 1, 1, 0, 1, 0, 0, 1, 1, 0, 0, 1, 0, 1, 1, 0 ], 
      [ 1, 1, 0, 0, 1, 1, 1, 0, 1, 0, 0, 1, 0, 1, 1, 0, 1, 1, 1, 0, 1, 0, 0, 1, 0 ], 
      [ 1, 1, 0, 1, 0, 1, 1, 1, 1, 0, 0, 0, 0, 1, 1, 1, 1, 0, 0, 0, 0, 1, 1, 1, 1 ], 
      [ 1, 1, 0, 1, 0, 0, 1, 1, 1, 1, 0, 0, 0, 0, 1, 1, 1, 1, 0, 0, 0, 0, 1, 1, 1 ], 
      [ 1, 1, 0, 1, 0, 0, 0, 1, 1, 1, 1, 0, 0, 0, 0, 1, 1, 1, 1, 0, 0, 0, 0, 1, 1 ], 
      [ 1, 1, 0, 1, 0, 0, 0, 0, 1, 1, 1, 1, 0, 0, 0, 0, 1, 1, 1, 1, 0, 0, 0, 0, 1 ], 
      [ 1, 1, 0, 1, 0, 0, 1, 0, 1, 1, 0, 1, 0, 0, 1, 0, 1, 1, 0, 1, 0, 0, 1, 0, 1 ], 
      [ 1, 1, 0, 1, 0, 1, 0, 1, 1, 0, 1, 0, 0, 1, 0, 1, 1, 0, 1, 0, 0, 1, 0, 1, 1 ], 
      [ 1, 1, 0, 1, 0, 1, 0, 0, 1, 0, 1, 1, 0, 1, 0, 0, 1, 0, 1, 1, 0, 1, 0, 0, 1 ], 
      [ 1, 1, 0, 1, 0, 1, 1, 0, 1, 0, 0, 1, 0, 1, 1, 0, 1, 0, 0, 1, 0, 1, 1, 0, 1 ], 
      [ 1, 1, 0, 1, 1, 0, 1, 1, 1, 1, 0, 0, 0, 0, 1, 1, 1, 1, 0, 0, 0, 1, 0, 0, 0 ], 
      [ 1, 1, 0, 1, 1, 0, 0, 1, 1, 1, 1, 0, 0, 0, 0, 1, 1, 1, 1, 0, 0, 1, 1, 0, 0 ], 
      [ 1, 1, 0, 1, 1, 0, 0, 0, 1, 1, 1, 1, 0, 0, 0, 0, 1, 1, 1, 1, 0, 1, 1, 1, 0 ], 
      [ 1, 1, 0, 1, 1, 0, 1, 0, 1, 1, 0, 1, 0, 0, 1, 0, 1, 1, 0, 1, 0, 1, 0, 1, 0 ], 
      [ 1, 1, 0, 1, 1, 1, 0, 1, 1, 0, 1, 0, 0, 1, 0, 1, 1, 0, 1, 0, 0, 0, 1, 0, 0 ], 
      [ 1, 1, 0, 1, 1, 1, 0, 0, 1, 0, 1, 1, 0, 1, 0, 0, 1, 0, 1, 1, 0, 0, 1, 1, 0 ], 
      [ 1, 1, 0, 1, 1, 1, 1, 0, 1, 0, 0, 1, 0, 1, 1, 0, 1, 0, 0, 1, 0, 0, 0, 1, 0 ], 
      [ 1, 1, 1, 0, 1, 1, 1, 1, 1, 0, 0, 0, 0, 0, 0, 0, 0, 1, 1, 1, 1, 0, 0, 0, 0 ], 
      [ 1, 1, 1, 0, 0, 1, 1, 1, 1, 0, 0, 0, 0, 0, 0, 0, 0, 1, 1, 1, 1, 1, 1, 1, 1 ], 
      [ 1, 1, 1, 0, 0, 0, 1, 1, 1, 1, 0, 0, 0, 1, 0, 0, 0, 0, 1, 1, 1, 0, 1, 1, 1 ], 
      [ 1, 1, 1, 0, 0, 0, 0, 1, 1, 1, 1, 0, 0, 1, 1, 0, 0, 0, 0, 1, 1, 0, 0, 1, 1 ], 
      [ 1, 1, 1, 0, 0, 0, 0, 0, 1, 1, 1, 1, 0, 1, 1, 1, 0, 0, 0, 0, 1, 0, 0, 0, 1 ], 
      [ 1, 1, 1, 0, 0, 0, 1, 0, 1, 1, 0, 1, 0, 1, 0, 1, 0, 0, 1, 0, 1, 0, 1, 0, 1 ], 
      [ 1, 1, 1, 0, 0, 1, 0, 1, 1, 0, 1, 0, 0, 0, 1, 0, 0, 1, 0, 1, 1, 1, 0, 1, 1 ], 
      [ 1, 1, 1, 0, 0, 1, 0, 0, 1, 0, 1, 1, 0, 0, 1, 1, 0, 1, 0, 0, 1, 1, 0, 0, 1 ], 
      [ 1, 1, 1, 0, 0, 1, 1, 0, 1, 0, 0, 1, 0, 0, 0, 1, 0, 1, 1, 0, 1, 1, 1, 0, 1 ], 
      [ 1, 1, 1, 0, 1, 0, 1, 1, 1, 1, 0, 0, 0, 1, 0, 0, 0, 0, 1, 1, 1, 1, 0, 0, 0 ], 
      [ 1, 1, 1, 0, 1, 0, 0, 1, 1, 1, 1, 0, 0, 1, 1, 0, 0, 0, 0, 1, 1, 1, 1, 0, 0 ], 
      [ 1, 1, 1, 0, 1, 0, 0, 0, 1, 1, 1, 1, 0, 1, 1, 1, 0, 0, 0, 0, 1, 1, 1, 1, 0 ], 
      [ 1, 1, 1, 0, 1, 0, 1, 0, 1, 1, 0, 1, 0, 1, 0, 1, 0, 0, 1, 0, 1, 1, 0, 1, 0 ], 
      [ 1, 1, 1, 0, 1, 1, 0, 1, 1, 0, 1, 0, 0, 0, 1, 0, 0, 1, 0, 1, 1, 0, 1, 0, 0 ], 
      [ 1, 1, 1, 0, 1, 1, 0, 0, 1, 0, 1, 1, 0, 0, 1, 1, 0, 1, 0, 0, 1, 0, 1, 1, 0 ], 
      [ 1, 1, 1, 0, 1, 1, 1, 0, 1, 0, 0, 1, 0, 0, 0, 1, 0, 1, 1, 0, 1, 0, 0, 1, 0 ], 
      [ 1, 1, 1, 1, 0, 1, 1, 1, 1, 0, 0, 0, 0, 0, 0, 0, 0, 0, 0, 0, 0, 1, 1, 1, 1 ], 
      [ 1, 1, 1, 1, 0, 0, 1, 1, 1, 1, 0, 0, 0, 1, 0, 0, 0, 1, 0, 0, 0, 0, 1, 1, 1 ], 
      [ 1, 1, 1, 1, 0, 0, 0, 1, 1, 1, 1, 0, 0, 1, 1, 0, 0, 1, 1, 0, 0, 0, 0, 1, 1 ], 
      [ 1, 1, 1, 1, 0, 0, 0, 0, 1, 1, 1, 1, 0, 1, 1, 1, 0, 1, 1, 1, 0, 0, 0, 0, 1 ], 
      [ 1, 1, 1, 1, 0, 0, 1, 0, 1, 1, 0, 1, 0, 1, 0, 1, 0, 1, 0, 1, 0, 0, 1, 0, 1 ], 
      [ 1, 1, 1, 1, 0, 1, 0, 1, 1, 0, 1, 0, 0, 0, 1, 0, 0, 0, 1, 0, 0, 1, 0, 1, 1 ], 
      [ 1, 1, 1, 1, 0, 1, 0, 0, 1, 0, 1, 1, 0, 0, 1, 1, 0, 0, 1, 1, 0, 1, 0, 0, 1 ], 
      [ 1, 1, 1, 1, 0, 1, 1, 0, 1, 0, 0, 1, 0, 0, 0, 1, 0, 0, 0, 1, 0, 1, 1, 0, 1 ], 
      [ 1, 1, 1, 1, 1, 0, 1, 1, 1, 1, 0, 0, 0, 1, 0, 0, 0, 1, 0, 0, 0, 1, 0, 0, 0 ], 
      [ 1, 1, 1, 1, 1, 0, 0, 1, 1, 1, 1, 0, 0, 1, 1, 0, 0, 1, 1, 0, 0, 1, 1, 0, 0 ], 
      [ 1, 1, 1, 1, 1, 0, 0, 0, 1, 1, 1, 1, 0, 1, 1, 1, 0, 1, 1, 1, 0, 1, 1, 1, 0 ], 
      [ 1, 1, 1, 1, 1, 0, 1, 0, 1, 1, 0, 1, 0, 1, 0, 1, 0, 1, 0, 1, 0, 1, 0, 1, 0 ], 
      [ 1, 1, 1, 1, 1, 1, 0, 1, 1, 0, 1, 0, 0, 0, 1, 0, 0, 0, 1, 0, 0, 0, 1, 0, 0 ], 
      [ 1, 1, 1, 1, 1, 1, 0, 0, 1, 0, 1, 1, 0, 0, 1, 1, 0, 0, 1, 1, 0, 0, 1, 1, 0 ], 
      [ 1, 1, 1, 1, 1, 1, 1, 0, 1, 0, 0, 1, 0, 0, 0, 1, 0, 0, 0, 1, 0, 0, 0, 1, 0 ], 
      [ 1, 1, 0, 0, 0, 0, 0, 0, 0, 1, 1, 1, 1, 0, 0, 0, 0, 0, 0, 0, 0, 0, 0, 0, 0 ], 
      [ 1, 1, 1, 0, 0, 0, 0, 0, 0, 1, 1, 1, 1, 1, 1, 1, 1, 0, 0, 0, 0, 0, 0, 0, 0 ], 
      [ 1, 1, 1, 1, 0, 0, 0, 0, 0, 1, 1, 1, 1, 1, 1, 1, 1, 1, 1, 1, 1, 0, 0, 0, 0 ], 
      [ 1, 1, 1, 1, 1, 0, 0, 0, 0, 1, 1, 1, 1, 1, 1, 1, 1, 1, 1, 1, 1, 1, 1, 1, 1 ], 
      [ 1, 1, 1, 1, 1, 1, 0, 0, 0, 0, 1, 1, 1, 0, 1, 1, 1, 0, 1, 1, 1, 0, 1, 1, 1 ], 
      [ 1, 1, 1, 1, 1, 1, 1, 0, 0, 0, 0, 1, 1, 0, 0, 1, 1, 0, 0, 1, 1, 0, 0, 1, 1 ], 
      [ 1, 1, 1, 1, 1, 1, 1, 1, 0, 0, 0, 0, 1, 0, 0, 0, 1, 0, 0, 0, 1, 0, 0, 0, 1 ], 
      [ 1, 1, 1, 1, 1, 1, 0, 1, 0, 0, 1, 0, 1, 0, 1, 0, 1, 0, 1, 0, 1, 0, 1, 0, 1 ], 
      [ 1, 1, 1, 1, 1, 0, 1, 0, 0, 1, 0, 1, 1, 1, 0, 1, 1, 1, 0, 1, 1, 1, 0, 1, 1 ], 
      [ 1, 1, 1, 1, 1, 0, 1, 1, 0, 1, 0, 0, 1, 1, 0, 0, 1, 1, 0, 0, 1, 1, 0, 0, 1 ], 
      [ 1, 1, 1, 1, 1, 0, 0, 1, 0, 1, 1, 0, 1, 1, 1, 0, 1, 1, 1, 0, 1, 1, 1, 0, 1 ], 
      [ 1, 1, 1, 1, 0, 1, 0, 0, 0, 0, 1, 1, 1, 0, 1, 1, 1, 0, 1, 1, 1, 1, 0, 0, 0 ], 
      [ 1, 1, 1, 1, 0, 1, 1, 0, 0, 0, 0, 1, 1, 0, 0, 1, 1, 0, 0, 1, 1, 1, 1, 0, 0 ], 
      [ 1, 1, 1, 1, 0, 1, 1, 1, 0, 0, 0, 0, 1, 0, 0, 0, 1, 0, 0, 0, 1, 1, 1, 1, 0 ], 
      [ 1, 1, 1, 1, 0, 1, 0, 1, 0, 0, 1, 0, 1, 0, 1, 0, 1, 0, 1, 0, 1, 1, 0, 1, 0 ], 
      [ 1, 1, 1, 1, 0, 0, 1, 0, 0, 1, 0, 1, 1, 1, 0, 1, 1, 1, 0, 1, 1, 0, 1, 0, 0 ], 
      [ 1, 1, 1, 1, 0, 0, 1, 1, 0, 1, 0, 0, 1, 1, 0, 0, 1, 1, 0, 0, 1, 0, 1, 1, 0 ], 
      [ 1, 1, 1, 1, 0, 0, 0, 1, 0, 1, 1, 0, 1, 1, 1, 0, 1, 1, 1, 0, 1, 0, 0, 1, 0 ], 
      [ 1, 1, 1, 0, 1, 0, 0, 0, 0, 1, 1, 1, 1, 1, 1, 1, 1, 0, 0, 0, 0, 1, 1, 1, 1 ], 
      [ 1, 1, 1, 0, 1, 1, 0, 0, 0, 0, 1, 1, 1, 0, 1, 1, 1, 1, 0, 0, 0, 0, 1, 1, 1 ], 
      [ 1, 1, 1, 0, 1, 1, 1, 0, 0, 0, 0, 1, 1, 0, 0, 1, 1, 1, 1, 0, 0, 0, 0, 1, 1 ], 
      [ 1, 1, 1, 0, 1, 1, 1, 1, 0, 0, 0, 0, 1, 0, 0, 0, 1, 1, 1, 1, 0, 0, 0, 0, 1 ], 
      [ 1, 1, 1, 0, 1, 1, 0, 1, 0, 0, 1, 0, 1, 0, 1, 0, 1, 1, 0, 1, 0, 0, 1, 0, 1 ], 
      [ 1, 1, 1, 0, 1, 0, 1, 0, 0, 1, 0, 1, 1, 1, 0, 1, 1, 0, 1, 0, 0, 1, 0, 1, 1 ], 
      [ 1, 1, 1, 0, 1, 0, 1, 1, 0, 1, 0, 0, 1, 1, 0, 0, 1, 0, 1, 1, 0, 1, 0, 0, 1 ], 
      [ 1, 1, 1, 0, 1, 0, 0, 1, 0, 1, 1, 0, 1, 1, 1, 0, 1, 0, 0, 1, 0, 1, 1, 0, 1 ], 
      [ 1, 1, 1, 0, 0, 1, 0, 0, 0, 0, 1, 1, 1, 0, 1, 1, 1, 1, 0, 0, 0, 1, 0, 0, 0 ], 
      [ 1, 1, 1, 0, 0, 1, 1, 0, 0, 0, 0, 1, 1, 0, 0, 1, 1, 1, 1, 0, 0, 1, 1, 0, 0 ], 
      [ 1, 1, 1, 0, 0, 1, 1, 1, 0, 0, 0, 0, 1, 0, 0, 0, 1, 1, 1, 1, 0, 1, 1, 1, 0 ], 
      [ 1, 1, 1, 0, 0, 1, 0, 1, 0, 0, 1, 0, 1, 0, 1, 0, 1, 1, 0, 1, 0, 1, 0, 1, 0 ], 
      [ 1, 1, 1, 0, 0, 0, 1, 0, 0, 1, 0, 1, 1, 1, 0, 1, 1, 0, 1, 0, 0, 0, 1, 0, 0 ], 
      [ 1, 1, 1, 0, 0, 0, 1, 1, 0, 1, 0, 0, 1, 1, 0, 0, 1, 0, 1, 1, 0, 0, 1, 1, 0 ], 
      [ 1, 1, 1, 0, 0, 0, 0, 1, 0, 1, 1, 0, 1, 1, 1, 0, 1, 0, 0, 1, 0, 0, 0, 1, 0 ], 
      [ 1, 1, 0, 1, 0, 0, 0, 0, 0, 1, 1, 1, 1, 0, 0, 0, 0, 1, 1, 1, 1, 0, 0, 0, 0 ], 
      [ 1, 1, 0, 1, 1, 0, 0, 0, 0, 1, 1, 1, 1, 0, 0, 0, 0, 1, 1, 1, 1, 1, 1, 1, 1 ], 
      [ 1, 1, 0, 1, 1, 1, 0, 0, 0, 0, 1, 1, 1, 1, 0, 0, 0, 0, 1, 1, 1, 0, 1, 1, 1 ], 
      [ 1, 1, 0, 1, 1, 1, 1, 0, 0, 0, 0, 1, 1, 1, 1, 0, 0, 0, 0, 1, 1, 0, 0, 1, 1 ], 
      [ 1, 1, 0, 1, 1, 1, 1, 1, 0, 0, 0, 0, 1, 1, 1, 1, 0, 0, 0, 0, 1, 0, 0, 0, 1 ], 
      [ 1, 1, 0, 1, 1, 1, 0, 1, 0, 0, 1, 0, 1, 1, 0, 1, 0, 0, 1, 0, 1, 0, 1, 0, 1 ], 
      [ 1, 1, 0, 1, 1, 0, 1, 0, 0, 1, 0, 1, 1, 0, 1, 0, 0, 1, 0, 1, 1, 1, 0, 1, 1 ], 
      [ 1, 1, 0, 1, 1, 0, 1, 1, 0, 1, 0, 0, 1, 0, 1, 1, 0, 1, 0, 0, 1, 1, 0, 0, 1 ], 
      [ 1, 1, 0, 1, 1, 0, 0, 1, 0, 1, 1, 0, 1, 0, 0, 1, 0, 1, 1, 0, 1, 1, 1, 0, 1 ], 
      [ 1, 1, 0, 1, 0, 1, 0, 0, 0, 0, 1, 1, 1, 1, 0, 0, 0, 0, 1, 1, 1, 1, 0, 0, 0 ], 
      [ 1, 1, 0, 1, 0, 1, 1, 0, 0, 0, 0, 1, 1, 1, 1, 0, 0, 0, 0, 1, 1, 1, 1, 0, 0 ], 
      [ 1, 1, 0, 1, 0, 1, 1, 1, 0, 0, 0, 0, 1, 1, 1, 1, 0, 0, 0, 0, 1, 1, 1, 1, 0 ], 
      [ 1, 1, 0, 1, 0, 1, 0, 1, 0, 0, 1, 0, 1, 1, 0, 1, 0, 0, 1, 0, 1, 1, 0, 1, 0 ], 
      [ 1, 1, 0, 1, 0, 0, 1, 0, 0, 1, 0, 1, 1, 0, 1, 0, 0, 1, 0, 1, 1, 0, 1, 0, 0 ], 
      [ 1, 1, 0, 1, 0, 0, 1, 1, 0, 1, 0, 0, 1, 0, 1, 1, 0, 1, 0, 0, 1, 0, 1, 1, 0 ], 
      [ 1, 1, 0, 1, 0, 0, 0, 1, 0, 1, 1, 0, 1, 0, 0, 1, 0, 1, 1, 0, 1, 0, 0, 1, 0 ], 
      [ 1, 1, 0, 0, 1, 0, 0, 0, 0, 1, 1, 1, 1, 0, 0, 0, 0, 0, 0, 0, 0, 1, 1, 1, 1 ], 
      [ 1, 1, 0, 0, 1, 1, 0, 0, 0, 0, 1, 1, 1, 1, 0, 0, 0, 1, 0, 0, 0, 0, 1, 1, 1 ], 
      [ 1, 1, 0, 0, 1, 1, 1, 0, 0, 0, 0, 1, 1, 1, 1, 0, 0, 1, 1, 0, 0, 0, 0, 1, 1 ], 
      [ 1, 1, 0, 0, 1, 1, 1, 1, 0, 0, 0, 0, 1, 1, 1, 1, 0, 1, 1, 1, 0, 0, 0, 0, 1 ], 
      [ 1, 1, 0, 0, 1, 1, 0, 1, 0, 0, 1, 0, 1, 1, 0, 1, 0, 1, 0, 1, 0, 0, 1, 0, 1 ], 
      [ 1, 1, 0, 0, 1, 0, 1, 0, 0, 1, 0, 1, 1, 0, 1, 0, 0, 0, 1, 0, 0, 1, 0, 1, 1 ], 
      [ 1, 1, 0, 0, 1, 0, 1, 1, 0, 1, 0, 0, 1, 0, 1, 1, 0, 0, 1, 1, 0, 1, 0, 0, 1 ], 
      [ 1, 1, 0, 0, 1, 0, 0, 1, 0, 1, 1, 0, 1, 0, 0, 1, 0, 0, 0, 1, 0, 1, 1, 0, 1 ], 
      [ 1, 1, 0, 0, 0, 1, 0, 0, 0, 0, 1, 1, 1, 1, 0, 0, 0, 1, 0, 0, 0, 1, 0, 0, 0 ], 
      [ 1, 1, 0, 0, 0, 1, 1, 0, 0, 0, 0, 1, 1, 1, 1, 0, 0, 1, 1, 0, 0, 1, 1, 0, 0 ], 
      [ 1, 1, 0, 0, 0, 1, 1, 1, 0, 0, 0, 0, 1, 1, 1, 1, 0, 1, 1, 1, 0, 1, 1, 1, 0 ], 
      [ 1, 1, 0, 0, 0, 1, 0, 1, 0, 0, 1, 0, 1, 1, 0, 1, 0, 1, 0, 1, 0, 1, 0, 1, 0 ], 
      [ 1, 1, 0, 0, 0, 0, 1, 0, 0, 1, 0, 1, 1, 0, 1, 0, 0, 0, 1, 0, 0, 0, 1, 0, 0 ], 
      [ 1, 1, 0, 0, 0, 0, 1, 1, 0, 1, 0, 0, 1, 0, 1, 1, 0, 0, 1, 1, 0, 0, 1, 1, 0 ], 
      [ 1, 1, 0, 0, 0, 0, 0, 1, 0, 1, 1, 0, 1, 0, 0, 1, 0, 0, 0, 1, 0, 0, 0, 1, 0 ], 
      [ 1, 0, 1, 0, 0, 0, 0, 0, 0, 0, 0, 0, 0, 1, 1, 1, 1, 0, 0, 0, 0, 0, 0, 0, 0 ], 
      [ 1, 0, 1, 1, 0, 0, 0, 0, 0, 0, 0, 0, 0, 1, 1, 1, 1, 1, 1, 1, 1, 0, 0, 0, 0 ], 
      [ 1, 0, 1, 1, 1, 0, 0, 0, 0, 0, 0, 0, 0, 1, 1, 1, 1, 1, 1, 1, 1, 1, 1, 1, 1 ], 
      [ 1, 0, 1, 1, 1, 1, 0, 0, 0, 1, 0, 0, 0, 0, 1, 1, 1, 0, 1, 1, 1, 0, 1, 1, 1 ], 
      [ 1, 0, 1, 1, 1, 1, 1, 0, 0, 1, 1, 0, 0, 0, 0, 1, 1, 0, 0, 1, 1, 0, 0, 1, 1 ], 
      [ 1, 0, 1, 1, 1, 1, 1, 1, 0, 1, 1, 1, 0, 0, 0, 0, 1, 0, 0, 0, 1, 0, 0, 0, 1 ], 
      [ 1, 0, 1, 1, 1, 1, 0, 1, 0, 1, 0, 1, 0, 0, 1, 0, 1, 0, 1, 0, 1, 0, 1, 0, 1 ], 
      [ 1, 0, 1, 1, 1, 0, 1, 0, 0, 0, 1, 0, 0, 1, 0, 1, 1, 1, 0, 1, 1, 1, 0, 1, 1 ], 
      [ 1, 0, 1, 1, 1, 0, 1, 1, 0, 0, 1, 1, 0, 1, 0, 0, 1, 1, 0, 0, 1, 1, 0, 0, 1 ], 
      [ 1, 0, 1, 1, 1, 0, 0, 1, 0, 0, 0, 1, 0, 1, 1, 0, 1, 1, 1, 0, 1, 1, 1, 0, 1 ], 
      [ 1, 0, 1, 1, 0, 1, 0, 0, 0, 1, 0, 0, 0, 0, 1, 1, 1, 0, 1, 1, 1, 1, 0, 0, 0 ], 
      [ 1, 0, 1, 1, 0, 1, 1, 0, 0, 1, 1, 0, 0, 0, 0, 1, 1, 0, 0, 1, 1, 1, 1, 0, 0 ], 
      [ 1, 0, 1, 1, 0, 1, 1, 1, 0, 1, 1, 1, 0, 0, 0, 0, 1, 0, 0, 0, 1, 1, 1, 1, 0 ], 
      [ 1, 0, 1, 1, 0, 1, 0, 1, 0, 1, 0, 1, 0, 0, 1, 0, 1, 0, 1, 0, 1, 1, 0, 1, 0 ], 
      [ 1, 0, 1, 1, 0, 0, 1, 0, 0, 0, 1, 0, 0, 1, 0, 1, 1, 1, 0, 1, 1, 0, 1, 0, 0 ], 
      [ 1, 0, 1, 1, 0, 0, 1, 1, 0, 0, 1, 1, 0, 1, 0, 0, 1, 1, 0, 0, 1, 0, 1, 1, 0 ], 
      [ 1, 0, 1, 1, 0, 0, 0, 1, 0, 0, 0, 1, 0, 1, 1, 0, 1, 1, 1, 0, 1, 0, 0, 1, 0 ], 
      [ 1, 0, 1, 0, 1, 0, 0, 0, 0, 0, 0, 0, 0, 1, 1, 1, 1, 0, 0, 0, 0, 1, 1, 1, 1 ], 
      [ 1, 0, 1, 0, 1, 1, 0, 0, 0, 1, 0, 0, 0, 0, 1, 1, 1, 1, 0, 0, 0, 0, 1, 1, 1 ], 
      [ 1, 0, 1, 0, 1, 1, 1, 0, 0, 1, 1, 0, 0, 0, 0, 1, 1, 1, 1, 0, 0, 0, 0, 1, 1 ], 
      [ 1, 0, 1, 0, 1, 1, 1, 1, 0, 1, 1, 1, 0, 0, 0, 0, 1, 1, 1, 1, 0, 0, 0, 0, 1 ], 
      [ 1, 0, 1, 0, 1, 1, 0, 1, 0, 1, 0, 1, 0, 0, 1, 0, 1, 1, 0, 1, 0, 0, 1, 0, 1 ], 
      [ 1, 0, 1, 0, 1, 0, 1, 0, 0, 0, 1, 0, 0, 1, 0, 1, 1, 0, 1, 0, 0, 1, 0, 1, 1 ], 
      [ 1, 0, 1, 0, 1, 0, 1, 1, 0, 0, 1, 1, 0, 1, 0, 0, 1, 0, 1, 1, 0, 1, 0, 0, 1 ], 
      [ 1, 0, 1, 0, 1, 0, 0, 1, 0, 0, 0, 1, 0, 1, 1, 0, 1, 0, 0, 1, 0, 1, 1, 0, 1 ], 
      [ 1, 0, 1, 0, 0, 1, 0, 0, 0, 1, 0, 0, 0, 0, 1, 1, 1, 1, 0, 0, 0, 1, 0, 0, 0 ], 
      [ 1, 0, 1, 0, 0, 1, 1, 0, 0, 1, 1, 0, 0, 0, 0, 1, 1, 1, 1, 0, 0, 1, 1, 0, 0 ], 
      [ 1, 0, 1, 0, 0, 1, 1, 1, 0, 1, 1, 1, 0, 0, 0, 0, 1, 1, 1, 1, 0, 1, 1, 1, 0 ], 
      [ 1, 0, 1, 0, 0, 1, 0, 1, 0, 1, 0, 1, 0, 0, 1, 0, 1, 1, 0, 1, 0, 1, 0, 1, 0 ], 
      [ 1, 0, 1, 0, 0, 0, 1, 0, 0, 0, 1, 0, 0, 1, 0, 1, 1, 0, 1, 0, 0, 0, 1, 0, 0 ], 
      [ 1, 0, 1, 0, 0, 0, 1, 1, 0, 0, 1, 1, 0, 1, 0, 0, 1, 0, 1, 1, 0, 0, 1, 1, 0 ], 
      [ 1, 0, 1, 0, 0, 0, 0, 1, 0, 0, 0, 1, 0, 1, 1, 0, 1, 0, 0, 1, 0, 0, 0, 1, 0 ], 
      [ 1, 0, 0, 1, 0, 0, 0, 0, 0, 0, 0, 0, 0, 0, 0, 0, 0, 1, 1, 1, 1, 0, 0, 0, 0 ], 
      [ 1, 0, 0, 1, 1, 0, 0, 0, 0, 0, 0, 0, 0, 0, 0, 0, 0, 1, 1, 1, 1, 1, 1, 1, 1 ], 
      [ 1, 0, 0, 1, 1, 1, 0, 0, 0, 1, 0, 0, 0, 1, 0, 0, 0, 0, 1, 1, 1, 0, 1, 1, 1 ], 
      [ 1, 0, 0, 1, 1, 1, 1, 0, 0, 1, 1, 0, 0, 1, 1, 0, 0, 0, 0, 1, 1, 0, 0, 1, 1 ], 
      [ 1, 0, 0, 1, 1, 1, 1, 1, 0, 1, 1, 1, 0, 1, 1, 1, 0, 0, 0, 0, 1, 0, 0, 0, 1 ], 
      [ 1, 0, 0, 1, 1, 1, 0, 1, 0, 1, 0, 1, 0, 1, 0, 1, 0, 0, 1, 0, 1, 0, 1, 0, 1 ], 
      [ 1, 0, 0, 1, 1, 0, 1, 0, 0, 0, 1, 0, 0, 0, 1, 0, 0, 1, 0, 1, 1, 1, 0, 1, 1 ], 
      [ 1, 0, 0, 1, 1, 0, 1, 1, 0, 0, 1, 1, 0, 0, 1, 1, 0, 1, 0, 0, 1, 1, 0, 0, 1 ], 
      [ 1, 0, 0, 1, 1, 0, 0, 1, 0, 0, 0, 1, 0, 0, 0, 1, 0, 1, 1, 0, 1, 1, 1, 0, 1 ], 
      [ 1, 0, 0, 1, 0, 1, 0, 0, 0, 1, 0, 0, 0, 1, 0, 0, 0, 0, 1, 1, 1, 1, 0, 0, 0 ], 
      [ 1, 0, 0, 1, 0, 1, 1, 0, 0, 1, 1, 0, 0, 1, 1, 0, 0, 0, 0, 1, 1, 1, 1, 0, 0 ], 
      [ 1, 0, 0, 1, 0, 1, 1, 1, 0, 1, 1, 1, 0, 1, 1, 1, 0, 0, 0, 0, 1, 1, 1, 1, 0 ], 
      [ 1, 0, 0, 1, 0, 1, 0, 1, 0, 1, 0, 1, 0, 1, 0, 1, 0, 0, 1, 0, 1, 1, 0, 1, 0 ], 
      [ 1, 0, 0, 1, 0, 0, 1, 0, 0, 0, 1, 0, 0, 0, 1, 0, 0, 1, 0, 1, 1, 0, 1, 0, 0 ], 
      [ 1, 0, 0, 1, 0, 0, 1, 1, 0, 0, 1, 1, 0, 0, 1, 1, 0, 1, 0, 0, 1, 0, 1, 1, 0 ], 
      [ 1, 0, 0, 1, 0, 0, 0, 1, 0, 0, 0, 1, 0, 0, 0, 1, 0, 1, 1, 0, 1, 0, 0, 1, 0 ], 
      [ 1, 0, 0, 0, 1, 0, 0, 0, 0, 0, 0, 0, 0, 0, 0, 0, 0, 0, 0, 0, 0, 1, 1, 1, 1 ], 
      [ 1, 0, 0, 0, 1, 1, 0, 0, 0, 1, 0, 0, 0, 1, 0, 0, 0, 1, 0, 0, 0, 0, 1, 1, 1 ], 
      [ 1, 0, 0, 0, 1, 1, 1, 0, 0, 1, 1, 0, 0, 1, 1, 0, 0, 1, 1, 0, 0, 0, 0, 1, 1 ], 
      [ 1, 0, 0, 0, 1, 1, 1, 1, 0, 1, 1, 1, 0, 1, 1, 1, 0, 1, 1, 1, 0, 0, 0, 0, 1 ], 
      [ 1, 0, 0, 0, 1, 1, 0, 1, 0, 1, 0, 1, 0, 1, 0, 1, 0, 1, 0, 1, 0, 0, 1, 0, 1 ], 
      [ 1, 0, 0, 0, 1, 0, 1, 0, 0, 0, 1, 0, 0, 0, 1, 0, 0, 0, 1, 0, 0, 1, 0, 1, 1 ], 
      [ 1, 0, 0, 0, 1, 0, 1, 1, 0, 0, 1, 1, 0, 0, 1, 1, 0, 0, 1, 1, 0, 1, 0, 0, 1 ], 
      [ 1, 0, 0, 0, 1, 0, 0, 1, 0, 0, 0, 1, 0, 0, 0, 1, 0, 0, 0, 1, 0, 1, 1, 0, 1 ], 
      [ 1, 0, 0, 0, 0, 1, 0, 0, 0, 1, 0, 0, 0, 1, 0, 0, 0, 1, 0, 0, 0, 1, 0, 0, 0 ], 
      [ 1, 0, 0, 0, 0, 1, 1, 0, 0, 1, 1, 0, 0, 1, 1, 0, 0, 1, 1, 0, 0, 1, 1, 0, 0 ], 
      [ 1, 0, 0, 0, 0, 1, 1, 1, 0, 1, 1, 1, 0, 1, 1, 1, 0, 1, 1, 1, 0, 1, 1, 1, 0 ], 
      [ 1, 0, 0, 0, 0, 1, 0, 1, 0, 1, 0, 1, 0, 1, 0, 1, 0, 1, 0, 1, 0, 1, 0, 1, 0 ], 
      [ 1, 0, 0, 0, 0, 0, 1, 0, 0, 0, 1, 0, 0, 0, 1, 0, 0, 0, 1, 0, 0, 0, 1, 0, 0 ], 
      [ 1, 0, 0, 0, 0, 0, 1, 1, 0, 0, 1, 1, 0, 0, 1, 1, 0, 0, 1, 1, 0, 0, 1, 1, 0 ], 
      [ 1, 0, 0, 0, 0, 0, 0, 1, 0, 0, 0, 1, 0, 0, 0, 1, 0, 0, 0, 1, 0, 0, 0, 1, 0 ] ],
  GRP := Group( [ (  4, 36)( 21, 37)( 22, 38)( 23, 39)( 24, 40)( 25, 41)( 26, 42)( 27, 43)( 28, 44)( 29, 45)( 30, 46)
        ( 31, 47)( 32, 48)( 33, 49)( 34, 50)( 35, 51)( 67, 99)( 84,100)( 85,101)( 86,102)( 87,103)( 88,104)( 89,105)
        ( 90,106)( 91,107)( 92,108)( 93,109)( 94,110)( 95,111)( 96,112)( 97,113)( 98,114)(131,163)(148,164)(149,165)
        (150,166)(151,167)(152,168)(153,169)(154,170)(155,171)(156,172)(157,173)(158,174)(159,175)(160,176)(161,177)
        (162,178)(194,226)(211,227)(212,228)(213,229)(214,230)(215,231)(216,232)(217,233)(218,234)(219,235)(220,236)
        (221,237)(222,238)(223,239)(224,240)(225,241), (  4, 36)(  9,256)( 10,255)( 12,253)( 13,252)( 16,249)
        ( 17,248)( 19,246)( 20,245)( 21, 37)( 22, 38)( 23, 39)( 24,225)( 25,224)( 26, 42)( 27,222)( 28,221)( 29, 45)
        ( 30, 46)( 31,218)( 32,217)( 33, 49)( 34,215)( 35,214)( 40,241)( 41,240)( 43,238)( 44,237)( 47,234)( 48,233)
        ( 50,231)( 51,230)( 55,210)( 56,209)( 58,207)( 59,206)( 62,203)( 63,202)( 65,200)( 66,199)( 67, 99)( 72,193)
        ( 73,192)( 75,190)( 76,189)( 79,186)( 80,185)( 82,183)( 83,182)( 84,100)( 85,101)( 86,102)( 87,162)( 88,161)
        ( 89,105)( 90,159)( 91,158)( 92,108)( 93,109)( 94,155)( 95,154)( 96,112)( 97,152)( 98,151)(103,178)(104,177)
        (106,175)(107,174)(110,171)(111,170)(113,168)(114,167)(118,147)(119,146)(121,144)(122,143)(125,140)(126,139)
        (128,137)(129,136)(131,163)(148,164)(149,165)(150,166)(153,169)(156,172)(157,173)(160,176)(194,226)(211,227)
        (212,228)(213,229)(216,232)(219,235)(220,236)(223,239), (  8, 10)( 11, 13)( 15, 17)( 18, 20)( 23, 25)
        ( 26, 28)( 30, 32)( 33, 35)( 39, 41)( 42, 44)( 46, 48)( 49, 51)( 54, 56)( 57, 59)( 61, 63)( 64, 66)( 71, 73)
        ( 74, 76)( 78, 80)( 81, 83)( 86, 88)( 89, 91)( 93, 95)( 96, 98)(102,104)(105,107)(109,111)(112,114)(117,119)
        (120,122)(124,126)(127,129)(135,137)(138,140)(142,144)(145,147)(150,152)(153,155)(157,159)(160,162)(166,168)
        (169,171)(173,175)(176,178)(181,183)(184,186)(188,190)(191,193)(198,200)(201,203)(205,207)(208,210)(213,215)
        (216,218)(220,222)(223,225)(229,231)(232,234)(236,238)(239,241)(244,246)(247,249)(251,253)(254,256), 
      (  3, 67)( 36, 68)( 37, 69)( 38, 70)( 39, 71)( 40, 72)( 41, 73)( 42, 74)( 43, 75)( 44, 76)( 45, 77)( 46, 78)
        ( 47, 79)( 48, 80)( 49, 81)( 50, 82)( 51, 83)( 52, 84)( 53, 85)( 54, 86)( 55, 87)( 56, 88)( 57, 89)( 58, 90)
        ( 59, 91)( 60, 92)( 61, 93)( 62, 94)( 63, 95)( 64, 96)( 65, 97)( 66, 98)(130,194)(163,195)(164,196)(165,197)
        (166,198)(167,199)(168,200)(169,201)(170,202)(171,203)(172,204)(173,205)(174,206)(175,207)(176,208)(177,209)
        (178,210)(179,211)(180,212)(181,213)(182,214)(183,215)(184,216)(185,217)(186,218)(187,219)(188,220)(189,221)
        (190,222)(191,223)(192,224)(193,225), (  7, 11)( 10, 12)( 14, 18)( 17, 19)( 22, 26)( 25, 27)( 29, 33)
        ( 32, 34)( 38, 42)( 41, 43)( 45, 49)( 48, 50)( 53, 57)( 56, 58)( 60, 64)( 63, 65)( 70, 74)( 73, 75)( 77, 81)
        ( 80, 82)( 85, 89)( 88, 90)( 92, 96)( 95, 97)(101,105)(104,106)(108,112)(111,113)(116,120)(119,121)(123,127)
        (126,128)(134,138)(137,139)(141,145)(144,146)(149,153)(152,154)(156,160)(159,161)(165,169)(168,170)(172,176)
        (175,177)(180,184)(183,185)(187,191)(190,192)(197,201)(200,202)(204,208)(207,209)(212,216)(215,217)(219,223)
        (222,224)(228,232)(231,233)(235,239)(238,240)(243,247)(246,248)(250,254)(253,255), 
      (  5, 21)( 14, 22)( 15, 23)( 16, 24)( 17, 25)( 18, 26)( 19, 27)( 20, 28)( 36, 52)( 45, 53)( 46, 54)( 47, 55)
        ( 48, 56)( 49, 57)( 50, 58)( 51, 59)( 68, 84)( 77, 85)( 78, 86)( 79, 87)( 80, 88)( 81, 89)( 82, 90)( 83, 91)
        ( 99,115)(108,116)(109,117)(110,118)(111,119)(112,120)(113,121)(114,122)(132,148)(141,149)(142,150)(143,151)
        (144,152)(145,153)(146,154)(147,155)(163,179)(172,180)(173,181)(174,182)(175,183)(176,184)(177,185)(178,186)
        (195,211)(204,212)(205,213)(206,214)(207,215)(208,216)(209,217)(210,218)(226,242)(235,243)(236,244)(237,245)
        (238,246)(239,247)(240,248)(241,249), (  3,129, 99,123)(  4,128,100,139)(  5,125, 37,138)(  6,133)
        (  7,196, 13,148)(  8,195,251,179)(  9,194,254,242)( 10,211)( 11,132,252,164)( 12,131,255,227)
        ( 14, 62, 44,153)( 15, 55,220,184)( 16, 40,223,247)( 17, 47, 41,216)( 18,118,221,169)( 19,103,224,232)
        ( 20,110, 38,201)( 21,134, 69,140)( 22,197, 76,155)( 23,204,188,186)( 24,219,191,249)( 25,212, 73,218)
        ( 26,141,189,171)( 27,156,192,234)( 28,149, 70,203)( 29, 65,107,154)( 30, 58,157,185)( 31, 43,160,248)
        ( 32, 50,104,217)( 33,121,158,170)( 34,106,161,233)( 35,113,101,202)( 36,126)( 39,208,244, 79)
        ( 42,145,245, 94)( 45, 63, 51,111)( 46, 56,213, 80)( 49,119,214, 95)( 52,135, 68,124)( 53,198, 83,109)
        ( 54,205,181, 78)( 57,142,182, 93)( 59,150, 77, 61)( 60, 66,114,108)( 64,122,151, 92)( 67,127,115,136)
        ( 71,210,236,180)( 72,225,239,243)( 74,147,237,165)( 75,162,240,228)( 81,117,206,166)( 82,102,209,229)
        ( 84,137)( 85,200, 91,152)( 86,207,173,183)( 87,222,176,246)( 88,215)( 89,144,174,168)( 90,159,177,231)
        ( 96,120,143,167)( 97,105,146,230)( 98,112,116,199)(130,256,226,250)(163,253)(172,190,178,238)
        (187,193,241,235), (  1,  2)(  3,  9, 67,254, 99,256)(  4, 10, 68,255, 36,  8)(  5,  7)( 11, 21, 13, 69,252,
          37)( 12, 84,251,100,253, 52)( 15, 29, 17, 77,248, 45)( 16, 92,247,108,249, 60)( 18, 22, 20, 70,245, 38)
        ( 19, 85,244,101,246, 53)( 23, 35, 73,182,224, 49)( 24, 98,191,151,225, 64)( 25, 83,192,214, 39, 33)
        ( 26, 28, 76,189,221, 42)( 27, 91,188,158,222, 57)( 30, 32, 80,185,217, 46)( 31, 95,184,154,218, 61)
        ( 34, 88,181,161,215, 54)( 40, 96,239,114,193,199)( 41, 81,240, 51, 71,230)( 43, 89,236,107,190,206)
        ( 44, 74,237)( 47, 93,232,111,186,202)( 48, 78,233)( 50, 86,229,104,183,209)( 55, 97,176,150,162,200)
        ( 56, 82,177,213,102,231)( 58, 90,173,157,159,207)( 59, 75,174,220,105,238)( 62, 94,169,153,155,203)
        ( 63, 79,170,216,109,234)( 65, 87,166,160,152,210)( 66, 72,167,223,112,241)(103,168,208,113,178,198)
        (106,175,205)(110,171,201)(115,250)(116,243)(117,228,119,180,146,212)(118,165,145,149,147,197)
        (120,235,122,187,143,219)(121,172,142,156,144,204)(123,242)(124,227,126,179,139,211)(125,164,138,148,140,196)
        (127,226,129,130,136,194)(128,163,135,131,137,195)(132,134), 
      (  1,  3, 72,214, 86,244,116,250,  2,130,199, 87,213,117,243,123)(  4, 73,221, 89,181,146,235,129,131,200, 94,
         216, 54, 19,108,256)(  5, 70,252, 84,188,143,172,135,132,197,125,211, 61, 16, 45,  8)(  6, 69,189,174,173,
         142,141,134,133,196, 62, 47, 46, 15, 14,  7)(  9, 36, 71,245, 85,251,115,187,136,163,198,118,212,124,242, 60
         )( 10, 37, 74,182,177,236,122,156,137,164,201, 55, 50,109,249, 29)( 11, 68,192,237, 91,157,144,165,138,195,
          65,110,218, 30, 17, 38)( 12, 99,193,230, 88,220,120,180,139,226, 66,103,215, 93,247, 53)( 13,100,190,167,
         176,205,121,149,140,227, 63, 40, 49, 78,248, 22)( 18, 77,255, 21, 76,158,175,166,145,204,128,148,203, 31,
          48, 39)( 20,101,253, 67,191,206, 90,150,147,228,126,194, 64, 79,217, 23)( 24, 51,102,246, 92,254, 52, 75,
         151,178,229,119,219,127,179,202)( 25, 44,105,183,170,239, 59,106,152,171,232, 56, 43,112,186,233)
        ( 26, 83,161,238, 98,160,207, 97,153,210, 34,111,225, 33, 80,224)( 27,114,162,231, 95,223, 57, 82,154,241,
          35,104,222, 96,184,209)( 28,107,159,168,169,208, 58,113,155,234, 32, 41, 42, 81,185,240) ] ),
  LOrb := 
   [ [ 2, 3, 4, 5, 6, 7, 8, 9, 10, 11, 12, 13, 14, 15, 16, 17, 18, 19, 20, 21, 22, 23, 24, 25, 26, 27, 28, 29, 30, 
          31, 32, 33, 34, 35, 36, 37, 38, 39, 40, 41, 42, 43, 44, 45, 46, 47, 48, 49, 50, 51, 52, 53, 54, 55, 56, 
          57, 58, 59, 60, 61, 62, 63, 64, 65, 66, 67, 68, 69, 70, 71, 72, 73, 74, 75, 76, 77, 78, 79, 80, 81, 82, 
          83, 84, 85, 86, 87, 88, 89, 90, 91, 92, 93, 94, 95, 96, 97, 98, 99, 100, 101, 102, 103, 104, 105, 106, 
          107, 108, 109, 110, 111, 112, 113, 114, 115, 116, 117, 118, 119, 120, 121, 122, 123, 124, 125, 126, 127, 
          128, 129, 131, 132, 133, 134, 135, 136, 137, 138, 139, 140, 141, 142, 143, 144, 145, 146, 147, 148, 149, 
          150, 151, 152, 153, 154, 155, 156, 157, 158, 159, 160, 161, 162, 194, 195, 196, 197, 198, 199, 200, 201, 
          202, 203, 204, 205, 206, 207, 208, 209, 210, 211, 212, 213, 214, 215, 216, 217, 218, 219, 220, 221, 222, 
          223, 224, 225 ], [ 7, 8, 23, 69, 70, 71, 74, 80, 86, 87, 94, 95, 100, 107, 114, 121, 135, 138, 141, 150, 
          201, 210, 217, 221, 224, 241 ], [ 7, 14, 15, 30, 36, 73, 78, 81, 87, 88, 93, 94, 99, 107, 112, 113, 114, 
          128, 142, 145, 157, 208, 209, 214, 221, 224, 240, 255 ], 
      [ 5, 7, 14, 30, 36, 68, 73, 81, 87, 88, 93, 94, 99, 107, 112, 113, 114, 128, 132, 145, 157, 208, 209, 214, 
          221, 224, 240, 255 ], [ 7, 10, 14, 30, 36, 72, 73, 79, 82, 87, 93, 94, 99, 107, 112, 113, 114, 127, 137, 
          141, 144, 157, 163, 209, 210, 221, 224, 241 ], 
      [ 10, 14, 17, 29, 36, 73, 80, 83, 87, 93, 94, 99, 112, 113, 114, 124, 127, 132, 147, 156, 157, 209, 210, 214, 
          220, 221, 223, 224, 254 ], [ 10, 14, 25, 29, 61, 68, 73, 76, 83, 87, 88, 99, 112, 118, 124, 127, 132, 151, 
          152, 156, 157, 195, 203, 210, 214, 217, 223, 224, 254 ], 
      [ 10, 22, 25, 29, 36, 73, 83, 87, 88, 93, 94, 99, 112, 113, 114, 124, 127, 132, 147, 157, 209, 210, 214, 220, 
          221, 223, 224, 254 ], [ 10, 22, 25, 29, 61, 68, 73, 76, 83, 87, 88, 99, 112, 118, 124, 127, 132, 151, 152, 
          157, 203, 209, 210, 214, 223, 224, 254 ], [ 8, 23, 26, 37, 70, 71, 77, 80, 86, 87, 94, 100, 107, 111, 121, 
          122, 135, 138, 153, 198, 207, 214, 217, 221, 234, 248 ], 
      [ 7, 10, 14, 30, 36, 72, 73, 79, 82, 87, 93, 94, 96, 97, 99, 107, 114, 127, 137, 141, 144, 157, 163, 206, 209, 
          221, 224, 241 ], [ 7, 14, 30, 68, 73, 76, 87, 88, 93, 94, 99, 107, 112, 127, 128, 132, 141, 157, 195, 203, 
          208, 209, 210, 221, 224, 239, 240, 255 ], 
      [ 7, 10, 14, 25, 30, 36, 61, 73, 76, 87, 88, 94, 99, 107, 112, 127, 128, 132, 141, 157, 195, 203, 208, 209, 
          210, 221, 224, 239 ], [ 23, 69, 70, 77, 86, 87, 94, 95, 100, 107, 121, 122, 126, 138, 150, 153, 196, 203, 
          207, 214, 217, 221, 222, 234 ], [ 6, 11, 23, 37, 42, 69, 70, 77, 80, 86, 87, 100, 107, 111, 118, 133, 138, 
          153, 196, 203, 207, 210, 214, 217, 221, 222, 234, 241, 248 ], 
      [ 23, 26, 57, 70, 77, 86, 87, 94, 95, 100, 107, 121, 122, 126, 138, 153, 196, 203, 207, 214, 217, 221, 222, 
          234 ], [ 23, 26, 57, 70, 77, 86, 87, 94, 95, 100, 121, 122, 126, 138, 153, 154, 196, 203, 207, 214, 217, 
          221, 222, 234 ], [ 7, 14, 30, 31, 36, 49, 61, 73, 76, 83, 88, 94, 99, 107, 114, 128, 142, 145, 157, 176, 
          195, 203, 208, 209, 210, 221, 224, 239 ], 
      [ 7, 22, 30, 52, 61, 73, 76, 80, 94, 107, 115, 120, 127, 128, 148, 149, 150, 153, 157, 184, 203, 216, 217, 
          221, 224, 247 ], [ 7, 22, 30, 52, 57, 61, 73, 76, 80, 94, 107, 115, 120, 128, 148, 149, 150, 153, 157, 
          184, 203, 211, 216, 217, 218, 221, 224, 247 ], 
      [ 7, 17, 21, 22, 30, 52, 57, 61, 76, 80, 94, 97, 120, 134, 137, 144, 148, 149, 150, 153, 157, 158, 184, 203, 
          217, 221, 224 ], [ 10, 17, 22, 23, 37, 52, 53, 72, 73, 75, 76, 79, 80, 86, 87, 94, 120, 140, 144, 150, 
          153, 157, 158, 179, 184, 202, 217, 221 ], [ 14, 23, 30, 69, 74, 77, 94, 95, 100, 107, 114, 121, 135, 138, 
          141, 150, 196, 201, 202, 203, 207, 214, 217, 221, 222, 234 ], 
      [ 11, 14, 23, 30, 31, 37, 42, 90, 94, 95, 100, 107, 114, 121, 135, 138, 141, 150, 196, 201, 202, 203, 207, 
          214, 217, 221, 222, 227, 234 ], [ 11, 12, 15, 18, 30, 36, 75, 76, 77, 80, 87, 94, 95, 99, 107, 108, 138, 
          139, 142, 145, 157, 163, 202, 203, 204, 207, 214, 221, 222, 226, 234, 235 ], 
      [ 7, 8, 14, 23, 24, 31, 69, 76, 80, 87, 90, 94, 95, 100, 135, 138, 141, 142, 158, 196, 201, 202, 203, 207, 
          210, 217, 221, 227 ], [ 8, 14, 23, 24, 31, 37, 42, 45, 80, 87, 90, 94, 95, 100, 135, 138, 141, 144, 151, 
          158, 164, 169, 202, 203, 207, 210, 217 ], [ 1, 2, 23, 72, 73, 75, 76, 80, 86, 87, 92, 107, 115, 120, 123, 
          150, 151, 157, 202, 203, 207, 210, 214, 217, 219, 222 ], 
      [ 1, 2, 23, 24, 31, 54, 60, 75, 80, 83, 87, 90, 94, 95, 114, 115, 120, 123, 150, 157, 158, 210, 216, 217, 221, 
          222, 224, 225 ], [ 6, 7, 14, 17, 23, 32, 37, 54, 69, 76, 80, 83, 87, 90, 94, 95, 100, 105, 120, 121, 133, 
          196, 201, 202, 203, 210, 217, 232 ], [ 12, 18, 30, 36, 72, 75, 79, 80, 87, 93, 94, 108, 111, 123, 132, 
          139, 145, 157, 160, 163, 202, 203, 207, 210, 214, 219, 220, 221, 222, 250 ], 
      [ 14, 23, 24, 30, 37, 42, 45, 57, 80, 87, 90, 95, 100, 107, 135, 138, 141, 142, 151, 169, 202, 203, 207, 217 ],
      [ 9, 16, 23, 24, 31, 37, 38, 45, 57, 72, 79, 80, 87, 90, 94, 100, 107, 135, 136, 143, 144, 150, 153, 164, 202, 
          203, 207, 217 ], [ 23, 26, 29, 30, 57, 58, 92, 95, 107, 121, 122, 126, 138, 150, 153, 157, 196, 201, 202, 
          203, 204, 207, 213, 214, 216, 217, 219, 220, 221, 222, 233, 234, 248 ], 
      [ 14, 23, 24, 30, 36, 37, 42, 45, 57, 76, 80, 87, 95, 107, 138, 139, 141, 142, 151, 157, 169, 202, 203, 207 ], 
      [ 2, 30, 77, 80, 87, 94, 95, 97, 98, 99, 129, 141, 142, 151, 157, 160, 195, 200, 204, 207, 210, 214, 217, 224, 
          225, 226 ], [ 23, 24, 31, 57, 73, 87, 88, 90, 91, 94, 100, 115, 122, 134, 135, 150, 153, 158, 196, 197, 
          200, 203, 207, 217, 218, 221, 224, 227 ], 
      [ 7, 8, 23, 70, 71, 80, 86, 87, 89, 90, 94, 95, 100, 115, 120, 121, 122, 129, 135, 150, 153, 158, 184, 216, 
          217, 221, 224, 247, 248, 255, 256 ], [ 7, 14, 23, 69, 70, 77, 80, 86, 87, 95, 100, 105, 106, 107, 114, 
          118, 121, 133, 138, 150, 196, 201, 210, 214, 217, 221, 222, 248 ], 
      [ 7, 22, 23, 54, 69, 76, 87, 88, 95, 100, 105, 106, 107, 118, 121, 133, 138, 150, 153, 156, 157, 158, 159, 
          169, 184, 196, 201, 210, 216, 217, 221, 222, 224, 225, 232, 247, 248, 255 ], 
      [ 6, 7, 22, 23, 24, 25, 32, 54, 55, 69, 76, 87, 88, 90, 91, 95, 118, 121, 132, 133, 138, 141, 150, 153, 156, 
          157, 158, 159, 169, 181, 184, 188, 189, 195, 196, 201, 210, 216, 217, 221, 222, 224, 225, 232, 247, 248, 
          252, 255 ], [ 7, 14, 17, 22, 23, 29, 36, 54, 80, 83, 87, 94, 114, 127, 128, 144, 147, 150, 156, 157, 158, 
          159, 191, 210, 221, 224, 255 ], [ 5, 10, 20, 22, 25, 29, 30, 36, 73, 82, 83, 87, 88, 93, 94, 132, 137, 
          140, 145, 146, 147, 149, 150, 151, 152, 157, 160, 163, 176, 191, 209, 214 ], 
      [ 10, 22, 25, 29, 30, 36, 73, 76, 83, 87, 88, 93, 94, 99, 107, 112, 113, 114, 127, 132, 137, 141, 144, 147, 
          157, 163, 176, 209, 210, 239, 240 ], [ 10, 22, 25, 29, 36, 73, 76, 83, 87, 88, 93, 94, 99, 107, 112, 113, 
          114, 127, 132, 137, 141, 144, 147, 157, 209, 210, 220, 221, 239, 240 ], 
      [ 7, 10, 14, 22, 29, 30, 36, 73, 76, 83, 87, 93, 94, 99, 107, 112, 113, 114, 127, 137, 141, 144, 157, 209, 
          210, 221, 240 ], [ 7, 10, 14, 36, 73, 76, 82, 83, 87, 93, 94, 99, 107, 112, 113, 114, 127, 132, 137, 141, 
          144, 147, 157, 163, 209, 210, 221, 224 ], [ 7, 10, 14, 22, 29, 36, 73, 83, 87, 93, 94, 99, 112, 113, 114, 
          124, 127, 132, 147, 157, 209, 210, 214, 221, 224, 240, 254, 255 ], 
      [ 8, 23, 70, 71, 80, 86, 87, 89, 90, 94, 95, 100, 115, 120, 121, 122, 129, 135, 150, 153, 158, 207, 216, 217, 
          221, 222, 224, 225, 256 ], [ 23, 70, 80, 86, 87, 89, 90, 94, 95, 100, 115, 120, 121, 122, 129, 135, 150, 
          153, 158, 196, 207, 210, 216, 217, 224, 225, 227, 241, 256 ], 
      [ 2, 14, 23, 29, 67, 73, 77, 80, 86, 92, 114, 120, 121, 127, 131, 150, 156, 157, 160, 194, 207, 210, 214, 217, 
          223, 224, 225, 248, 255 ], [ 8, 11, 19, 20, 23, 24, 31, 34, 36, 37, 42, 51, 70, 80, 83, 87, 94, 95, 114, 
          132, 135, 138, 145, 146, 147, 150, 158, 161, 163, 197, 207, 210, 221, 222 ], 
      [ 11, 14, 23, 24, 30, 36, 37, 42, 45, 77, 80, 87, 95, 108, 132, 138, 139, 145, 154, 157, 158, 163, 207, 210, 
          221, 222 ], [ 10, 22, 25, 29, 30, 36, 73, 76, 82, 83, 87, 88, 93, 94, 99, 107, 112, 113, 114, 127, 137, 
          141, 142, 143, 144, 157, 163, 176, 206, 209, 239, 240 ], 
      [ 7, 8, 14, 15, 23, 26, 30, 31, 37, 70, 77, 80, 94, 100, 107, 111, 122, 135, 138, 142, 153, 196, 197, 198, 
          201, 204, 205, 206, 207, 216, 217, 221, 227, 234 ], 
      [ 5, 7, 14, 36, 68, 73, 88, 93, 94, 99, 107, 112, 113, 114, 125, 128, 132, 133, 134, 145, 157, 203, 208, 209, 
          214, 221, 240 ], [ 5, 7, 14, 36, 68, 73, 76, 83, 88, 94, 99, 107, 112, 113, 114, 125, 128, 132, 133, 134, 
          145, 157, 176, 203, 208, 209, 214, 221, 224, 239, 240, 255 ], 
      [ 5, 7, 14, 36, 68, 73, 93, 94, 99, 107, 112, 113, 114, 125, 128, 132, 133, 134, 145, 157, 203, 208, 209, 214, 
          221, 224, 240, 255 ], [ 5, 7, 14, 30, 36, 68, 81, 93, 94, 99, 107, 112, 113, 114, 125, 128, 132, 133, 134, 
          145, 157, 203, 208, 209, 214, 221, 224, 234, 240, 255 ], 
      [ 7, 10, 14, 15, 24, 25, 30, 31, 36, 49, 73, 82, 83, 87, 88, 94, 99, 112, 113, 114, 132, 134, 145, 149, 150, 
          151, 152, 157, 163, 176, 195, 203, 208, 209, 210, 214, 215, 224, 226, 239 ], 
      [ 23, 70, 73, 79, 80, 84, 85, 86, 89, 94, 107, 115, 120, 121, 122, 128, 134, 148, 149, 150, 153, 157, 203, 
          207, 210, 211, 218, 224, 225, 234, 241, 249, 255, 256 ], 
      [ 8, 23, 70, 71, 77, 80, 86, 87, 89, 90, 94, 100, 107, 111, 121, 122, 135, 138, 141, 142, 153, 196, 203, 207, 
          210, 217, 234, 241 ], [ 11, 14, 24, 30, 36, 37, 42, 45, 76, 77, 80, 87, 95, 108, 132, 138, 139, 145, 154, 
          157, 158, 163, 203, 207, 210, 221, 222 ], [ 7, 22, 23, 30, 57, 69, 70, 85, 88, 94, 95, 100, 121, 122, 125, 
          133, 150, 153, 158, 196, 203, 217, 218, 221, 248 ], 
      [ 6, 14, 23, 29, 30, 37, 42, 57, 58, 77, 87, 88, 92, 95, 118, 132, 133, 138, 153, 154, 157, 185, 203, 214, 
          221, 222 ], [ 7, 14, 17, 22, 23, 29, 37, 54, 57, 76, 80, 87, 94, 120, 133, 140, 144, 150, 156, 157, 158, 
          159, 184, 203, 217, 221 ], [ 6, 22, 23, 29, 37, 42, 43, 44, 54, 57, 73, 85, 88, 92, 118, 132, 139, 140, 
          153, 154, 157, 160, 170, 185, 203, 214, 219, 220, 221, 222 ], 
      [ 14, 24, 36, 37, 42, 57, 58, 73, 76, 77, 80, 87, 88, 95, 107, 132, 138, 139, 141, 151, 154, 157, 169, 203, 
          204, 207, 214 ], [ 14, 23, 24, 30, 36, 37, 42, 57, 73, 76, 77, 80, 87, 88, 95, 107, 138, 139, 151, 154, 
          157, 169, 203, 207, 214 ], [ 5, 6, 14, 23, 24, 30, 36, 37, 42, 57, 73, 76, 77, 80, 87, 88, 95, 132, 138, 
          139, 151, 154, 157, 169, 203, 207, 214 ], 
      [ 14, 23, 42, 54, 57, 68, 69, 77, 80, 83, 87, 90, 94, 95, 99, 100, 105, 120, 121, 133, 134, 151, 164, 169, 
          196, 203, 207, 210, 214, 217, 227, 248 ], 
      [ 2, 23, 29, 30, 54, 61, 67, 68, 73, 76, 83, 87, 88, 92, 99, 107, 114, 118, 121, 127, 157, 194, 210, 214, 217, 
          223, 224, 225, 248, 254, 255 ], [ 10, 22, 25, 29, 30, 36, 61, 73, 76, 83, 87, 88, 94, 99, 107, 112, 113, 
          114, 127, 132, 137, 141, 144, 147, 157, 163, 176, 209, 210 ], 
      [ 7, 10, 14, 25, 30, 36, 61, 73, 76, 83, 87, 88, 94, 97, 99, 112, 127, 128, 132, 134, 137, 141, 157, 163, 176, 
          203, 209, 210, 224, 239 ], [ 5, 7, 14, 30, 36, 49, 61, 68, 73, 76, 83, 88, 94, 99, 107, 112, 113, 114, 
          125, 128, 132, 145, 157, 176, 195, 203, 208, 209, 210, 221, 224, 239, 240, 255 ], 
      [ 9, 16, 24, 30, 31, 36, 38, 45, 61, 72, 73, 79, 82, 87, 94, 99, 114, 136, 137, 145, 146, 150, 151, 157, 160, 
          163, 203, 209, 210 ], [ 5, 6, 11, 12, 13, 14, 24, 27, 30, 31, 36, 37, 42, 45, 61, 76, 77, 80, 95, 108, 
          132, 138, 139, 145, 154, 157, 158, 163, 169, 176, 188, 195, 203, 204, 207, 210, 221, 222, 226, 235 ], 
      [ 7, 10, 22, 30, 36, 37, 38, 53, 72, 73, 79, 82, 87, 93, 94, 107, 137, 140, 145, 149, 150, 151, 152, 157, 164, 
          171, 202, 209, 214 ], [ 6, 14, 23, 29, 37, 69, 74, 86, 94, 95, 100, 105, 106, 107, 114, 121, 133, 134, 
          135, 138, 141, 150, 201, 202, 207, 214, 221, 233 ], 
      [ 6, 7, 14, 23, 37, 69, 80, 86, 87, 95, 100, 105, 106, 107, 114, 121, 133, 138, 141, 150, 201, 202, 207, 210, 
          214, 221, 233 ], [ 36, 75, 76, 77, 80, 87, 94, 95, 99, 107, 108, 132, 138, 139, 141, 142, 145, 157, 163, 
          202, 203, 204, 207, 214, 221, 222 ], [ 14, 15, 30, 68, 69, 74, 77, 94, 95, 99, 100, 114, 126, 129, 135, 
          138, 141, 142, 158, 196, 201, 202, 203, 207, 210, 217, 221, 222, 234, 241 ], 
      [ 23, 68, 69, 77, 87, 88, 92, 95, 99, 100, 107, 121, 122, 135, 138, 141, 142, 151, 195, 202, 203, 204, 207, 
          210, 214, 222, 233, 234, 241 ], [ 7, 17, 32, 69, 76, 80, 83, 87, 90, 94, 95, 100, 105, 120, 121, 133, 134, 
          141, 144, 150, 158, 159, 196, 201, 210, 216, 217, 221, 224, 232, 247 ], 
      [ 11, 14, 23, 24, 26, 27, 30, 31, 42, 57, 58, 77, 80, 90, 95, 99, 100, 107, 114, 121, 135, 138, 150, 151, 196, 
          201, 202, 203, 204, 207, 214, 217, 227, 234 ], 
      [ 14, 29, 30, 68, 77, 87, 88, 92, 95, 99, 114, 118, 128, 129, 132, 150, 151, 157, 160, 195, 210, 214, 217, 
          224, 225, 248, 255 ], [ 7, 10, 17, 22, 23, 54, 73, 80, 83, 86, 87, 94, 113, 114, 117, 120, 127, 128, 144, 
          147, 149, 150, 156, 157, 158, 159, 191, 210, 221, 224, 254, 255 ], 
      [ 2, 10, 17, 23, 29, 60, 72, 73, 80, 83, 86, 87, 99, 114, 120, 127, 144, 150, 151, 157, 202, 209, 210, 214, 
          217, 224, 254 ], [ 8, 23, 24, 31, 36, 38, 39, 45, 54, 80, 83, 87, 94, 95, 99, 114, 132, 135, 138, 145, 
          146, 147, 150, 151, 158, 161, 163, 210 ], [ 7, 10, 14, 30, 36, 38, 45, 72, 73, 79, 87, 93, 94, 96, 97, 99, 
          114, 127, 137, 141, 142, 143, 144, 157, 160, 163, 209, 224 ], 
      [ 7, 10, 14, 30, 36, 38, 45, 72, 73, 79, 82, 87, 93, 94, 96, 97, 99, 114, 127, 132, 137, 141, 144, 147, 157, 
          160, 163, 209, 224 ], [ 5, 7, 10, 14, 22, 29, 30, 36, 72, 73, 79, 82, 87, 93, 94, 132, 137, 140, 145, 146, 
          147, 149, 150, 151, 152, 157, 160, 163, 209, 214 ], 
      [ 7, 32, 68, 69, 70, 71, 74, 83, 86, 87, 94, 95, 97, 98, 99, 100, 105, 114, 128, 129, 132, 134, 135, 141, 144, 
          147, 158, 159, 163, 178, 195, 198, 201, 208, 209, 210, 221, 224, 226, 232, 239, 240, 241, 255 ], 
      [ 7, 68, 69, 70, 73, 76, 81, 82, 83, 87, 88, 94, 97, 99, 100, 107, 112, 113, 114, 128, 132, 134, 141, 142, 
          145, 157, 158, 163, 176, 195, 208, 209, 210, 221, 224, 226, 239, 240, 241, 255 ], 
      [ 7, 10, 14, 22, 29, 30, 36, 73, 76, 83, 87, 93, 94, 99, 107, 112, 113, 114, 127, 132, 137, 141, 144, 147, 
          157, 163, 209, 210, 240 ], [ 7, 10, 14, 22, 29, 36, 73, 76, 83, 87, 93, 94, 99, 107, 112, 113, 114, 127, 
          132, 137, 141, 144, 147, 157, 209, 210, 221, 240 ], 
      [ 8, 11, 14, 15, 23, 26, 30, 37, 71, 77, 78, 86, 87, 93, 104, 107, 111, 118, 121, 132, 133, 138, 141, 153, 
          204, 207, 214, 217, 221, 234 ], [ 6, 7, 8, 11, 15, 18, 23, 30, 37, 42, 49, 50, 70, 79, 80, 94, 110, 111, 
          113, 114, 125, 132, 133, 145, 146, 147, 157, 158, 160, 161, 177, 178, 192, 207, 210, 221, 222, 241 ], 
      [ 5, 6, 11, 14, 23, 29, 30, 36, 37, 42, 51, 77, 80, 92, 111, 114, 138, 139, 146, 147, 150, 153, 157, 158, 170, 
          177, 178, 207, 210, 221, 222, 241 ], [ 7, 37, 70, 73, 79, 80, 86, 89, 93, 94, 104, 107, 111, 120, 121, 
          133, 134, 141, 144, 153, 164, 171, 206, 207, 216, 217, 221 ], 
      [ 23, 69, 70, 77, 80, 86, 87, 94, 95, 100, 107, 118, 121, 125, 133, 150, 153, 157, 158, 196, 203, 210, 217, 
          221, 222, 248 ], [ 8, 23, 70, 71, 81, 86, 87, 94, 99, 100, 101, 114, 119, 133, 134, 135, 138, 145, 150, 
          151, 196, 203, 209, 210, 214, 215, 224, 234, 241 ], 
      [ 7, 14, 15, 24, 30, 31, 36, 73, 83, 87, 88, 94, 99, 114, 134, 135, 142, 145, 150, 151, 157, 163, 176, 203, 
          209, 210, 214, 224, 226 ], [ 22, 53, 54, 73, 76, 80, 88, 94, 95, 100, 107, 117, 120, 125, 133, 148, 149, 
          150, 153, 157, 158, 184, 203, 216, 217, 221, 224, 247 ], 
      [ 7, 10, 17, 22, 23, 31, 54, 70, 73, 80, 83, 85, 86, 94, 100, 117, 120, 127, 137, 149, 150, 151, 152, 158, 
          200, 203, 210, 212, 213, 214, 215, 221, 224, 247 ], 
      [ 8, 11, 15, 23, 30, 37, 42, 71, 77, 78, 86, 87, 93, 104, 107, 108, 111, 118, 132, 133, 138, 153, 154, 203, 
          204, 207, 214, 217, 221, 222, 234 ], [ 8, 9, 16, 23, 24, 31, 38, 39, 45, 54, 57, 72, 79, 80, 87, 90, 94, 
          100, 107, 111, 114, 115, 120, 121, 122, 129, 135, 202, 203, 207, 210, 217, 227 ], 
      [ 23, 69, 70, 77, 80, 89, 90, 94, 95, 97, 98, 100, 120, 121, 128, 129, 134, 135, 150, 151, 153, 154, 158, 184, 
          185, 196, 203, 207, 210, 217, 218, 225, 227, 234, 241, 248, 249, 256 ], 
      [ 7, 57, 70, 73, 80, 88, 91, 94, 95, 100, 115, 120, 121, 122, 128, 134, 150, 153, 158, 184, 196, 203, 217, 
          218, 221, 224 ], [ 6, 7, 22, 23, 24, 25, 31, 32, 37, 42, 54, 57, 69, 76, 87, 88, 90, 91, 94, 95, 100, 105, 
          120, 121, 133, 134, 149, 150, 151, 152, 158, 159, 164, 169, 181, 184, 196, 203, 214, 215, 217, 218, 221, 
          222, 227, 232, 247, 248 ], [ 7, 8, 15, 16, 23, 30, 31, 37, 38, 57, 73, 79, 80, 90, 94, 100, 107, 134, 141, 
          142, 143, 144, 153, 157, 158, 164, 203, 207, 217 ], 
      [ 7, 8, 14, 23, 24, 31, 37, 38, 45, 57, 80, 87, 90, 94, 95, 100, 135, 136, 143, 144, 151, 154, 158, 164, 169, 
          203, 207, 217 ], [ 6, 14, 23, 24, 30, 37, 42, 57, 73, 77, 80, 87, 88, 95, 132, 133, 138, 139, 140, 151, 
          154, 157, 169, 203, 207, 214 ], [ 6, 14, 23, 29, 30, 37, 42, 43, 44, 57, 73, 77, 80, 87, 92, 107, 132, 
          133, 138, 139, 140, 153, 157, 170, 203, 207, 214 ], 
      [ 23, 24, 31, 37, 42, 54, 57, 80, 87, 90, 94, 95, 100, 133, 134, 135, 138, 141, 144, 150, 151, 158, 164, 169, 
          203, 207, 210, 217 ], [ 5, 6, 13, 14, 23, 24, 36, 37, 42, 43, 44, 54, 55, 57, 58, 73, 76, 77, 80, 107, 
          132, 138, 139, 150, 151, 153, 154, 157, 169, 170, 184, 185, 195, 203, 204, 207, 210, 214 ], 
      [ 10, 22, 25, 37, 52, 53, 54, 57, 73, 76, 87, 88, 94, 120, 133, 134, 137, 140, 144, 149, 150, 157, 158, 184, 
          203, 217, 221 ], [ 29, 30, 61, 73, 83, 87, 88, 93, 94, 99, 112, 113, 114, 124, 127, 132, 149, 150, 151, 
          152, 157, 160, 191, 203, 209, 210, 214, 223, 224, 254 ], 
      [ 10, 22, 25, 29, 30, 61, 73, 83, 87, 88, 93, 94, 99, 112, 113, 114, 124, 127, 132, 149, 150, 151, 152, 157, 
          203, 209, 210, 214, 223, 224, 254 ], [ 5, 6, 20, 29, 30, 36, 37, 42, 49, 50, 51, 61, 80, 83, 92, 95, 114, 
          133, 138, 139, 140, 146, 147, 150, 157, 158, 169, 170, 177, 203, 207, 210, 221, 222 ], 
      [ 11, 12, 30, 36, 37, 42, 45, 61, 72, 75, 79, 80, 87, 94, 108, 111, 132, 139, 140, 147, 153, 154, 157, 160, 
          163, 203, 207, 210, 221, 222 ], [ 1, 2, 9, 16, 24, 30, 31, 45, 57, 61, 64, 72, 79, 80, 87, 90, 94, 99, 
          107, 108, 111, 114, 120, 121, 127, 157, 194, 207, 217, 219, 220, 221, 222, 223, 224, 225 ], 
      [ 11, 12, 30, 36, 37, 42, 45, 61, 80, 87, 94, 108, 111, 132, 138, 139, 145, 153, 154, 157, 160, 163, 203, 207, 
          210, 221, 222 ], [ 1, 2, 24, 30, 31, 45, 57, 61, 64, 80, 87, 90, 94, 99, 107, 108, 111, 114, 121, 122, 
          129, 157, 207, 217, 221, 222, 224, 225 ], 
      [ 14, 17, 31, 32, 36, 37, 45, 46, 49, 61, 62, 76, 80, 83, 94, 95, 99, 100, 107, 112, 113, 114, 125, 128, 141, 
          142, 195, 196, 203, 204, 205, 206, 207, 208, 209, 210, 221, 239 ], 
      [ 7, 23, 24, 54, 69, 70, 73, 76, 80, 83, 87, 88, 95, 100, 105, 120, 121, 135, 150, 151, 196, 201, 202, 203, 
          210, 214, 217, 232 ], [ 6, 7, 22, 23, 37, 69, 74, 80, 86, 89, 100, 105, 106, 107, 111, 114, 120, 133, 138, 
          144, 150, 153, 201, 202, 206, 207, 209, 210, 216, 221, 233, 240, 241 ], 
      [ 6, 13, 21, 22, 29, 37, 44, 52, 57, 73, 86, 87, 117, 118, 131, 132, 139, 140, 147, 153, 154, 156, 157, 160, 
          170, 184, 185, 191, 202, 214, 217, 220, 221, 233, 248 ], 
      [ 8, 11, 23, 24, 31, 38, 39, 45, 54, 69, 74, 75, 76, 80, 83, 87, 90, 94, 95, 100, 101, 108, 111, 126, 138, 
          196, 201, 202, 203, 210, 217, 227 ], [ 24, 30, 31, 37, 42, 45, 57, 80, 87, 90, 94, 95, 100, 107, 138, 139, 
          141, 142, 151, 154, 157, 158, 164, 169, 202, 203, 207, 217 ], 
      [ 10, 22, 25, 29, 30, 61, 68, 73, 76, 83, 85, 88, 92, 93, 99, 112, 124, 127, 151, 152, 157, 158, 203, 209, 
          210, 214, 215, 220, 221, 223, 224, 254 ], 
      [ 7, 22, 23, 69, 70, 85, 86, 87, 88, 95, 118, 121, 132, 133, 138, 141, 150, 153, 156, 157, 158, 159, 195, 196, 
          201, 210, 216, 217, 221, 222, 224, 225, 248, 255 ], 
      [ 8, 14, 15, 23, 30, 71, 74, 77, 78, 86, 93, 94, 100, 107, 111, 114, 125, 126, 132, 133, 138, 141, 157, 158, 
          195, 196, 201, 210, 217, 221, 224, 241 ], [ 1, 2, 14, 23, 29, 30, 67, 68, 72, 73, 77, 80, 83, 86, 87, 92, 
          93, 96, 99, 114, 127, 130, 131, 150, 151, 156, 157, 160, 191, 194, 210, 214, 217, 223, 224, 225, 241, 248, 
          254, 255, 256 ], [ 6, 7, 14, 17, 22, 23, 29, 37, 54, 76, 80, 86, 87, 94, 117, 120, 133, 140, 144, 147, 
          150, 153, 156, 157, 158, 159, 184, 217, 221 ], 
      [ 7, 14, 17, 22, 23, 29, 54, 80, 83, 86, 87, 94, 114, 117, 120, 127, 128, 144, 147, 150, 156, 157, 158, 159, 
          210, 221, 224, 255 ], [ 2, 29, 54, 73, 80, 83, 87, 88, 92, 95, 99, 114, 117, 118, 120, 121, 127, 150, 151, 
          156, 157, 194, 210, 214, 217, 223, 224, 225, 254 ], 
      [ 7, 8, 14, 17, 23, 32, 36, 38, 45, 71, 80, 83, 86, 87, 94, 95, 99, 114, 135, 138, 146, 147, 150, 151, 158, 
          161, 163, 178, 209, 224 ], [ 5, 7, 10, 14, 22, 29, 36, 68, 73, 76, 83, 86, 87, 93, 99, 106, 107, 112, 113, 
          114, 127, 132, 137, 141, 144, 147, 156, 157, 209, 210, 214, 220, 221, 240 ], 
      [ 8, 11, 15, 23, 26, 30, 37, 71, 77, 78, 86, 87, 93, 104, 107, 108, 111, 118, 121, 132, 133, 138, 141, 153, 
          154, 204, 207, 214, 217, 221, 234 ], [ 14, 23, 30, 31, 77, 80, 94, 95, 97, 98, 128, 129, 134, 135, 141, 
          144, 150, 151, 153, 154, 158, 161, 184, 185, 192, 207, 210, 217, 224, 225, 241, 248, 255, 256 ], 
      [ 7, 8, 23, 24, 38, 70, 73, 80, 87, 90, 99, 100, 101, 114, 120, 121, 134, 135, 141, 144, 150, 151, 207, 210, 
          217, 224, 226, 241 ], [ 23, 69, 70, 77, 85, 86, 92, 95, 100, 107, 118, 121, 125, 126, 133, 138, 150, 153, 
          157, 158, 196, 203, 210, 217, 221, 222, 248 ], 
      [ 22, 69, 76, 84, 85, 88, 91, 94, 95, 100, 107, 115, 120, 121, 122, 125, 128, 133, 134, 149, 150, 157, 158, 
          196, 203, 209, 210, 221, 224, 240, 255 ], [ 7, 14, 15, 30, 68, 70, 73, 77, 87, 88, 94, 99, 114, 134, 135, 
          142, 145, 150, 151, 157, 195, 203, 208, 209, 210, 214, 224, 234, 241 ], 
      [ 30, 70, 77, 80, 84, 85, 92, 93, 110, 111, 113, 114, 115, 120, 127, 128, 143, 144, 148, 149, 150, 153, 157, 
          158, 203, 207, 210, 211, 218, 224, 225, 255 ], 
      [ 23, 69, 70, 77, 86, 87, 94, 95, 100, 107, 118, 121, 125, 126, 133, 138, 150, 153, 157, 158, 196, 203, 207, 
          210, 221, 222, 234, 241 ], [ 7, 23, 24, 37, 42, 54, 57, 73, 76, 80, 87, 88, 95, 100, 133, 134, 135, 138, 
          141, 144, 150, 151, 158, 169, 203, 207, 210 ], 
      [ 6, 7, 14, 15, 16, 17, 30, 31, 37, 38, 45, 46, 47, 48, 61, 62, 69, 76, 80, 83, 100, 107, 111, 114, 133, 138, 
          142, 143, 145, 146, 157, 158, 164, 169, 173, 174, 176, 177, 188, 189, 196, 203, 209, 210, 227, 234, 240, 
          241 ], [ 7, 68, 69, 70, 73, 76, 83, 87, 88, 99, 100, 105, 106, 107, 114, 118, 121, 132, 134, 135, 141, 
          150, 151, 195, 201, 202, 208, 209, 210, 214, 217, 224, 232, 233, 239, 240, 248, 255 ], 
      [ 7, 10, 25, 38, 73, 76, 83, 87, 88, 99, 100, 105, 106, 107, 114, 118, 121, 132, 134, 135, 141, 150, 151, 195, 
          201, 202, 208, 209, 210, 214, 217, 224, 232, 239 ], 
      [ 14, 23, 24, 37, 42, 45, 54, 57, 73, 76, 80, 87, 88, 95, 100, 107, 135, 138, 141, 142, 151, 169, 202, 203, 
          207, 210, 217 ], [ 7, 8, 14, 17, 23, 24, 26, 27, 31, 32, 48, 58, 59, 63, 66, 70, 71, 77, 80, 86, 87, 89, 
          90, 94, 95, 111, 121, 122, 126, 129, 141, 142, 153, 157, 158, 160, 161, 192, 193, 204, 205, 216, 220, 221, 
          223, 224, 255, 256 ], [ 5, 7, 22, 23, 30, 31, 36, 49, 62, 65, 68, 70, 85, 88, 94, 95, 99, 114, 125, 128, 
          132, 133, 134, 145, 150, 151, 158, 176, 177, 192, 195, 196, 197, 210, 214, 215, 221, 240, 241, 255 ], 
      [ 2, 22, 23, 29, 54, 67, 73, 85, 86, 87, 88, 92, 117, 118, 120, 121, 127, 131, 150, 151, 156, 157, 160, 191, 
          194, 210, 214, 217, 223, 224, 225, 248, 254, 255 ], 
      [ 7, 10, 17, 25, 31, 32, 36, 38, 49, 61, 73, 80, 83, 88, 94, 95, 99, 112, 113, 114, 132, 133, 134, 145, 146, 
          147, 149, 150, 151, 152, 158, 161, 176, 209, 210, 224 ], 
      [ 1, 2, 30, 61, 72, 79, 80, 87, 90, 93, 94, 108, 111, 120, 121, 123, 124, 127, 130, 131, 141, 144, 153, 154, 
          156, 157, 160, 194, 203, 207, 210, 217, 218, 225 ], 
      [ 7, 10, 14, 17, 25, 31, 32, 37, 38, 45, 46, 61, 62, 73, 76, 80, 88, 91, 94, 95, 100, 107, 121, 122, 125, 128, 
          141, 142, 195, 196, 203, 204, 205, 206, 207, 208, 209, 210, 221, 224, 239 ], 
      [ 2, 29, 73, 80, 83, 87, 88, 92, 95, 99, 114, 117, 118, 120, 121, 127, 132, 141, 144, 147, 156, 157, 209, 210, 
          214, 220, 221, 223, 224, 254 ], [ 7, 14, 22, 23, 29, 54, 57, 69, 70, 77, 85, 92, 95, 100, 107, 121, 122, 
          126, 138, 150, 196, 203, 207, 210, 214, 217, 221, 222, 248 ], 
      [ 7, 14, 22, 29, 30, 61, 70, 77, 80, 84, 85, 92, 110, 111, 113, 114, 115, 120, 127, 128, 148, 149, 150, 153, 
          157, 158, 203, 207, 211, 218, 221, 224, 255 ], 
      [ 6, 7, 8, 11, 14, 15, 16, 17, 31, 32, 37, 38, 39, 42, 45, 46, 47, 48, 62, 63, 69, 74, 75, 76, 79, 80, 82, 83, 
          94, 95, 100, 105, 106, 107, 110, 111, 113, 114, 125, 126, 132, 133, 138, 141, 142, 145, 156, 157, 158, 
          159, 163, 164, 169, 172, 173, 176, 187, 188, 189, 190, 195, 196, 201, 208, 209, 210, 221, 222, 224, 225, 
          226, 227, 232, 239, 240, 241, 252, 253, 255, 256 ], 
      [ 1, 23, 72, 73, 84, 85, 86, 87, 88, 89, 90, 91, 92, 115, 120, 121, 122, 130, 131, 136, 139, 141, 142, 143, 
          144, 153, 154, 156, 157, 160, 170, 184, 185, 191, 194, 202, 203, 207, 210, 217, 218, 225, 233, 234, 241, 
          248, 249, 256 ], [ 7, 14, 22, 23, 29, 54, 57, 69, 70, 77, 85, 92, 95, 100, 107, 121, 125, 126, 133, 138, 
          150, 153, 157, 158, 196, 203, 207, 210, 221, 222, 248 ], 
      [ 6, 11, 23, 24, 26, 27, 30, 37, 42, 54, 55, 57, 58, 61, 69, 76, 87, 88, 90, 91, 100, 107, 118, 119, 121, 122, 
          132, 133, 138, 139, 140, 141, 142, 145, 151, 154, 157, 158, 163, 164, 169, 170, 171, 172, 173, 176, 182, 
          185, 188, 189, 203, 234 ], [ 4, 5, 6, 7, 8, 11, 14, 17, 20, 21, 22, 23, 26, 29, 32, 35, 39, 40, 42, 43, 
          47, 48, 50, 51, 54, 55, 57, 58, 62, 63, 65, 66, 67, 68, 69, 70, 71, 74, 77, 80, 83, 84, 85, 86, 89, 92, 
          95, 98, 102, 103, 105, 106, 110, 111, 113, 114, 117, 118, 120, 121, 125, 126, 128, 129, 131, 132, 133, 
          134, 135, 138, 141, 144, 147, 148, 149, 150, 153, 156, 159, 162, 166, 167, 169, 170, 174, 175, 177, 178, 
          181, 182, 184, 185, 189, 190, 192, 193, 194, 195, 196, 197, 198, 201, 204, 207, 210, 211, 212, 213, 216, 
          219, 222, 225, 229, 230, 232, 233, 237, 238, 240, 241, 244, 245, 247, 248, 252, 253, 255, 256 ], 
      [ 10, 22, 29, 30, 37, 52, 57, 61, 73, 76, 87, 94, 120, 121, 137, 140, 149, 152, 156, 157, 179, 184, 203, 214, 
          217, 221, 248 ], [ 10, 22, 25, 29, 37, 52, 57, 61, 73, 76, 87, 88, 94, 120, 121, 137, 140, 149, 152, 156, 
          157, 184, 203, 214, 217, 221 ], [ 2, 23, 67, 73, 77, 86, 87, 92, 121, 127, 131, 141, 150, 151, 156, 157, 
          160, 194, 200, 207, 210, 214, 217, 225, 248 ], 
      [ 23, 26, 69, 70, 77, 86, 87, 94, 95, 100, 107, 121, 122, 126, 138, 153, 196, 203, 207, 214, 217, 221, 222, 
          234 ], [ 23, 34, 36, 37, 49, 70, 73, 83, 87, 88, 94, 97, 114, 134, 135, 145, 146, 158, 161, 163, 176, 200, 
          207, 210, 221 ], [ 23, 34, 36, 37, 49, 64, 70, 73, 83, 87, 88, 94, 97, 114, 134, 145, 146, 158, 161, 163, 
          176, 200, 207, 210, 221 ], [ 8, 18, 23, 34, 36, 37, 49, 70, 73, 83, 87, 94, 97, 114, 134, 135, 145, 146, 
          158, 161, 163, 200, 207, 210, 221 ], [ 7, 23, 34, 36, 37, 49, 64, 70, 73, 83, 88, 94, 97, 114, 134, 135, 
          145, 146, 158, 161, 176, 200, 207, 210, 221 ], 
      [ 8, 11, 14, 15, 23, 26, 30, 37, 71, 77, 78, 86, 87, 93, 94, 107, 111, 121, 133, 138, 141, 153, 204, 207, 214, 
          217, 221, 234 ] ],
  eRec := rec(
      GRA := rec(
          adjacencies := [ [ 2, 3, 4, 5, 6, 7, 8, 9 ], [ 1, 6, 7, 8, 9 ], [ 1, 6, 7, 8, 9 ], [ 1, 6, 7, 8, 9 ], 
              [ 1, 6, 7, 8, 9 ], [ 1, 2, 3, 4, 5 ], [ 1, 2, 3, 4, 5 ], [ 1, 2, 3, 4, 5 ], [ 1, 2, 3, 4, 5 ] ],
          group := Group( [ () ] ),
          isGraph := true,
          order := 9,
          representatives := [ 1, 2, 3, 4, 5, 6, 7, 8, 9 ],
          schreierVector := [ -1, -2, -3, -4, -5, -6, -7, -8, -9 ] ),
      ListEdges := [ [ 1, 2 ], [ 1, 3 ], [ 1, 4 ], [ 1, 5 ], [ 1, 6 ], [ 1, 7 ], [ 1, 8 ], [ 1, 9 ], [ 2, 6 ], 
          [ 2, 7 ], [ 2, 8 ], [ 2, 9 ], [ 3, 6 ], [ 3, 7 ], [ 3, 8 ], [ 3, 9 ], [ 4, 6 ], [ 4, 7 ], [ 4, 8 ], 
          [ 4, 9 ], [ 5, 6 ], [ 5, 7 ], [ 5, 8 ], [ 5, 9 ] ],
      ListSet := [ [  ], [ 1 ], [ 1, 2 ], [ 1, 2, 3 ], [ 1, 2, 3, 4 ], [ 1, 2, 3, 4, 5 ], [ 1, 2, 3, 4, 5, 6 ], 
          [ 1, 2, 3, 4, 5, 6, 7 ], [ 1, 2, 3, 4, 5, 6, 7, 8 ], [ 1, 2, 3, 4, 5, 6, 8 ], [ 1, 2, 3, 4, 5, 7 ], 
          [ 1, 2, 3, 4, 5, 7, 8 ], [ 1, 2, 3, 4, 5, 8 ], [ 1, 2, 3, 4, 6 ], [ 1, 2, 3, 4, 6, 7 ], 
          [ 1, 2, 3, 4, 6, 7, 8 ], [ 1, 2, 3, 4, 6, 8 ], [ 1, 2, 3, 4, 7 ], [ 1, 2, 3, 4, 7, 8 ], [ 1, 2, 3, 4, 8 ], 
          [ 1, 2, 3, 5 ], [ 1, 2, 3, 5, 6 ], [ 1, 2, 3, 5, 6, 7 ], [ 1, 2, 3, 5, 6, 7, 8 ], [ 1, 2, 3, 5, 6, 8 ], 
          [ 1, 2, 3, 5, 7 ], [ 1, 2, 3, 5, 7, 8 ], [ 1, 2, 3, 5, 8 ], [ 1, 2, 3, 6 ], [ 1, 2, 3, 6, 7 ], 
          [ 1, 2, 3, 6, 7, 8 ], [ 1, 2, 3, 6, 8 ], [ 1, 2, 3, 7 ], [ 1, 2, 3, 7, 8 ], [ 1, 2, 3, 8 ], [ 1, 2, 4 ], 
          [ 1, 2, 4, 5 ], [ 1, 2, 4, 5, 6 ], [ 1, 2, 4, 5, 6, 7 ], [ 1, 2, 4, 5, 6, 7, 8 ], [ 1, 2, 4, 5, 6, 8 ], 
          [ 1, 2, 4, 5, 7 ], [ 1, 2, 4, 5, 7, 8 ], [ 1, 2, 4, 5, 8 ], [ 1, 2, 4, 6 ], [ 1, 2, 4, 6, 7 ], 
          [ 1, 2, 4, 6, 7, 8 ], [ 1, 2, 4, 6, 8 ], [ 1, 2, 4, 7 ], [ 1, 2, 4, 7, 8 ], [ 1, 2, 4, 8 ], [ 1, 2, 5 ], 
          [ 1, 2, 5, 6 ], [ 1, 2, 5, 6, 7 ], [ 1, 2, 5, 6, 7, 8 ], [ 1, 2, 5, 6, 8 ], [ 1, 2, 5, 7 ], 
          [ 1, 2, 5, 7, 8 ], [ 1, 2, 5, 8 ], [ 1, 2, 6 ], [ 1, 2, 6, 7 ], [ 1, 2, 6, 7, 8 ], [ 1, 2, 6, 8 ], 
          [ 1, 2, 7 ], [ 1, 2, 7, 8 ], [ 1, 2, 8 ], [ 1, 3 ], [ 1, 3, 4 ], [ 1, 3, 4, 5 ], [ 1, 3, 4, 5, 6 ], 
          [ 1, 3, 4, 5, 6, 7 ], [ 1, 3, 4, 5, 6, 7, 8 ], [ 1, 3, 4, 5, 6, 8 ], [ 1, 3, 4, 5, 7 ], 
          [ 1, 3, 4, 5, 7, 8 ], [ 1, 3, 4, 5, 8 ], [ 1, 3, 4, 6 ], [ 1, 3, 4, 6, 7 ], [ 1, 3, 4, 6, 7, 8 ], 
          [ 1, 3, 4, 6, 8 ], [ 1, 3, 4, 7 ], [ 1, 3, 4, 7, 8 ], [ 1, 3, 4, 8 ], [ 1, 3, 5 ], [ 1, 3, 5, 6 ], 
          [ 1, 3, 5, 6, 7 ], [ 1, 3, 5, 6, 7, 8 ], [ 1, 3, 5, 6, 8 ], [ 1, 3, 5, 7 ], [ 1, 3, 5, 7, 8 ], 
          [ 1, 3, 5, 8 ], [ 1, 3, 6 ], [ 1, 3, 6, 7 ], [ 1, 3, 6, 7, 8 ], [ 1, 3, 6, 8 ], [ 1, 3, 7 ], 
          [ 1, 3, 7, 8 ], [ 1, 3, 8 ], [ 1, 4 ], [ 1, 4, 5 ], [ 1, 4, 5, 6 ], [ 1, 4, 5, 6, 7 ], 
          [ 1, 4, 5, 6, 7, 8 ], [ 1, 4, 5, 6, 8 ], [ 1, 4, 5, 7 ], [ 1, 4, 5, 7, 8 ], [ 1, 4, 5, 8 ], [ 1, 4, 6 ], 
          [ 1, 4, 6, 7 ], [ 1, 4, 6, 7, 8 ], [ 1, 4, 6, 8 ], [ 1, 4, 7 ], [ 1, 4, 7, 8 ], [ 1, 4, 8 ], [ 1, 5 ], 
          [ 1, 5, 6 ], [ 1, 5, 6, 7 ], [ 1, 5, 6, 7, 8 ], [ 1, 5, 6, 8 ], [ 1, 5, 7 ], [ 1, 5, 7, 8 ], [ 1, 5, 8 ], 
          [ 1, 6 ], [ 1, 6, 7 ], [ 1, 6, 7, 8 ], [ 1, 6, 8 ], [ 1, 7 ], [ 1, 7, 8 ], [ 1, 8 ], [ 2 ], [ 2, 3 ], 
          [ 2, 3, 4 ], [ 2, 3, 4, 5 ], [ 2, 3, 4, 5, 6 ], [ 2, 3, 4, 5, 6, 7 ], [ 2, 3, 4, 5, 6, 7, 8 ], 
          [ 2, 3, 4, 5, 6, 8 ], [ 2, 3, 4, 5, 7 ], [ 2, 3, 4, 5, 7, 8 ], [ 2, 3, 4, 5, 8 ], [ 2, 3, 4, 6 ], 
          [ 2, 3, 4, 6, 7 ], [ 2, 3, 4, 6, 7, 8 ], [ 2, 3, 4, 6, 8 ], [ 2, 3, 4, 7 ], [ 2, 3, 4, 7, 8 ], 
          [ 2, 3, 4, 8 ], [ 2, 3, 5 ], [ 2, 3, 5, 6 ], [ 2, 3, 5, 6, 7 ], [ 2, 3, 5, 6, 7, 8 ], [ 2, 3, 5, 6, 8 ], 
          [ 2, 3, 5, 7 ], [ 2, 3, 5, 7, 8 ], [ 2, 3, 5, 8 ], [ 2, 3, 6 ], [ 2, 3, 6, 7 ], [ 2, 3, 6, 7, 8 ], 
          [ 2, 3, 6, 8 ], [ 2, 3, 7 ], [ 2, 3, 7, 8 ], [ 2, 3, 8 ], [ 2, 4 ], [ 2, 4, 5 ], [ 2, 4, 5, 6 ], 
          [ 2, 4, 5, 6, 7 ], [ 2, 4, 5, 6, 7, 8 ], [ 2, 4, 5, 6, 8 ], [ 2, 4, 5, 7 ], [ 2, 4, 5, 7, 8 ], 
          [ 2, 4, 5, 8 ], [ 2, 4, 6 ], [ 2, 4, 6, 7 ], [ 2, 4, 6, 7, 8 ], [ 2, 4, 6, 8 ], [ 2, 4, 7 ], 
          [ 2, 4, 7, 8 ], [ 2, 4, 8 ], [ 2, 5 ], [ 2, 5, 6 ], [ 2, 5, 6, 7 ], [ 2, 5, 6, 7, 8 ], [ 2, 5, 6, 8 ], 
          [ 2, 5, 7 ], [ 2, 5, 7, 8 ], [ 2, 5, 8 ], [ 2, 6 ], [ 2, 6, 7 ], [ 2, 6, 7, 8 ], [ 2, 6, 8 ], [ 2, 7 ], 
          [ 2, 7, 8 ], [ 2, 8 ], [ 3 ], [ 3, 4 ], [ 3, 4, 5 ], [ 3, 4, 5, 6 ], [ 3, 4, 5, 6, 7 ], 
          [ 3, 4, 5, 6, 7, 8 ], [ 3, 4, 5, 6, 8 ], [ 3, 4, 5, 7 ], [ 3, 4, 5, 7, 8 ], [ 3, 4, 5, 8 ], [ 3, 4, 6 ], 
          [ 3, 4, 6, 7 ], [ 3, 4, 6, 7, 8 ], [ 3, 4, 6, 8 ], [ 3, 4, 7 ], [ 3, 4, 7, 8 ], [ 3, 4, 8 ], [ 3, 5 ], 
          [ 3, 5, 6 ], [ 3, 5, 6, 7 ], [ 3, 5, 6, 7, 8 ], [ 3, 5, 6, 8 ], [ 3, 5, 7 ], [ 3, 5, 7, 8 ], [ 3, 5, 8 ], 
          [ 3, 6 ], [ 3, 6, 7 ], [ 3, 6, 7, 8 ], [ 3, 6, 8 ], [ 3, 7 ], [ 3, 7, 8 ], [ 3, 8 ], [ 4 ], [ 4, 5 ], 
          [ 4, 5, 6 ], [ 4, 5, 6, 7 ], [ 4, 5, 6, 7, 8 ], [ 4, 5, 6, 8 ], [ 4, 5, 7 ], [ 4, 5, 7, 8 ], [ 4, 5, 8 ], 
          [ 4, 6 ], [ 4, 6, 7 ], [ 4, 6, 7, 8 ], [ 4, 6, 8 ], [ 4, 7 ], [ 4, 7, 8 ], [ 4, 8 ], [ 5 ], [ 5, 6 ], 
          [ 5, 6, 7 ], [ 5, 6, 7, 8 ], [ 5, 6, 8 ], [ 5, 7 ], [ 5, 7, 8 ], [ 5, 8 ], [ 6 ], [ 6, 7 ], [ 6, 7, 8 ], 
          [ 6, 8 ], [ 7 ], [ 7, 8 ], [ 8 ] ],
      ListVect := [ [ 1, 0, 0, 0, 0, 0, 0, 0, 0, 0, 0, 0, 0, 0, 0, 0, 0, 0, 0, 0, 0, 0, 0, 0, 0 ], 
          [ 1, 1, 1, 1, 1, 1, 1, 1, 1, 0, 0, 0, 0, 0, 0, 0, 0, 0, 0, 0, 0, 0, 0, 0, 0 ], 
          [ 1, 0, 1, 1, 1, 1, 1, 1, 1, 1, 1, 1, 1, 0, 0, 0, 0, 0, 0, 0, 0, 0, 0, 0, 0 ], 
          [ 1, 0, 0, 1, 1, 1, 1, 1, 1, 1, 1, 1, 1, 1, 1, 1, 1, 0, 0, 0, 0, 0, 0, 0, 0 ], 
          [ 1, 0, 0, 0, 1, 1, 1, 1, 1, 1, 1, 1, 1, 1, 1, 1, 1, 1, 1, 1, 1, 0, 0, 0, 0 ], 
          [ 1, 0, 0, 0, 0, 1, 1, 1, 1, 1, 1, 1, 1, 1, 1, 1, 1, 1, 1, 1, 1, 1, 1, 1, 1 ], 
          [ 1, 0, 0, 0, 0, 0, 1, 1, 1, 0, 1, 1, 1, 0, 1, 1, 1, 0, 1, 1, 1, 0, 1, 1, 1 ], 
          [ 1, 0, 0, 0, 0, 0, 0, 1, 1, 0, 0, 1, 1, 0, 0, 1, 1, 0, 0, 1, 1, 0, 0, 1, 1 ], 
          [ 1, 0, 0, 0, 0, 0, 0, 0, 1, 0, 0, 0, 1, 0, 0, 0, 1, 0, 0, 0, 1, 0, 0, 0, 1 ], 
          [ 1, 0, 0, 0, 0, 0, 1, 0, 1, 0, 1, 0, 1, 0, 1, 0, 1, 0, 1, 0, 1, 0, 1, 0, 1 ], 
          [ 1, 0, 0, 0, 0, 1, 0, 1, 1, 1, 0, 1, 1, 1, 0, 1, 1, 1, 0, 1, 1, 1, 0, 1, 1 ], 
          [ 1, 0, 0, 0, 0, 1, 0, 0, 1, 1, 0, 0, 1, 1, 0, 0, 1, 1, 0, 0, 1, 1, 0, 0, 1 ], 
          [ 1, 0, 0, 0, 0, 1, 1, 0, 1, 1, 1, 0, 1, 1, 1, 0, 1, 1, 1, 0, 1, 1, 1, 0, 1 ], 
          [ 1, 0, 0, 0, 1, 0, 1, 1, 1, 0, 1, 1, 1, 0, 1, 1, 1, 0, 1, 1, 1, 1, 0, 0, 0 ], 
          [ 1, 0, 0, 0, 1, 0, 0, 1, 1, 0, 0, 1, 1, 0, 0, 1, 1, 0, 0, 1, 1, 1, 1, 0, 0 ], 
          [ 1, 0, 0, 0, 1, 0, 0, 0, 1, 0, 0, 0, 1, 0, 0, 0, 1, 0, 0, 0, 1, 1, 1, 1, 0 ], 
          [ 1, 0, 0, 0, 1, 0, 1, 0, 1, 0, 1, 0, 1, 0, 1, 0, 1, 0, 1, 0, 1, 1, 0, 1, 0 ], 
          [ 1, 0, 0, 0, 1, 1, 0, 1, 1, 1, 0, 1, 1, 1, 0, 1, 1, 1, 0, 1, 1, 0, 1, 0, 0 ], 
          [ 1, 0, 0, 0, 1, 1, 0, 0, 1, 1, 0, 0, 1, 1, 0, 0, 1, 1, 0, 0, 1, 0, 1, 1, 0 ], 
          [ 1, 0, 0, 0, 1, 1, 1, 0, 1, 1, 1, 0, 1, 1, 1, 0, 1, 1, 1, 0, 1, 0, 0, 1, 0 ], 
          [ 1, 0, 0, 1, 0, 1, 1, 1, 1, 1, 1, 1, 1, 1, 1, 1, 1, 0, 0, 0, 0, 1, 1, 1, 1 ], 
          [ 1, 0, 0, 1, 0, 0, 1, 1, 1, 0, 1, 1, 1, 0, 1, 1, 1, 1, 0, 0, 0, 0, 1, 1, 1 ], 
          [ 1, 0, 0, 1, 0, 0, 0, 1, 1, 0, 0, 1, 1, 0, 0, 1, 1, 1, 1, 0, 0, 0, 0, 1, 1 ], 
          [ 1, 0, 0, 1, 0, 0, 0, 0, 1, 0, 0, 0, 1, 0, 0, 0, 1, 1, 1, 1, 0, 0, 0, 0, 1 ], 
          [ 1, 0, 0, 1, 0, 0, 1, 0, 1, 0, 1, 0, 1, 0, 1, 0, 1, 1, 0, 1, 0, 0, 1, 0, 1 ], 
          [ 1, 0, 0, 1, 0, 1, 0, 1, 1, 1, 0, 1, 1, 1, 0, 1, 1, 0, 1, 0, 0, 1, 0, 1, 1 ], 
          [ 1, 0, 0, 1, 0, 1, 0, 0, 1, 1, 0, 0, 1, 1, 0, 0, 1, 0, 1, 1, 0, 1, 0, 0, 1 ], 
          [ 1, 0, 0, 1, 0, 1, 1, 0, 1, 1, 1, 0, 1, 1, 1, 0, 1, 0, 0, 1, 0, 1, 1, 0, 1 ], 
          [ 1, 0, 0, 1, 1, 0, 1, 1, 1, 0, 1, 1, 1, 0, 1, 1, 1, 1, 0, 0, 0, 1, 0, 0, 0 ], 
          [ 1, 0, 0, 1, 1, 0, 0, 1, 1, 0, 0, 1, 1, 0, 0, 1, 1, 1, 1, 0, 0, 1, 1, 0, 0 ], 
          [ 1, 0, 0, 1, 1, 0, 0, 0, 1, 0, 0, 0, 1, 0, 0, 0, 1, 1, 1, 1, 0, 1, 1, 1, 0 ], 
          [ 1, 0, 0, 1, 1, 0, 1, 0, 1, 0, 1, 0, 1, 0, 1, 0, 1, 1, 0, 1, 0, 1, 0, 1, 0 ], 
          [ 1, 0, 0, 1, 1, 1, 0, 1, 1, 1, 0, 1, 1, 1, 0, 1, 1, 0, 1, 0, 0, 0, 1, 0, 0 ], 
          [ 1, 0, 0, 1, 1, 1, 0, 0, 1, 1, 0, 0, 1, 1, 0, 0, 1, 0, 1, 1, 0, 0, 1, 1, 0 ], 
          [ 1, 0, 0, 1, 1, 1, 1, 0, 1, 1, 1, 0, 1, 1, 1, 0, 1, 0, 0, 1, 0, 0, 0, 1, 0 ], 
          [ 1, 0, 1, 0, 1, 1, 1, 1, 1, 1, 1, 1, 1, 0, 0, 0, 0, 1, 1, 1, 1, 0, 0, 0, 0 ], 
          [ 1, 0, 1, 0, 0, 1, 1, 1, 1, 1, 1, 1, 1, 0, 0, 0, 0, 1, 1, 1, 1, 1, 1, 1, 1 ], 
          [ 1, 0, 1, 0, 0, 0, 1, 1, 1, 0, 1, 1, 1, 1, 0, 0, 0, 0, 1, 1, 1, 0, 1, 1, 1 ], 
          [ 1, 0, 1, 0, 0, 0, 0, 1, 1, 0, 0, 1, 1, 1, 1, 0, 0, 0, 0, 1, 1, 0, 0, 1, 1 ], 
          [ 1, 0, 1, 0, 0, 0, 0, 0, 1, 0, 0, 0, 1, 1, 1, 1, 0, 0, 0, 0, 1, 0, 0, 0, 1 ], 
          [ 1, 0, 1, 0, 0, 0, 1, 0, 1, 0, 1, 0, 1, 1, 0, 1, 0, 0, 1, 0, 1, 0, 1, 0, 1 ], 
          [ 1, 0, 1, 0, 0, 1, 0, 1, 1, 1, 0, 1, 1, 0, 1, 0, 0, 1, 0, 1, 1, 1, 0, 1, 1 ], 
          [ 1, 0, 1, 0, 0, 1, 0, 0, 1, 1, 0, 0, 1, 0, 1, 1, 0, 1, 0, 0, 1, 1, 0, 0, 1 ], 
          [ 1, 0, 1, 0, 0, 1, 1, 0, 1, 1, 1, 0, 1, 0, 0, 1, 0, 1, 1, 0, 1, 1, 1, 0, 1 ], 
          [ 1, 0, 1, 0, 1, 0, 1, 1, 1, 0, 1, 1, 1, 1, 0, 0, 0, 0, 1, 1, 1, 1, 0, 0, 0 ], 
          [ 1, 0, 1, 0, 1, 0, 0, 1, 1, 0, 0, 1, 1, 1, 1, 0, 0, 0, 0, 1, 1, 1, 1, 0, 0 ], 
          [ 1, 0, 1, 0, 1, 0, 0, 0, 1, 0, 0, 0, 1, 1, 1, 1, 0, 0, 0, 0, 1, 1, 1, 1, 0 ], 
          [ 1, 0, 1, 0, 1, 0, 1, 0, 1, 0, 1, 0, 1, 1, 0, 1, 0, 0, 1, 0, 1, 1, 0, 1, 0 ], 
          [ 1, 0, 1, 0, 1, 1, 0, 1, 1, 1, 0, 1, 1, 0, 1, 0, 0, 1, 0, 1, 1, 0, 1, 0, 0 ], 
          [ 1, 0, 1, 0, 1, 1, 0, 0, 1, 1, 0, 0, 1, 0, 1, 1, 0, 1, 0, 0, 1, 0, 1, 1, 0 ], 
          [ 1, 0, 1, 0, 1, 1, 1, 0, 1, 1, 1, 0, 1, 0, 0, 1, 0, 1, 1, 0, 1, 0, 0, 1, 0 ], 
          [ 1, 0, 1, 1, 0, 1, 1, 1, 1, 1, 1, 1, 1, 0, 0, 0, 0, 0, 0, 0, 0, 1, 1, 1, 1 ], 
          [ 1, 0, 1, 1, 0, 0, 1, 1, 1, 0, 1, 1, 1, 1, 0, 0, 0, 1, 0, 0, 0, 0, 1, 1, 1 ], 
          [ 1, 0, 1, 1, 0, 0, 0, 1, 1, 0, 0, 1, 1, 1, 1, 0, 0, 1, 1, 0, 0, 0, 0, 1, 1 ], 
          [ 1, 0, 1, 1, 0, 0, 0, 0, 1, 0, 0, 0, 1, 1, 1, 1, 0, 1, 1, 1, 0, 0, 0, 0, 1 ], 
          [ 1, 0, 1, 1, 0, 0, 1, 0, 1, 0, 1, 0, 1, 1, 0, 1, 0, 1, 0, 1, 0, 0, 1, 0, 1 ], 
          [ 1, 0, 1, 1, 0, 1, 0, 1, 1, 1, 0, 1, 1, 0, 1, 0, 0, 0, 1, 0, 0, 1, 0, 1, 1 ], 
          [ 1, 0, 1, 1, 0, 1, 0, 0, 1, 1, 0, 0, 1, 0, 1, 1, 0, 0, 1, 1, 0, 1, 0, 0, 1 ], 
          [ 1, 0, 1, 1, 0, 1, 1, 0, 1, 1, 1, 0, 1, 0, 0, 1, 0, 0, 0, 1, 0, 1, 1, 0, 1 ], 
          [ 1, 0, 1, 1, 1, 0, 1, 1, 1, 0, 1, 1, 1, 1, 0, 0, 0, 1, 0, 0, 0, 1, 0, 0, 0 ], 
          [ 1, 0, 1, 1, 1, 0, 0, 1, 1, 0, 0, 1, 1, 1, 1, 0, 0, 1, 1, 0, 0, 1, 1, 0, 0 ], 
          [ 1, 0, 1, 1, 1, 0, 0, 0, 1, 0, 0, 0, 1, 1, 1, 1, 0, 1, 1, 1, 0, 1, 1, 1, 0 ], 
          [ 1, 0, 1, 1, 1, 0, 1, 0, 1, 0, 1, 0, 1, 1, 0, 1, 0, 1, 0, 1, 0, 1, 0, 1, 0 ], 
          [ 1, 0, 1, 1, 1, 1, 0, 1, 1, 1, 0, 1, 1, 0, 1, 0, 0, 0, 1, 0, 0, 0, 1, 0, 0 ], 
          [ 1, 0, 1, 1, 1, 1, 0, 0, 1, 1, 0, 0, 1, 0, 1, 1, 0, 0, 1, 1, 0, 0, 1, 1, 0 ], 
          [ 1, 0, 1, 1, 1, 1, 1, 0, 1, 1, 1, 0, 1, 0, 0, 1, 0, 0, 0, 1, 0, 0, 0, 1, 0 ], 
          [ 1, 1, 0, 1, 1, 1, 1, 1, 1, 0, 0, 0, 0, 1, 1, 1, 1, 0, 0, 0, 0, 0, 0, 0, 0 ], 
          [ 1, 1, 0, 0, 1, 1, 1, 1, 1, 0, 0, 0, 0, 1, 1, 1, 1, 1, 1, 1, 1, 0, 0, 0, 0 ], 
          [ 1, 1, 0, 0, 0, 1, 1, 1, 1, 0, 0, 0, 0, 1, 1, 1, 1, 1, 1, 1, 1, 1, 1, 1, 1 ], 
          [ 1, 1, 0, 0, 0, 0, 1, 1, 1, 1, 0, 0, 0, 0, 1, 1, 1, 0, 1, 1, 1, 0, 1, 1, 1 ], 
          [ 1, 1, 0, 0, 0, 0, 0, 1, 1, 1, 1, 0, 0, 0, 0, 1, 1, 0, 0, 1, 1, 0, 0, 1, 1 ], 
          [ 1, 1, 0, 0, 0, 0, 0, 0, 1, 1, 1, 1, 0, 0, 0, 0, 1, 0, 0, 0, 1, 0, 0, 0, 1 ], 
          [ 1, 1, 0, 0, 0, 0, 1, 0, 1, 1, 0, 1, 0, 0, 1, 0, 1, 0, 1, 0, 1, 0, 1, 0, 1 ], 
          [ 1, 1, 0, 0, 0, 1, 0, 1, 1, 0, 1, 0, 0, 1, 0, 1, 1, 1, 0, 1, 1, 1, 0, 1, 1 ], 
          [ 1, 1, 0, 0, 0, 1, 0, 0, 1, 0, 1, 1, 0, 1, 0, 0, 1, 1, 0, 0, 1, 1, 0, 0, 1 ], 
          [ 1, 1, 0, 0, 0, 1, 1, 0, 1, 0, 0, 1, 0, 1, 1, 0, 1, 1, 1, 0, 1, 1, 1, 0, 1 ], 
          [ 1, 1, 0, 0, 1, 0, 1, 1, 1, 1, 0, 0, 0, 0, 1, 1, 1, 0, 1, 1, 1, 1, 0, 0, 0 ], 
          [ 1, 1, 0, 0, 1, 0, 0, 1, 1, 1, 1, 0, 0, 0, 0, 1, 1, 0, 0, 1, 1, 1, 1, 0, 0 ], 
          [ 1, 1, 0, 0, 1, 0, 0, 0, 1, 1, 1, 1, 0, 0, 0, 0, 1, 0, 0, 0, 1, 1, 1, 1, 0 ], 
          [ 1, 1, 0, 0, 1, 0, 1, 0, 1, 1, 0, 1, 0, 0, 1, 0, 1, 0, 1, 0, 1, 1, 0, 1, 0 ], 
          [ 1, 1, 0, 0, 1, 1, 0, 1, 1, 0, 1, 0, 0, 1, 0, 1, 1, 1, 0, 1, 1, 0, 1, 0, 0 ], 
          [ 1, 1, 0, 0, 1, 1, 0, 0, 1, 0, 1, 1, 0, 1, 0, 0, 1, 1, 0, 0, 1, 0, 1, 1, 0 ], 
          [ 1, 1, 0, 0, 1, 1, 1, 0, 1, 0, 0, 1, 0, 1, 1, 0, 1, 1, 1, 0, 1, 0, 0, 1, 0 ], 
          [ 1, 1, 0, 1, 0, 1, 1, 1, 1, 0, 0, 0, 0, 1, 1, 1, 1, 0, 0, 0, 0, 1, 1, 1, 1 ], 
          [ 1, 1, 0, 1, 0, 0, 1, 1, 1, 1, 0, 0, 0, 0, 1, 1, 1, 1, 0, 0, 0, 0, 1, 1, 1 ], 
          [ 1, 1, 0, 1, 0, 0, 0, 1, 1, 1, 1, 0, 0, 0, 0, 1, 1, 1, 1, 0, 0, 0, 0, 1, 1 ], 
          [ 1, 1, 0, 1, 0, 0, 0, 0, 1, 1, 1, 1, 0, 0, 0, 0, 1, 1, 1, 1, 0, 0, 0, 0, 1 ], 
          [ 1, 1, 0, 1, 0, 0, 1, 0, 1, 1, 0, 1, 0, 0, 1, 0, 1, 1, 0, 1, 0, 0, 1, 0, 1 ], 
          [ 1, 1, 0, 1, 0, 1, 0, 1, 1, 0, 1, 0, 0, 1, 0, 1, 1, 0, 1, 0, 0, 1, 0, 1, 1 ], 
          [ 1, 1, 0, 1, 0, 1, 0, 0, 1, 0, 1, 1, 0, 1, 0, 0, 1, 0, 1, 1, 0, 1, 0, 0, 1 ], 
          [ 1, 1, 0, 1, 0, 1, 1, 0, 1, 0, 0, 1, 0, 1, 1, 0, 1, 0, 0, 1, 0, 1, 1, 0, 1 ], 
          [ 1, 1, 0, 1, 1, 0, 1, 1, 1, 1, 0, 0, 0, 0, 1, 1, 1, 1, 0, 0, 0, 1, 0, 0, 0 ], 
          [ 1, 1, 0, 1, 1, 0, 0, 1, 1, 1, 1, 0, 0, 0, 0, 1, 1, 1, 1, 0, 0, 1, 1, 0, 0 ], 
          [ 1, 1, 0, 1, 1, 0, 0, 0, 1, 1, 1, 1, 0, 0, 0, 0, 1, 1, 1, 1, 0, 1, 1, 1, 0 ], 
          [ 1, 1, 0, 1, 1, 0, 1, 0, 1, 1, 0, 1, 0, 0, 1, 0, 1, 1, 0, 1, 0, 1, 0, 1, 0 ], 
          [ 1, 1, 0, 1, 1, 1, 0, 1, 1, 0, 1, 0, 0, 1, 0, 1, 1, 0, 1, 0, 0, 0, 1, 0, 0 ], 
          [ 1, 1, 0, 1, 1, 1, 0, 0, 1, 0, 1, 1, 0, 1, 0, 0, 1, 0, 1, 1, 0, 0, 1, 1, 0 ], 
          [ 1, 1, 0, 1, 1, 1, 1, 0, 1, 0, 0, 1, 0, 1, 1, 0, 1, 0, 0, 1, 0, 0, 0, 1, 0 ], 
          [ 1, 1, 1, 0, 1, 1, 1, 1, 1, 0, 0, 0, 0, 0, 0, 0, 0, 1, 1, 1, 1, 0, 0, 0, 0 ], 
          [ 1, 1, 1, 0, 0, 1, 1, 1, 1, 0, 0, 0, 0, 0, 0, 0, 0, 1, 1, 1, 1, 1, 1, 1, 1 ], 
          [ 1, 1, 1, 0, 0, 0, 1, 1, 1, 1, 0, 0, 0, 1, 0, 0, 0, 0, 1, 1, 1, 0, 1, 1, 1 ], 
          [ 1, 1, 1, 0, 0, 0, 0, 1, 1, 1, 1, 0, 0, 1, 1, 0, 0, 0, 0, 1, 1, 0, 0, 1, 1 ], 
          [ 1, 1, 1, 0, 0, 0, 0, 0, 1, 1, 1, 1, 0, 1, 1, 1, 0, 0, 0, 0, 1, 0, 0, 0, 1 ], 
          [ 1, 1, 1, 0, 0, 0, 1, 0, 1, 1, 0, 1, 0, 1, 0, 1, 0, 0, 1, 0, 1, 0, 1, 0, 1 ], 
          [ 1, 1, 1, 0, 0, 1, 0, 1, 1, 0, 1, 0, 0, 0, 1, 0, 0, 1, 0, 1, 1, 1, 0, 1, 1 ], 
          [ 1, 1, 1, 0, 0, 1, 0, 0, 1, 0, 1, 1, 0, 0, 1, 1, 0, 1, 0, 0, 1, 1, 0, 0, 1 ], 
          [ 1, 1, 1, 0, 0, 1, 1, 0, 1, 0, 0, 1, 0, 0, 0, 1, 0, 1, 1, 0, 1, 1, 1, 0, 1 ], 
          [ 1, 1, 1, 0, 1, 0, 1, 1, 1, 1, 0, 0, 0, 1, 0, 0, 0, 0, 1, 1, 1, 1, 0, 0, 0 ], 
          [ 1, 1, 1, 0, 1, 0, 0, 1, 1, 1, 1, 0, 0, 1, 1, 0, 0, 0, 0, 1, 1, 1, 1, 0, 0 ], 
          [ 1, 1, 1, 0, 1, 0, 0, 0, 1, 1, 1, 1, 0, 1, 1, 1, 0, 0, 0, 0, 1, 1, 1, 1, 0 ], 
          [ 1, 1, 1, 0, 1, 0, 1, 0, 1, 1, 0, 1, 0, 1, 0, 1, 0, 0, 1, 0, 1, 1, 0, 1, 0 ], 
          [ 1, 1, 1, 0, 1, 1, 0, 1, 1, 0, 1, 0, 0, 0, 1, 0, 0, 1, 0, 1, 1, 0, 1, 0, 0 ], 
          [ 1, 1, 1, 0, 1, 1, 0, 0, 1, 0, 1, 1, 0, 0, 1, 1, 0, 1, 0, 0, 1, 0, 1, 1, 0 ], 
          [ 1, 1, 1, 0, 1, 1, 1, 0, 1, 0, 0, 1, 0, 0, 0, 1, 0, 1, 1, 0, 1, 0, 0, 1, 0 ], 
          [ 1, 1, 1, 1, 0, 1, 1, 1, 1, 0, 0, 0, 0, 0, 0, 0, 0, 0, 0, 0, 0, 1, 1, 1, 1 ], 
          [ 1, 1, 1, 1, 0, 0, 1, 1, 1, 1, 0, 0, 0, 1, 0, 0, 0, 1, 0, 0, 0, 0, 1, 1, 1 ], 
          [ 1, 1, 1, 1, 0, 0, 0, 1, 1, 1, 1, 0, 0, 1, 1, 0, 0, 1, 1, 0, 0, 0, 0, 1, 1 ], 
          [ 1, 1, 1, 1, 0, 0, 0, 0, 1, 1, 1, 1, 0, 1, 1, 1, 0, 1, 1, 1, 0, 0, 0, 0, 1 ], 
          [ 1, 1, 1, 1, 0, 0, 1, 0, 1, 1, 0, 1, 0, 1, 0, 1, 0, 1, 0, 1, 0, 0, 1, 0, 1 ], 
          [ 1, 1, 1, 1, 0, 1, 0, 1, 1, 0, 1, 0, 0, 0, 1, 0, 0, 0, 1, 0, 0, 1, 0, 1, 1 ], 
          [ 1, 1, 1, 1, 0, 1, 0, 0, 1, 0, 1, 1, 0, 0, 1, 1, 0, 0, 1, 1, 0, 1, 0, 0, 1 ], 
          [ 1, 1, 1, 1, 0, 1, 1, 0, 1, 0, 0, 1, 0, 0, 0, 1, 0, 0, 0, 1, 0, 1, 1, 0, 1 ], 
          [ 1, 1, 1, 1, 1, 0, 1, 1, 1, 1, 0, 0, 0, 1, 0, 0, 0, 1, 0, 0, 0, 1, 0, 0, 0 ], 
          [ 1, 1, 1, 1, 1, 0, 0, 1, 1, 1, 1, 0, 0, 1, 1, 0, 0, 1, 1, 0, 0, 1, 1, 0, 0 ], 
          [ 1, 1, 1, 1, 1, 0, 0, 0, 1, 1, 1, 1, 0, 1, 1, 1, 0, 1, 1, 1, 0, 1, 1, 1, 0 ], 
          [ 1, 1, 1, 1, 1, 0, 1, 0, 1, 1, 0, 1, 0, 1, 0, 1, 0, 1, 0, 1, 0, 1, 0, 1, 0 ], 
          [ 1, 1, 1, 1, 1, 1, 0, 1, 1, 0, 1, 0, 0, 0, 1, 0, 0, 0, 1, 0, 0, 0, 1, 0, 0 ], 
          [ 1, 1, 1, 1, 1, 1, 0, 0, 1, 0, 1, 1, 0, 0, 1, 1, 0, 0, 1, 1, 0, 0, 1, 1, 0 ], 
          [ 1, 1, 1, 1, 1, 1, 1, 0, 1, 0, 0, 1, 0, 0, 0, 1, 0, 0, 0, 1, 0, 0, 0, 1, 0 ], 
          [ 1, 1, 0, 0, 0, 0, 0, 0, 0, 1, 1, 1, 1, 0, 0, 0, 0, 0, 0, 0, 0, 0, 0, 0, 0 ], 
          [ 1, 1, 1, 0, 0, 0, 0, 0, 0, 1, 1, 1, 1, 1, 1, 1, 1, 0, 0, 0, 0, 0, 0, 0, 0 ], 
          [ 1, 1, 1, 1, 0, 0, 0, 0, 0, 1, 1, 1, 1, 1, 1, 1, 1, 1, 1, 1, 1, 0, 0, 0, 0 ], 
          [ 1, 1, 1, 1, 1, 0, 0, 0, 0, 1, 1, 1, 1, 1, 1, 1, 1, 1, 1, 1, 1, 1, 1, 1, 1 ], 
          [ 1, 1, 1, 1, 1, 1, 0, 0, 0, 0, 1, 1, 1, 0, 1, 1, 1, 0, 1, 1, 1, 0, 1, 1, 1 ], 
          [ 1, 1, 1, 1, 1, 1, 1, 0, 0, 0, 0, 1, 1, 0, 0, 1, 1, 0, 0, 1, 1, 0, 0, 1, 1 ], 
          [ 1, 1, 1, 1, 1, 1, 1, 1, 0, 0, 0, 0, 1, 0, 0, 0, 1, 0, 0, 0, 1, 0, 0, 0, 1 ], 
          [ 1, 1, 1, 1, 1, 1, 0, 1, 0, 0, 1, 0, 1, 0, 1, 0, 1, 0, 1, 0, 1, 0, 1, 0, 1 ], 
          [ 1, 1, 1, 1, 1, 0, 1, 0, 0, 1, 0, 1, 1, 1, 0, 1, 1, 1, 0, 1, 1, 1, 0, 1, 1 ], 
          [ 1, 1, 1, 1, 1, 0, 1, 1, 0, 1, 0, 0, 1, 1, 0, 0, 1, 1, 0, 0, 1, 1, 0, 0, 1 ], 
          [ 1, 1, 1, 1, 1, 0, 0, 1, 0, 1, 1, 0, 1, 1, 1, 0, 1, 1, 1, 0, 1, 1, 1, 0, 1 ], 
          [ 1, 1, 1, 1, 0, 1, 0, 0, 0, 0, 1, 1, 1, 0, 1, 1, 1, 0, 1, 1, 1, 1, 0, 0, 0 ], 
          [ 1, 1, 1, 1, 0, 1, 1, 0, 0, 0, 0, 1, 1, 0, 0, 1, 1, 0, 0, 1, 1, 1, 1, 0, 0 ], 
          [ 1, 1, 1, 1, 0, 1, 1, 1, 0, 0, 0, 0, 1, 0, 0, 0, 1, 0, 0, 0, 1, 1, 1, 1, 0 ], 
          [ 1, 1, 1, 1, 0, 1, 0, 1, 0, 0, 1, 0, 1, 0, 1, 0, 1, 0, 1, 0, 1, 1, 0, 1, 0 ], 
          [ 1, 1, 1, 1, 0, 0, 1, 0, 0, 1, 0, 1, 1, 1, 0, 1, 1, 1, 0, 1, 1, 0, 1, 0, 0 ], 
          [ 1, 1, 1, 1, 0, 0, 1, 1, 0, 1, 0, 0, 1, 1, 0, 0, 1, 1, 0, 0, 1, 0, 1, 1, 0 ], 
          [ 1, 1, 1, 1, 0, 0, 0, 1, 0, 1, 1, 0, 1, 1, 1, 0, 1, 1, 1, 0, 1, 0, 0, 1, 0 ], 
          [ 1, 1, 1, 0, 1, 0, 0, 0, 0, 1, 1, 1, 1, 1, 1, 1, 1, 0, 0, 0, 0, 1, 1, 1, 1 ], 
          [ 1, 1, 1, 0, 1, 1, 0, 0, 0, 0, 1, 1, 1, 0, 1, 1, 1, 1, 0, 0, 0, 0, 1, 1, 1 ], 
          [ 1, 1, 1, 0, 1, 1, 1, 0, 0, 0, 0, 1, 1, 0, 0, 1, 1, 1, 1, 0, 0, 0, 0, 1, 1 ], 
          [ 1, 1, 1, 0, 1, 1, 1, 1, 0, 0, 0, 0, 1, 0, 0, 0, 1, 1, 1, 1, 0, 0, 0, 0, 1 ], 
          [ 1, 1, 1, 0, 1, 1, 0, 1, 0, 0, 1, 0, 1, 0, 1, 0, 1, 1, 0, 1, 0, 0, 1, 0, 1 ], 
          [ 1, 1, 1, 0, 1, 0, 1, 0, 0, 1, 0, 1, 1, 1, 0, 1, 1, 0, 1, 0, 0, 1, 0, 1, 1 ], 
          [ 1, 1, 1, 0, 1, 0, 1, 1, 0, 1, 0, 0, 1, 1, 0, 0, 1, 0, 1, 1, 0, 1, 0, 0, 1 ], 
          [ 1, 1, 1, 0, 1, 0, 0, 1, 0, 1, 1, 0, 1, 1, 1, 0, 1, 0, 0, 1, 0, 1, 1, 0, 1 ], 
          [ 1, 1, 1, 0, 0, 1, 0, 0, 0, 0, 1, 1, 1, 0, 1, 1, 1, 1, 0, 0, 0, 1, 0, 0, 0 ], 
          [ 1, 1, 1, 0, 0, 1, 1, 0, 0, 0, 0, 1, 1, 0, 0, 1, 1, 1, 1, 0, 0, 1, 1, 0, 0 ], 
          [ 1, 1, 1, 0, 0, 1, 1, 1, 0, 0, 0, 0, 1, 0, 0, 0, 1, 1, 1, 1, 0, 1, 1, 1, 0 ], 
          [ 1, 1, 1, 0, 0, 1, 0, 1, 0, 0, 1, 0, 1, 0, 1, 0, 1, 1, 0, 1, 0, 1, 0, 1, 0 ], 
          [ 1, 1, 1, 0, 0, 0, 1, 0, 0, 1, 0, 1, 1, 1, 0, 1, 1, 0, 1, 0, 0, 0, 1, 0, 0 ], 
          [ 1, 1, 1, 0, 0, 0, 1, 1, 0, 1, 0, 0, 1, 1, 0, 0, 1, 0, 1, 1, 0, 0, 1, 1, 0 ], 
          [ 1, 1, 1, 0, 0, 0, 0, 1, 0, 1, 1, 0, 1, 1, 1, 0, 1, 0, 0, 1, 0, 0, 0, 1, 0 ], 
          [ 1, 1, 0, 1, 0, 0, 0, 0, 0, 1, 1, 1, 1, 0, 0, 0, 0, 1, 1, 1, 1, 0, 0, 0, 0 ], 
          [ 1, 1, 0, 1, 1, 0, 0, 0, 0, 1, 1, 1, 1, 0, 0, 0, 0, 1, 1, 1, 1, 1, 1, 1, 1 ], 
          [ 1, 1, 0, 1, 1, 1, 0, 0, 0, 0, 1, 1, 1, 1, 0, 0, 0, 0, 1, 1, 1, 0, 1, 1, 1 ], 
          [ 1, 1, 0, 1, 1, 1, 1, 0, 0, 0, 0, 1, 1, 1, 1, 0, 0, 0, 0, 1, 1, 0, 0, 1, 1 ], 
          [ 1, 1, 0, 1, 1, 1, 1, 1, 0, 0, 0, 0, 1, 1, 1, 1, 0, 0, 0, 0, 1, 0, 0, 0, 1 ], 
          [ 1, 1, 0, 1, 1, 1, 0, 1, 0, 0, 1, 0, 1, 1, 0, 1, 0, 0, 1, 0, 1, 0, 1, 0, 1 ], 
          [ 1, 1, 0, 1, 1, 0, 1, 0, 0, 1, 0, 1, 1, 0, 1, 0, 0, 1, 0, 1, 1, 1, 0, 1, 1 ], 
          [ 1, 1, 0, 1, 1, 0, 1, 1, 0, 1, 0, 0, 1, 0, 1, 1, 0, 1, 0, 0, 1, 1, 0, 0, 1 ], 
          [ 1, 1, 0, 1, 1, 0, 0, 1, 0, 1, 1, 0, 1, 0, 0, 1, 0, 1, 1, 0, 1, 1, 1, 0, 1 ], 
          [ 1, 1, 0, 1, 0, 1, 0, 0, 0, 0, 1, 1, 1, 1, 0, 0, 0, 0, 1, 1, 1, 1, 0, 0, 0 ], 
          [ 1, 1, 0, 1, 0, 1, 1, 0, 0, 0, 0, 1, 1, 1, 1, 0, 0, 0, 0, 1, 1, 1, 1, 0, 0 ], 
          [ 1, 1, 0, 1, 0, 1, 1, 1, 0, 0, 0, 0, 1, 1, 1, 1, 0, 0, 0, 0, 1, 1, 1, 1, 0 ], 
          [ 1, 1, 0, 1, 0, 1, 0, 1, 0, 0, 1, 0, 1, 1, 0, 1, 0, 0, 1, 0, 1, 1, 0, 1, 0 ], 
          [ 1, 1, 0, 1, 0, 0, 1, 0, 0, 1, 0, 1, 1, 0, 1, 0, 0, 1, 0, 1, 1, 0, 1, 0, 0 ], 
          [ 1, 1, 0, 1, 0, 0, 1, 1, 0, 1, 0, 0, 1, 0, 1, 1, 0, 1, 0, 0, 1, 0, 1, 1, 0 ], 
          [ 1, 1, 0, 1, 0, 0, 0, 1, 0, 1, 1, 0, 1, 0, 0, 1, 0, 1, 1, 0, 1, 0, 0, 1, 0 ], 
          [ 1, 1, 0, 0, 1, 0, 0, 0, 0, 1, 1, 1, 1, 0, 0, 0, 0, 0, 0, 0, 0, 1, 1, 1, 1 ], 
          [ 1, 1, 0, 0, 1, 1, 0, 0, 0, 0, 1, 1, 1, 1, 0, 0, 0, 1, 0, 0, 0, 0, 1, 1, 1 ], 
          [ 1, 1, 0, 0, 1, 1, 1, 0, 0, 0, 0, 1, 1, 1, 1, 0, 0, 1, 1, 0, 0, 0, 0, 1, 1 ], 
          [ 1, 1, 0, 0, 1, 1, 1, 1, 0, 0, 0, 0, 1, 1, 1, 1, 0, 1, 1, 1, 0, 0, 0, 0, 1 ], 
          [ 1, 1, 0, 0, 1, 1, 0, 1, 0, 0, 1, 0, 1, 1, 0, 1, 0, 1, 0, 1, 0, 0, 1, 0, 1 ], 
          [ 1, 1, 0, 0, 1, 0, 1, 0, 0, 1, 0, 1, 1, 0, 1, 0, 0, 0, 1, 0, 0, 1, 0, 1, 1 ], 
          [ 1, 1, 0, 0, 1, 0, 1, 1, 0, 1, 0, 0, 1, 0, 1, 1, 0, 0, 1, 1, 0, 1, 0, 0, 1 ], 
          [ 1, 1, 0, 0, 1, 0, 0, 1, 0, 1, 1, 0, 1, 0, 0, 1, 0, 0, 0, 1, 0, 1, 1, 0, 1 ], 
          [ 1, 1, 0, 0, 0, 1, 0, 0, 0, 0, 1, 1, 1, 1, 0, 0, 0, 1, 0, 0, 0, 1, 0, 0, 0 ], 
          [ 1, 1, 0, 0, 0, 1, 1, 0, 0, 0, 0, 1, 1, 1, 1, 0, 0, 1, 1, 0, 0, 1, 1, 0, 0 ], 
          [ 1, 1, 0, 0, 0, 1, 1, 1, 0, 0, 0, 0, 1, 1, 1, 1, 0, 1, 1, 1, 0, 1, 1, 1, 0 ], 
          [ 1, 1, 0, 0, 0, 1, 0, 1, 0, 0, 1, 0, 1, 1, 0, 1, 0, 1, 0, 1, 0, 1, 0, 1, 0 ], 
          [ 1, 1, 0, 0, 0, 0, 1, 0, 0, 1, 0, 1, 1, 0, 1, 0, 0, 0, 1, 0, 0, 0, 1, 0, 0 ], 
          [ 1, 1, 0, 0, 0, 0, 1, 1, 0, 1, 0, 0, 1, 0, 1, 1, 0, 0, 1, 1, 0, 0, 1, 1, 0 ], 
          [ 1, 1, 0, 0, 0, 0, 0, 1, 0, 1, 1, 0, 1, 0, 0, 1, 0, 0, 0, 1, 0, 0, 0, 1, 0 ], 
          [ 1, 0, 1, 0, 0, 0, 0, 0, 0, 0, 0, 0, 0, 1, 1, 1, 1, 0, 0, 0, 0, 0, 0, 0, 0 ], 
          [ 1, 0, 1, 1, 0, 0, 0, 0, 0, 0, 0, 0, 0, 1, 1, 1, 1, 1, 1, 1, 1, 0, 0, 0, 0 ], 
          [ 1, 0, 1, 1, 1, 0, 0, 0, 0, 0, 0, 0, 0, 1, 1, 1, 1, 1, 1, 1, 1, 1, 1, 1, 1 ], 
          [ 1, 0, 1, 1, 1, 1, 0, 0, 0, 1, 0, 0, 0, 0, 1, 1, 1, 0, 1, 1, 1, 0, 1, 1, 1 ], 
          [ 1, 0, 1, 1, 1, 1, 1, 0, 0, 1, 1, 0, 0, 0, 0, 1, 1, 0, 0, 1, 1, 0, 0, 1, 1 ], 
          [ 1, 0, 1, 1, 1, 1, 1, 1, 0, 1, 1, 1, 0, 0, 0, 0, 1, 0, 0, 0, 1, 0, 0, 0, 1 ], 
          [ 1, 0, 1, 1, 1, 1, 0, 1, 0, 1, 0, 1, 0, 0, 1, 0, 1, 0, 1, 0, 1, 0, 1, 0, 1 ], 
          [ 1, 0, 1, 1, 1, 0, 1, 0, 0, 0, 1, 0, 0, 1, 0, 1, 1, 1, 0, 1, 1, 1, 0, 1, 1 ], 
          [ 1, 0, 1, 1, 1, 0, 1, 1, 0, 0, 1, 1, 0, 1, 0, 0, 1, 1, 0, 0, 1, 1, 0, 0, 1 ], 
          [ 1, 0, 1, 1, 1, 0, 0, 1, 0, 0, 0, 1, 0, 1, 1, 0, 1, 1, 1, 0, 1, 1, 1, 0, 1 ], 
          [ 1, 0, 1, 1, 0, 1, 0, 0, 0, 1, 0, 0, 0, 0, 1, 1, 1, 0, 1, 1, 1, 1, 0, 0, 0 ], 
          [ 1, 0, 1, 1, 0, 1, 1, 0, 0, 1, 1, 0, 0, 0, 0, 1, 1, 0, 0, 1, 1, 1, 1, 0, 0 ], 
          [ 1, 0, 1, 1, 0, 1, 1, 1, 0, 1, 1, 1, 0, 0, 0, 0, 1, 0, 0, 0, 1, 1, 1, 1, 0 ], 
          [ 1, 0, 1, 1, 0, 1, 0, 1, 0, 1, 0, 1, 0, 0, 1, 0, 1, 0, 1, 0, 1, 1, 0, 1, 0 ], 
          [ 1, 0, 1, 1, 0, 0, 1, 0, 0, 0, 1, 0, 0, 1, 0, 1, 1, 1, 0, 1, 1, 0, 1, 0, 0 ], 
          [ 1, 0, 1, 1, 0, 0, 1, 1, 0, 0, 1, 1, 0, 1, 0, 0, 1, 1, 0, 0, 1, 0, 1, 1, 0 ], 
          [ 1, 0, 1, 1, 0, 0, 0, 1, 0, 0, 0, 1, 0, 1, 1, 0, 1, 1, 1, 0, 1, 0, 0, 1, 0 ], 
          [ 1, 0, 1, 0, 1, 0, 0, 0, 0, 0, 0, 0, 0, 1, 1, 1, 1, 0, 0, 0, 0, 1, 1, 1, 1 ], 
          [ 1, 0, 1, 0, 1, 1, 0, 0, 0, 1, 0, 0, 0, 0, 1, 1, 1, 1, 0, 0, 0, 0, 1, 1, 1 ], 
          [ 1, 0, 1, 0, 1, 1, 1, 0, 0, 1, 1, 0, 0, 0, 0, 1, 1, 1, 1, 0, 0, 0, 0, 1, 1 ], 
          [ 1, 0, 1, 0, 1, 1, 1, 1, 0, 1, 1, 1, 0, 0, 0, 0, 1, 1, 1, 1, 0, 0, 0, 0, 1 ], 
          [ 1, 0, 1, 0, 1, 1, 0, 1, 0, 1, 0, 1, 0, 0, 1, 0, 1, 1, 0, 1, 0, 0, 1, 0, 1 ], 
          [ 1, 0, 1, 0, 1, 0, 1, 0, 0, 0, 1, 0, 0, 1, 0, 1, 1, 0, 1, 0, 0, 1, 0, 1, 1 ], 
          [ 1, 0, 1, 0, 1, 0, 1, 1, 0, 0, 1, 1, 0, 1, 0, 0, 1, 0, 1, 1, 0, 1, 0, 0, 1 ], 
          [ 1, 0, 1, 0, 1, 0, 0, 1, 0, 0, 0, 1, 0, 1, 1, 0, 1, 0, 0, 1, 0, 1, 1, 0, 1 ], 
          [ 1, 0, 1, 0, 0, 1, 0, 0, 0, 1, 0, 0, 0, 0, 1, 1, 1, 1, 0, 0, 0, 1, 0, 0, 0 ], 
          [ 1, 0, 1, 0, 0, 1, 1, 0, 0, 1, 1, 0, 0, 0, 0, 1, 1, 1, 1, 0, 0, 1, 1, 0, 0 ], 
          [ 1, 0, 1, 0, 0, 1, 1, 1, 0, 1, 1, 1, 0, 0, 0, 0, 1, 1, 1, 1, 0, 1, 1, 1, 0 ], 
          [ 1, 0, 1, 0, 0, 1, 0, 1, 0, 1, 0, 1, 0, 0, 1, 0, 1, 1, 0, 1, 0, 1, 0, 1, 0 ], 
          [ 1, 0, 1, 0, 0, 0, 1, 0, 0, 0, 1, 0, 0, 1, 0, 1, 1, 0, 1, 0, 0, 0, 1, 0, 0 ], 
          [ 1, 0, 1, 0, 0, 0, 1, 1, 0, 0, 1, 1, 0, 1, 0, 0, 1, 0, 1, 1, 0, 0, 1, 1, 0 ], 
          [ 1, 0, 1, 0, 0, 0, 0, 1, 0, 0, 0, 1, 0, 1, 1, 0, 1, 0, 0, 1, 0, 0, 0, 1, 0 ], 
          [ 1, 0, 0, 1, 0, 0, 0, 0, 0, 0, 0, 0, 0, 0, 0, 0, 0, 1, 1, 1, 1, 0, 0, 0, 0 ], 
          [ 1, 0, 0, 1, 1, 0, 0, 0, 0, 0, 0, 0, 0, 0, 0, 0, 0, 1, 1, 1, 1, 1, 1, 1, 1 ], 
          [ 1, 0, 0, 1, 1, 1, 0, 0, 0, 1, 0, 0, 0, 1, 0, 0, 0, 0, 1, 1, 1, 0, 1, 1, 1 ], 
          [ 1, 0, 0, 1, 1, 1, 1, 0, 0, 1, 1, 0, 0, 1, 1, 0, 0, 0, 0, 1, 1, 0, 0, 1, 1 ], 
          [ 1, 0, 0, 1, 1, 1, 1, 1, 0, 1, 1, 1, 0, 1, 1, 1, 0, 0, 0, 0, 1, 0, 0, 0, 1 ], 
          [ 1, 0, 0, 1, 1, 1, 0, 1, 0, 1, 0, 1, 0, 1, 0, 1, 0, 0, 1, 0, 1, 0, 1, 0, 1 ], 
          [ 1, 0, 0, 1, 1, 0, 1, 0, 0, 0, 1, 0, 0, 0, 1, 0, 0, 1, 0, 1, 1, 1, 0, 1, 1 ], 
          [ 1, 0, 0, 1, 1, 0, 1, 1, 0, 0, 1, 1, 0, 0, 1, 1, 0, 1, 0, 0, 1, 1, 0, 0, 1 ], 
          [ 1, 0, 0, 1, 1, 0, 0, 1, 0, 0, 0, 1, 0, 0, 0, 1, 0, 1, 1, 0, 1, 1, 1, 0, 1 ], 
          [ 1, 0, 0, 1, 0, 1, 0, 0, 0, 1, 0, 0, 0, 1, 0, 0, 0, 0, 1, 1, 1, 1, 0, 0, 0 ], 
          [ 1, 0, 0, 1, 0, 1, 1, 0, 0, 1, 1, 0, 0, 1, 1, 0, 0, 0, 0, 1, 1, 1, 1, 0, 0 ], 
          [ 1, 0, 0, 1, 0, 1, 1, 1, 0, 1, 1, 1, 0, 1, 1, 1, 0, 0, 0, 0, 1, 1, 1, 1, 0 ], 
          [ 1, 0, 0, 1, 0, 1, 0, 1, 0, 1, 0, 1, 0, 1, 0, 1, 0, 0, 1, 0, 1, 1, 0, 1, 0 ], 
          [ 1, 0, 0, 1, 0, 0, 1, 0, 0, 0, 1, 0, 0, 0, 1, 0, 0, 1, 0, 1, 1, 0, 1, 0, 0 ], 
          [ 1, 0, 0, 1, 0, 0, 1, 1, 0, 0, 1, 1, 0, 0, 1, 1, 0, 1, 0, 0, 1, 0, 1, 1, 0 ], 
          [ 1, 0, 0, 1, 0, 0, 0, 1, 0, 0, 0, 1, 0, 0, 0, 1, 0, 1, 1, 0, 1, 0, 0, 1, 0 ], 
          [ 1, 0, 0, 0, 1, 0, 0, 0, 0, 0, 0, 0, 0, 0, 0, 0, 0, 0, 0, 0, 0, 1, 1, 1, 1 ], 
          [ 1, 0, 0, 0, 1, 1, 0, 0, 0, 1, 0, 0, 0, 1, 0, 0, 0, 1, 0, 0, 0, 0, 1, 1, 1 ], 
          [ 1, 0, 0, 0, 1, 1, 1, 0, 0, 1, 1, 0, 0, 1, 1, 0, 0, 1, 1, 0, 0, 0, 0, 1, 1 ], 
          [ 1, 0, 0, 0, 1, 1, 1, 1, 0, 1, 1, 1, 0, 1, 1, 1, 0, 1, 1, 1, 0, 0, 0, 0, 1 ], 
          [ 1, 0, 0, 0, 1, 1, 0, 1, 0, 1, 0, 1, 0, 1, 0, 1, 0, 1, 0, 1, 0, 0, 1, 0, 1 ], 
          [ 1, 0, 0, 0, 1, 0, 1, 0, 0, 0, 1, 0, 0, 0, 1, 0, 0, 0, 1, 0, 0, 1, 0, 1, 1 ], 
          [ 1, 0, 0, 0, 1, 0, 1, 1, 0, 0, 1, 1, 0, 0, 1, 1, 0, 0, 1, 1, 0, 1, 0, 0, 1 ], 
          [ 1, 0, 0, 0, 1, 0, 0, 1, 0, 0, 0, 1, 0, 0, 0, 1, 0, 0, 0, 1, 0, 1, 1, 0, 1 ], 
          [ 1, 0, 0, 0, 0, 1, 0, 0, 0, 1, 0, 0, 0, 1, 0, 0, 0, 1, 0, 0, 0, 1, 0, 0, 0 ], 
          [ 1, 0, 0, 0, 0, 1, 1, 0, 0, 1, 1, 0, 0, 1, 1, 0, 0, 1, 1, 0, 0, 1, 1, 0, 0 ], 
          [ 1, 0, 0, 0, 0, 1, 1, 1, 0, 1, 1, 1, 0, 1, 1, 1, 0, 1, 1, 1, 0, 1, 1, 1, 0 ], 
          [ 1, 0, 0, 0, 0, 1, 0, 1, 0, 1, 0, 1, 0, 1, 0, 1, 0, 1, 0, 1, 0, 1, 0, 1, 0 ], 
          [ 1, 0, 0, 0, 0, 0, 1, 0, 0, 0, 1, 0, 0, 0, 1, 0, 0, 0, 1, 0, 0, 0, 1, 0, 0 ], 
          [ 1, 0, 0, 0, 0, 0, 1, 1, 0, 0, 1, 1, 0, 0, 1, 1, 0, 0, 1, 1, 0, 0, 1, 1, 0 ], 
          [ 1, 0, 0, 0, 0, 0, 0, 1, 0, 0, 0, 1, 0, 0, 0, 1, 0, 0, 0, 1, 0, 0, 0, 1, 0 ] ] ) );
