return rec(
  EXT := [ [ 1, 0, 0, 0, 0, 0, 0, 0, 0, 0, 0, 0, 0, 0, 0 ], [ 1, 1, 1, 1, 1, 1, 1, 0, 0, 0, 0, 0, 0, 0, 0 ], 
      [ 1, 0, 1, 1, 1, 1, 1, 1, 1, 1, 1, 0, 0, 0, 0 ], [ 1, 0, 0, 1, 1, 1, 1, 1, 1, 1, 1, 1, 1, 1, 1 ], 
      [ 1, 0, 0, 0, 1, 1, 1, 0, 1, 1, 1, 0, 1, 1, 1 ], [ 1, 0, 0, 0, 0, 1, 1, 0, 0, 1, 1, 0, 0, 1, 1 ], 
      [ 1, 0, 0, 0, 0, 0, 1, 0, 0, 0, 1, 0, 0, 0, 1 ], [ 1, 0, 0, 0, 1, 0, 1, 0, 1, 0, 1, 0, 1, 0, 1 ], 
      [ 1, 0, 0, 1, 0, 1, 1, 1, 0, 1, 1, 1, 0, 1, 1 ], [ 1, 0, 0, 1, 0, 0, 1, 1, 0, 0, 1, 1, 0, 0, 1 ], 
      [ 1, 0, 0, 1, 1, 0, 1, 1, 1, 0, 1, 1, 1, 0, 1 ], [ 1, 0, 1, 0, 1, 1, 1, 0, 1, 1, 1, 1, 0, 0, 0 ], 
      [ 1, 0, 1, 0, 0, 1, 1, 0, 0, 1, 1, 1, 1, 0, 0 ], [ 1, 0, 1, 0, 0, 0, 1, 0, 0, 0, 1, 1, 1, 1, 0 ], 
      [ 1, 0, 1, 0, 1, 0, 1, 0, 1, 0, 1, 1, 0, 1, 0 ], [ 1, 0, 1, 1, 0, 1, 1, 1, 0, 1, 1, 0, 1, 0, 0 ], 
      [ 1, 0, 1, 1, 0, 0, 1, 1, 0, 0, 1, 0, 1, 1, 0 ], [ 1, 0, 1, 1, 1, 0, 1, 1, 1, 0, 1, 0, 0, 1, 0 ], 
      [ 1, 1, 0, 1, 1, 1, 1, 0, 0, 0, 0, 1, 1, 1, 1 ], [ 1, 1, 0, 0, 1, 1, 1, 1, 0, 0, 0, 0, 1, 1, 1 ], 
      [ 1, 1, 0, 0, 0, 1, 1, 1, 1, 0, 0, 0, 0, 1, 1 ], [ 1, 1, 0, 0, 0, 0, 1, 1, 1, 1, 0, 0, 0, 0, 1 ], 
      [ 1, 1, 0, 0, 1, 0, 1, 1, 0, 1, 0, 0, 1, 0, 1 ], [ 1, 1, 0, 1, 0, 1, 1, 0, 1, 0, 0, 1, 0, 1, 1 ], 
      [ 1, 1, 0, 1, 0, 0, 1, 0, 1, 1, 0, 1, 0, 0, 1 ], [ 1, 1, 0, 1, 1, 0, 1, 0, 0, 1, 0, 1, 1, 0, 1 ], 
      [ 1, 1, 1, 0, 1, 1, 1, 1, 0, 0, 0, 1, 0, 0, 0 ], [ 1, 1, 1, 0, 0, 1, 1, 1, 1, 0, 0, 1, 1, 0, 0 ], 
      [ 1, 1, 1, 0, 0, 0, 1, 1, 1, 1, 0, 1, 1, 1, 0 ], [ 1, 1, 1, 0, 1, 0, 1, 1, 0, 1, 0, 1, 0, 1, 0 ], 
      [ 1, 1, 1, 1, 0, 1, 1, 0, 1, 0, 0, 0, 1, 0, 0 ], [ 1, 1, 1, 1, 0, 0, 1, 0, 1, 1, 0, 0, 1, 1, 0 ], 
      [ 1, 1, 1, 1, 1, 0, 1, 0, 0, 1, 0, 0, 0, 1, 0 ], [ 1, 1, 0, 0, 0, 0, 0, 1, 1, 1, 1, 0, 0, 0, 0 ], 
      [ 1, 1, 1, 0, 0, 0, 0, 1, 1, 1, 1, 1, 1, 1, 1 ], [ 1, 1, 1, 1, 0, 0, 0, 0, 1, 1, 1, 0, 1, 1, 1 ], 
      [ 1, 1, 1, 1, 1, 0, 0, 0, 0, 1, 1, 0, 0, 1, 1 ], [ 1, 1, 1, 1, 1, 1, 0, 0, 0, 0, 1, 0, 0, 0, 1 ], 
      [ 1, 1, 1, 1, 0, 1, 0, 0, 1, 0, 1, 0, 1, 0, 1 ], [ 1, 1, 1, 0, 1, 0, 0, 1, 0, 1, 1, 1, 0, 1, 1 ], 
      [ 1, 1, 1, 0, 1, 1, 0, 1, 0, 0, 1, 1, 0, 0, 1 ], [ 1, 1, 1, 0, 0, 1, 0, 1, 1, 0, 1, 1, 1, 0, 1 ], 
      [ 1, 1, 0, 1, 0, 0, 0, 0, 1, 1, 1, 1, 0, 0, 0 ], [ 1, 1, 0, 1, 1, 0, 0, 0, 0, 1, 1, 1, 1, 0, 0 ], 
      [ 1, 1, 0, 1, 1, 1, 0, 0, 0, 0, 1, 1, 1, 1, 0 ], [ 1, 1, 0, 1, 0, 1, 0, 0, 1, 0, 1, 1, 0, 1, 0 ], 
      [ 1, 1, 0, 0, 1, 0, 0, 1, 0, 1, 1, 0, 1, 0, 0 ], [ 1, 1, 0, 0, 1, 1, 0, 1, 0, 0, 1, 0, 1, 1, 0 ], 
      [ 1, 1, 0, 0, 0, 1, 0, 1, 1, 0, 1, 0, 0, 1, 0 ], [ 1, 0, 1, 0, 0, 0, 0, 0, 0, 0, 0, 1, 1, 1, 1 ], 
      [ 1, 0, 1, 1, 0, 0, 0, 1, 0, 0, 0, 0, 1, 1, 1 ], [ 1, 0, 1, 1, 1, 0, 0, 1, 1, 0, 0, 0, 0, 1, 1 ], 
      [ 1, 0, 1, 1, 1, 1, 0, 1, 1, 1, 0, 0, 0, 0, 1 ], [ 1, 0, 1, 1, 0, 1, 0, 1, 0, 1, 0, 0, 1, 0, 1 ], 
      [ 1, 0, 1, 0, 1, 0, 0, 0, 1, 0, 0, 1, 0, 1, 1 ], [ 1, 0, 1, 0, 1, 1, 0, 0, 1, 1, 0, 1, 0, 0, 1 ], 
      [ 1, 0, 1, 0, 0, 1, 0, 0, 0, 1, 0, 1, 1, 0, 1 ], [ 1, 0, 0, 1, 0, 0, 0, 1, 0, 0, 0, 1, 0, 0, 0 ], 
      [ 1, 0, 0, 1, 1, 0, 0, 1, 1, 0, 0, 1, 1, 0, 0 ], [ 1, 0, 0, 1, 1, 1, 0, 1, 1, 1, 0, 1, 1, 1, 0 ], 
      [ 1, 0, 0, 1, 0, 1, 0, 1, 0, 1, 0, 1, 0, 1, 0 ], [ 1, 0, 0, 0, 1, 0, 0, 0, 1, 0, 0, 0, 1, 0, 0 ], 
      [ 1, 0, 0, 0, 1, 1, 0, 0, 1, 1, 0, 0, 1, 1, 0 ], [ 1, 0, 0, 0, 0, 1, 0, 0, 0, 1, 0, 0, 0, 1, 0 ] ],
  GRP := Group( [ ( 5, 9)( 8,10)(12,16)(15,17)(20,24)(23,25)(27,31)(30,32)(36,40)(39,41)(43,47)(46,48)(51,55)(54,56)
        (58,62)(61,63), ( 5, 9)( 7,64)( 8,61)(10,63)(11,60)(12,16)(14,57)(15,54)(17,56)(18,53)(20,24)(22,49)(23,46)
        (25,48)(26,45)(27,31)(29,42)(30,39)(32,41)(33,38)(36,40)(43,47)(51,55)(58,62), 
      ( 6, 8)( 9,11)(13,15)(16,18)(21,23)(24,26)(28,30)(31,33)(37,39)(40,42)(44,46)(47,49)(52,54)(55,57)(59,61)
        (62,64), ( 3,19)(12,20)(13,21)(14,22)(15,23)(16,24)(17,25)(18,26)(34,50)(43,51)(44,52)(45,53)(46,54)(47,55)
        (48,56)(49,57), ( 1, 2)( 3,50)( 4,35)( 5,29)( 6,28)( 7,27)( 8,30)( 9,42)(10,41)(11,40)(12,14)(16,57)(17,56)
        (18,55)(19,34)(20,22)(24,49)(25,48)(26,47)(31,64)(32,63)(33,62)(36,60)(37,59)(38,58)(39,61)(43,45)(51,53), 
      ( 1, 3)( 2,34)( 4,50)( 5,14)( 6,13)( 7,12)( 8,15)( 9,57)(10,56)(11,55)(16,64)(17,63)(18,62)(19,35)(20,29)
        (21,28)(22,27)(23,30)(24,42)(25,41)(26,40)(31,49)(32,48)(33,47)(36,45)(37,44)(38,43)(39,46)(51,60)(52,59)
        (53,58)(54,61), ( 1, 5,10,64, 8, 9)( 2,36,41,33,39,40)( 3,51,56,18,54,55)( 4,58,63,11,61,62)( 6, 7)
        (12,17,57,15,16,50)(13,14)(19,43,48,26,46,47)(20,25,49,23,24,34)(21,22)(27,32,42,30,31,35)(28,29)(37,38)
        (44,45)(52,53)(59,60) ] ),
  LOrb := 
   [ [ 1, 2, 3, 12, 13, 14, 15, 16, 17, 18, 27, 28, 29, 30, 31, 32, 33, 34, 35, 36, 37, 38, 39, 40, 41, 42, 43, 44, 
          45, 46, 47, 48, 49, 50, 51, 52, 53, 54, 55, 56, 57, 58, 59, 60, 61, 62, 63, 64 ], 
      [ 3, 4, 5, 6, 9, 16, 17, 18, 20, 21, 22, 23, 29, 30, 32, 33, 34, 35, 36, 37, 40, 47, 48, 49, 51, 52, 53, 54, 
          60, 61, 63, 64 ] ],
  eRec := rec(
      GRA := rec(
          adjacencies := [ [ 2, 3, 4, 5, 6, 7 ], [ 1, 4, 5, 6, 7 ], [ 1, 4, 5, 6, 7 ], [ 1, 2, 3 ], [ 1, 2, 3 ], 
              [ 1, 2, 3 ], [ 1, 2, 3 ] ],
          group := Group( [ () ] ),
          isGraph := true,
          order := 7,
          representatives := [ 1, 2, 3, 4, 5, 6, 7 ],
          schreierVector := [ -1, -2, -3, -4, -5, -6, -7 ] ),
      ListEdges := [ [ 1, 2 ], [ 1, 3 ], [ 1, 4 ], [ 1, 5 ], [ 1, 6 ], [ 1, 7 ], [ 2, 4 ], [ 2, 5 ], [ 2, 6 ], 
          [ 2, 7 ], [ 3, 4 ], [ 3, 5 ], [ 3, 6 ], [ 3, 7 ] ],
      ListSet := [ [  ], [ 1 ], [ 1, 2 ], [ 1, 2, 3 ], [ 1, 2, 3, 4 ], [ 1, 2, 3, 4, 5 ], [ 1, 2, 3, 4, 5, 6 ], 
          [ 1, 2, 3, 4, 6 ], [ 1, 2, 3, 5 ], [ 1, 2, 3, 5, 6 ], [ 1, 2, 3, 6 ], [ 1, 2, 4 ], [ 1, 2, 4, 5 ], 
          [ 1, 2, 4, 5, 6 ], [ 1, 2, 4, 6 ], [ 1, 2, 5 ], [ 1, 2, 5, 6 ], [ 1, 2, 6 ], [ 1, 3 ], [ 1, 3, 4 ], 
          [ 1, 3, 4, 5 ], [ 1, 3, 4, 5, 6 ], [ 1, 3, 4, 6 ], [ 1, 3, 5 ], [ 1, 3, 5, 6 ], [ 1, 3, 6 ], [ 1, 4 ], 
          [ 1, 4, 5 ], [ 1, 4, 5, 6 ], [ 1, 4, 6 ], [ 1, 5 ], [ 1, 5, 6 ], [ 1, 6 ], [ 2 ], [ 2, 3 ], [ 2, 3, 4 ], 
          [ 2, 3, 4, 5 ], [ 2, 3, 4, 5, 6 ], [ 2, 3, 4, 6 ], [ 2, 3, 5 ], [ 2, 3, 5, 6 ], [ 2, 3, 6 ], [ 2, 4 ], 
          [ 2, 4, 5 ], [ 2, 4, 5, 6 ], [ 2, 4, 6 ], [ 2, 5 ], [ 2, 5, 6 ], [ 2, 6 ], [ 3 ], [ 3, 4 ], [ 3, 4, 5 ], 
          [ 3, 4, 5, 6 ], [ 3, 4, 6 ], [ 3, 5 ], [ 3, 5, 6 ], [ 3, 6 ], [ 4 ], [ 4, 5 ], [ 4, 5, 6 ], [ 4, 6 ], 
          [ 5 ], [ 5, 6 ], [ 6 ] ],
      ListVect := [ [ 1, 0, 0, 0, 0, 0, 0, 0, 0, 0, 0, 0, 0, 0, 0 ], [ 1, 1, 1, 1, 1, 1, 1, 0, 0, 0, 0, 0, 0, 0, 0 ],
          [ 1, 0, 1, 1, 1, 1, 1, 1, 1, 1, 1, 0, 0, 0, 0 ], [ 1, 0, 0, 1, 1, 1, 1, 1, 1, 1, 1, 1, 1, 1, 1 ], 
          [ 1, 0, 0, 0, 1, 1, 1, 0, 1, 1, 1, 0, 1, 1, 1 ], [ 1, 0, 0, 0, 0, 1, 1, 0, 0, 1, 1, 0, 0, 1, 1 ], 
          [ 1, 0, 0, 0, 0, 0, 1, 0, 0, 0, 1, 0, 0, 0, 1 ], [ 1, 0, 0, 0, 1, 0, 1, 0, 1, 0, 1, 0, 1, 0, 1 ], 
          [ 1, 0, 0, 1, 0, 1, 1, 1, 0, 1, 1, 1, 0, 1, 1 ], [ 1, 0, 0, 1, 0, 0, 1, 1, 0, 0, 1, 1, 0, 0, 1 ], 
          [ 1, 0, 0, 1, 1, 0, 1, 1, 1, 0, 1, 1, 1, 0, 1 ], [ 1, 0, 1, 0, 1, 1, 1, 0, 1, 1, 1, 1, 0, 0, 0 ], 
          [ 1, 0, 1, 0, 0, 1, 1, 0, 0, 1, 1, 1, 1, 0, 0 ], [ 1, 0, 1, 0, 0, 0, 1, 0, 0, 0, 1, 1, 1, 1, 0 ], 
          [ 1, 0, 1, 0, 1, 0, 1, 0, 1, 0, 1, 1, 0, 1, 0 ], [ 1, 0, 1, 1, 0, 1, 1, 1, 0, 1, 1, 0, 1, 0, 0 ], 
          [ 1, 0, 1, 1, 0, 0, 1, 1, 0, 0, 1, 0, 1, 1, 0 ], [ 1, 0, 1, 1, 1, 0, 1, 1, 1, 0, 1, 0, 0, 1, 0 ], 
          [ 1, 1, 0, 1, 1, 1, 1, 0, 0, 0, 0, 1, 1, 1, 1 ], [ 1, 1, 0, 0, 1, 1, 1, 1, 0, 0, 0, 0, 1, 1, 1 ], 
          [ 1, 1, 0, 0, 0, 1, 1, 1, 1, 0, 0, 0, 0, 1, 1 ], [ 1, 1, 0, 0, 0, 0, 1, 1, 1, 1, 0, 0, 0, 0, 1 ], 
          [ 1, 1, 0, 0, 1, 0, 1, 1, 0, 1, 0, 0, 1, 0, 1 ], [ 1, 1, 0, 1, 0, 1, 1, 0, 1, 0, 0, 1, 0, 1, 1 ], 
          [ 1, 1, 0, 1, 0, 0, 1, 0, 1, 1, 0, 1, 0, 0, 1 ], [ 1, 1, 0, 1, 1, 0, 1, 0, 0, 1, 0, 1, 1, 0, 1 ], 
          [ 1, 1, 1, 0, 1, 1, 1, 1, 0, 0, 0, 1, 0, 0, 0 ], [ 1, 1, 1, 0, 0, 1, 1, 1, 1, 0, 0, 1, 1, 0, 0 ], 
          [ 1, 1, 1, 0, 0, 0, 1, 1, 1, 1, 0, 1, 1, 1, 0 ], [ 1, 1, 1, 0, 1, 0, 1, 1, 0, 1, 0, 1, 0, 1, 0 ], 
          [ 1, 1, 1, 1, 0, 1, 1, 0, 1, 0, 0, 0, 1, 0, 0 ], [ 1, 1, 1, 1, 0, 0, 1, 0, 1, 1, 0, 0, 1, 1, 0 ], 
          [ 1, 1, 1, 1, 1, 0, 1, 0, 0, 1, 0, 0, 0, 1, 0 ], [ 1, 1, 0, 0, 0, 0, 0, 1, 1, 1, 1, 0, 0, 0, 0 ], 
          [ 1, 1, 1, 0, 0, 0, 0, 1, 1, 1, 1, 1, 1, 1, 1 ], [ 1, 1, 1, 1, 0, 0, 0, 0, 1, 1, 1, 0, 1, 1, 1 ], 
          [ 1, 1, 1, 1, 1, 0, 0, 0, 0, 1, 1, 0, 0, 1, 1 ], [ 1, 1, 1, 1, 1, 1, 0, 0, 0, 0, 1, 0, 0, 0, 1 ], 
          [ 1, 1, 1, 1, 0, 1, 0, 0, 1, 0, 1, 0, 1, 0, 1 ], [ 1, 1, 1, 0, 1, 0, 0, 1, 0, 1, 1, 1, 0, 1, 1 ], 
          [ 1, 1, 1, 0, 1, 1, 0, 1, 0, 0, 1, 1, 0, 0, 1 ], [ 1, 1, 1, 0, 0, 1, 0, 1, 1, 0, 1, 1, 1, 0, 1 ], 
          [ 1, 1, 0, 1, 0, 0, 0, 0, 1, 1, 1, 1, 0, 0, 0 ], [ 1, 1, 0, 1, 1, 0, 0, 0, 0, 1, 1, 1, 1, 0, 0 ], 
          [ 1, 1, 0, 1, 1, 1, 0, 0, 0, 0, 1, 1, 1, 1, 0 ], [ 1, 1, 0, 1, 0, 1, 0, 0, 1, 0, 1, 1, 0, 1, 0 ], 
          [ 1, 1, 0, 0, 1, 0, 0, 1, 0, 1, 1, 0, 1, 0, 0 ], [ 1, 1, 0, 0, 1, 1, 0, 1, 0, 0, 1, 0, 1, 1, 0 ], 
          [ 1, 1, 0, 0, 0, 1, 0, 1, 1, 0, 1, 0, 0, 1, 0 ], [ 1, 0, 1, 0, 0, 0, 0, 0, 0, 0, 0, 1, 1, 1, 1 ], 
          [ 1, 0, 1, 1, 0, 0, 0, 1, 0, 0, 0, 0, 1, 1, 1 ], [ 1, 0, 1, 1, 1, 0, 0, 1, 1, 0, 0, 0, 0, 1, 1 ], 
          [ 1, 0, 1, 1, 1, 1, 0, 1, 1, 1, 0, 0, 0, 0, 1 ], [ 1, 0, 1, 1, 0, 1, 0, 1, 0, 1, 0, 0, 1, 0, 1 ], 
          [ 1, 0, 1, 0, 1, 0, 0, 0, 1, 0, 0, 1, 0, 1, 1 ], [ 1, 0, 1, 0, 1, 1, 0, 0, 1, 1, 0, 1, 0, 0, 1 ], 
          [ 1, 0, 1, 0, 0, 1, 0, 0, 0, 1, 0, 1, 1, 0, 1 ], [ 1, 0, 0, 1, 0, 0, 0, 1, 0, 0, 0, 1, 0, 0, 0 ], 
          [ 1, 0, 0, 1, 1, 0, 0, 1, 1, 0, 0, 1, 1, 0, 0 ], [ 1, 0, 0, 1, 1, 1, 0, 1, 1, 1, 0, 1, 1, 1, 0 ], 
          [ 1, 0, 0, 1, 0, 1, 0, 1, 0, 1, 0, 1, 0, 1, 0 ], [ 1, 0, 0, 0, 1, 0, 0, 0, 1, 0, 0, 0, 1, 0, 0 ], 
          [ 1, 0, 0, 0, 1, 1, 0, 0, 1, 1, 0, 0, 1, 1, 0 ], [ 1, 0, 0, 0, 0, 1, 0, 0, 0, 1, 0, 0, 0, 1, 0 ] ] ) );
