return rec(
  EXT := [ [ 1, 0, 0, 0, 0 ], [ 1, 1, 1, 1, 1 ], [ 1, 0, 1, 1, 1 ], [ 1, 0, 0, 1, 1 ], [ 1, 0, 0, 0, 1 ], [ 1, 0, 1, 0, 1 ], 
      [ 1, 1, 0, 1, 1 ], [ 1, 1, 0, 0, 1 ], [ 1, 1, 1, 0, 1 ], [ 1, 1, 0, 0, 0 ], [ 1, 1, 1, 0, 0 ], [ 1, 1, 1, 1, 0 ], 
      [ 1, 1, 0, 1, 0 ], [ 1, 0, 1, 0, 0 ], [ 1, 0, 1, 1, 0 ], [ 1, 0, 0, 1, 0 ] ],
  GRP := Group( [ ( 3, 7)( 6, 8)(10,14)(13,15), ( 3, 7)( 5,16)( 6,13)( 8,15)( 9,12)(10,14), ( 4, 6)( 7, 9)(11,13)(14,16), 
      ( 1, 2)( 3, 5)( 7,16)( 8,15)( 9,14)(10,12), ( 1, 3, 8,16, 6, 7)( 2,10,15, 9,13,14)( 4, 5)(11,12) ] ),
  LOrb := [ [ 2, 3, 4, 5, 6, 7, 8, 9 ] ],
  eRec := rec(
      CUT_info := rec(
          EXT := [ [ 1, 0, 0, 0, 0 ], [ 1, 1, 1, 1, 1 ], [ 1, 0, 1, 1, 1 ], [ 1, 0, 0, 1, 1 ], [ 1, 0, 0, 0, 1 ], 
              [ 1, 0, 1, 0, 1 ], [ 1, 1, 0, 1, 1 ], [ 1, 1, 0, 0, 1 ], [ 1, 1, 1, 0, 1 ], [ 1, 1, 0, 0, 0 ], 
              [ 1, 1, 1, 0, 0 ], [ 1, 1, 1, 1, 0 ], [ 1, 1, 0, 1, 0 ], [ 1, 0, 1, 0, 0 ], [ 1, 0, 1, 1, 0 ], [ 1, 0, 0, 1, 0 ] ],
          GRP := Group( [ ( 1, 2)( 3,10)( 4,11)( 5,12)( 6,13)( 7,14)( 8,15)( 9,16), ( 1,10)( 2, 3)( 4, 7)( 5, 8)( 6, 9)(11,14)
                (12,15)(13,16), ( 5,16)( 6,15)( 8,13)( 9,12), ( 4, 6)( 7, 9)(11,13)(14,16), ( 3, 7)( 6, 8)(10,14)(13,15) ] ) ),
      GRA := rec(
          adjacencies := [ [ 2, 3, 4, 5 ], [ 1 ], [ 1 ], [ 1 ], [ 1 ] ],
          autGroup := Group( [ (4,5), (3,4), (2,3) ] ),
          group := Group( [ () ] ),
          isGraph := true,
          isSimple := true,
          order := 5,
          representatives := [ 1, 2, 3, 4, 5 ],
          schreierVector := [ -1, -2, -3, -4, -5 ] ),
      GRPedge := Group( [ (3,4), (2,3), (1,2) ] ),
      GRPvert := Group( [ (4,5), (3,4), (2,3) ] ),
      ListEdges := [ [ 1, 2 ], [ 1, 3 ], [ 1, 4 ], [ 1, 5 ] ],
      ListSet := [ [  ], [ 1 ], [ 1, 2 ], [ 1, 2, 3 ], [ 1, 2, 3, 4 ], [ 1, 2, 4 ], [ 1, 3 ], [ 1, 3, 4 ], [ 1, 4 ], [ 2 ], 
          [ 2, 3 ], [ 2, 3, 4 ], [ 2, 4 ], [ 3 ], [ 3, 4 ], [ 4 ] ],
      ListVect := [ [ 1, 0, 0, 0, 0 ], [ 1, 1, 1, 1, 1 ], [ 1, 0, 1, 1, 1 ], [ 1, 0, 0, 1, 1 ], [ 1, 0, 0, 0, 1 ], 
          [ 1, 0, 1, 0, 1 ], [ 1, 1, 0, 1, 1 ], [ 1, 1, 0, 0, 1 ], [ 1, 1, 1, 0, 1 ], [ 1, 1, 0, 0, 0 ], [ 1, 1, 1, 0, 0 ], 
          [ 1, 1, 1, 1, 0 ], [ 1, 1, 0, 1, 0 ], [ 1, 0, 1, 0, 0 ], [ 1, 0, 1, 1, 0 ], [ 1, 0, 0, 1, 0 ] ],
      MET_info := rec(
          EXT := [ [ 0, 1, 0, 0, 0 ], [ 1, -1, 0, 0, 0 ], [ 0, 0, 1, 0, 0 ], [ 1, 0, -1, 0, 0 ], [ 0, 0, 0, 1, 0 ], 
              [ 1, 0, 0, -1, 0 ], [ 0, 0, 0, 0, 1 ], [ 1, 0, 0, 0, -1 ] ],
          GRP := Group( [ (1,2)(3,4)(5,6)(7,8), (1,2), (5,7)(6,8), (3,5)(4,6), (1,3)(2,4) ] ) ) ) );
