return rec(
  EXT := [ [ 1, 0, 0, 0, 0, 0, 0, 0, 0, 0, 0, 0, 0 ], [ 1, 1, 1, 1, 0, 0, 0, 0, 0, 0, 0, 0, 0 ], 
      [ 1, 0, 1, 1, 1, 1, 0, 0, 0, 0, 0, 0, 0 ], [ 1, 0, 1, 1, 0, 1, 1, 1, 0, 0, 0, 0, 0 ], 
      [ 1, 0, 0, 1, 0, 1, 0, 1, 1, 0, 0, 0, 0 ], [ 1, 0, 0, 0, 0, 1, 0, 1, 1, 1, 1, 0, 0 ], 
      [ 1, 0, 0, 0, 0, 0, 0, 1, 1, 0, 1, 1, 0 ], [ 1, 0, 0, 0, 0, 0, 0, 0, 1, 0, 1, 0, 1 ], 
      [ 1, 0, 0, 0, 0, 1, 0, 0, 1, 1, 1, 1, 1 ], [ 1, 0, 0, 1, 0, 0, 0, 1, 1, 1, 0, 1, 0 ], 
      [ 1, 0, 0, 1, 0, 0, 0, 0, 1, 1, 0, 0, 1 ], [ 1, 0, 0, 1, 0, 1, 0, 0, 1, 0, 0, 1, 1 ], 
      [ 1, 0, 1, 0, 0, 1, 1, 1, 0, 1, 1, 0, 0 ], [ 1, 0, 1, 0, 0, 0, 1, 1, 0, 0, 1, 1, 0 ], 
      [ 1, 0, 1, 0, 0, 0, 1, 0, 0, 0, 1, 0, 1 ], [ 1, 0, 1, 0, 0, 1, 1, 0, 0, 1, 1, 1, 1 ], 
      [ 1, 0, 1, 1, 0, 0, 1, 1, 0, 1, 0, 1, 0 ], [ 1, 0, 1, 1, 0, 0, 1, 0, 0, 1, 0, 0, 1 ], 
      [ 1, 0, 1, 1, 0, 1, 1, 0, 0, 0, 0, 1, 1 ], [ 1, 0, 0, 1, 1, 1, 1, 0, 1, 0, 0, 0, 0 ], 
      [ 1, 0, 0, 0, 1, 1, 1, 0, 1, 1, 1, 0, 0 ], [ 1, 0, 0, 0, 1, 0, 1, 0, 1, 0, 1, 1, 0 ], 
      [ 1, 0, 0, 0, 1, 0, 1, 1, 1, 0, 1, 0, 1 ], [ 1, 0, 0, 0, 1, 1, 1, 1, 1, 1, 1, 1, 1 ], 
      [ 1, 0, 0, 1, 1, 0, 1, 0, 1, 1, 0, 1, 0 ], [ 1, 0, 0, 1, 1, 0, 1, 1, 1, 1, 0, 0, 1 ], 
      [ 1, 0, 0, 1, 1, 1, 1, 1, 1, 0, 0, 1, 1 ], [ 1, 0, 1, 0, 1, 1, 0, 0, 0, 1, 1, 0, 0 ], 
      [ 1, 0, 1, 0, 1, 0, 0, 0, 0, 0, 1, 1, 0 ], [ 1, 0, 1, 0, 1, 0, 0, 1, 0, 0, 1, 0, 1 ], 
      [ 1, 0, 1, 0, 1, 1, 0, 1, 0, 1, 1, 1, 1 ], [ 1, 0, 1, 1, 1, 0, 0, 0, 0, 1, 0, 1, 0 ], 
      [ 1, 0, 1, 1, 1, 0, 0, 1, 0, 1, 0, 0, 1 ], [ 1, 0, 1, 1, 1, 1, 0, 1, 0, 0, 0, 1, 1 ], 
      [ 1, 1, 1, 1, 1, 0, 1, 1, 0, 0, 0, 0, 0 ], [ 1, 1, 0, 1, 1, 0, 0, 1, 1, 0, 0, 0, 0 ], 
      [ 1, 1, 0, 0, 1, 0, 0, 1, 1, 1, 1, 0, 0 ], [ 1, 1, 0, 0, 1, 1, 0, 1, 1, 0, 1, 1, 0 ], 
      [ 1, 1, 0, 0, 1, 1, 0, 0, 1, 0, 1, 0, 1 ], [ 1, 1, 0, 0, 1, 0, 0, 0, 1, 1, 1, 1, 1 ], 
      [ 1, 1, 0, 1, 1, 1, 0, 1, 1, 1, 0, 1, 0 ], [ 1, 1, 0, 1, 1, 1, 0, 0, 1, 1, 0, 0, 1 ], 
      [ 1, 1, 0, 1, 1, 0, 0, 0, 1, 0, 0, 1, 1 ], [ 1, 1, 1, 0, 1, 0, 1, 1, 0, 1, 1, 0, 0 ], 
      [ 1, 1, 1, 0, 1, 1, 1, 1, 0, 0, 1, 1, 0 ], [ 1, 1, 1, 0, 1, 1, 1, 0, 0, 0, 1, 0, 1 ], 
      [ 1, 1, 1, 0, 1, 0, 1, 0, 0, 1, 1, 1, 1 ], [ 1, 1, 1, 1, 1, 1, 1, 1, 0, 1, 0, 1, 0 ], 
      [ 1, 1, 1, 1, 1, 1, 1, 0, 0, 1, 0, 0, 1 ], [ 1, 1, 1, 1, 1, 0, 1, 0, 0, 0, 0, 1, 1 ], 
      [ 1, 1, 0, 1, 0, 0, 1, 0, 1, 0, 0, 0, 0 ], [ 1, 1, 0, 0, 0, 0, 1, 0, 1, 1, 1, 0, 0 ], 
      [ 1, 1, 0, 0, 0, 1, 1, 0, 1, 0, 1, 1, 0 ], [ 1, 1, 0, 0, 0, 1, 1, 1, 1, 0, 1, 0, 1 ], 
      [ 1, 1, 0, 0, 0, 0, 1, 1, 1, 1, 1, 1, 1 ], [ 1, 1, 0, 1, 0, 1, 1, 0, 1, 1, 0, 1, 0 ], 
      [ 1, 1, 0, 1, 0, 1, 1, 1, 1, 1, 0, 0, 1 ], [ 1, 1, 0, 1, 0, 0, 1, 1, 1, 0, 0, 1, 1 ], 
      [ 1, 1, 1, 0, 0, 0, 0, 0, 0, 1, 1, 0, 0 ], [ 1, 1, 1, 0, 0, 1, 0, 0, 0, 0, 1, 1, 0 ], 
      [ 1, 1, 1, 0, 0, 1, 0, 1, 0, 0, 1, 0, 1 ], [ 1, 1, 1, 0, 0, 0, 0, 1, 0, 1, 1, 1, 1 ], 
      [ 1, 1, 1, 1, 0, 1, 0, 0, 0, 1, 0, 1, 0 ], [ 1, 1, 1, 1, 0, 1, 0, 1, 0, 1, 0, 0, 1 ], 
      [ 1, 1, 1, 1, 0, 0, 0, 1, 0, 0, 0, 1, 1 ], [ 1, 1, 0, 0, 1, 1, 0, 0, 0, 0, 0, 0, 0 ], 
      [ 1, 1, 0, 0, 0, 1, 1, 1, 0, 0, 0, 0, 0 ], [ 1, 1, 1, 0, 0, 1, 0, 1, 1, 0, 0, 0, 0 ], 
      [ 1, 1, 1, 1, 0, 1, 0, 1, 1, 1, 1, 0, 0 ], [ 1, 1, 1, 1, 0, 0, 0, 1, 1, 0, 1, 1, 0 ], 
      [ 1, 1, 1, 1, 0, 0, 0, 0, 1, 0, 1, 0, 1 ], [ 1, 1, 1, 1, 0, 1, 0, 0, 1, 1, 1, 1, 1 ], 
      [ 1, 1, 1, 0, 0, 0, 0, 1, 1, 1, 0, 1, 0 ], [ 1, 1, 1, 0, 0, 0, 0, 0, 1, 1, 0, 0, 1 ], 
      [ 1, 1, 1, 0, 0, 1, 0, 0, 1, 0, 0, 1, 1 ], [ 1, 1, 0, 1, 0, 1, 1, 1, 0, 1, 1, 0, 0 ], 
      [ 1, 1, 0, 1, 0, 0, 1, 1, 0, 0, 1, 1, 0 ], [ 1, 1, 0, 1, 0, 0, 1, 0, 0, 0, 1, 0, 1 ], 
      [ 1, 1, 0, 1, 0, 1, 1, 0, 0, 1, 1, 1, 1 ], [ 1, 1, 0, 0, 0, 0, 1, 1, 0, 1, 0, 1, 0 ], 
      [ 1, 1, 0, 0, 0, 0, 1, 0, 0, 1, 0, 0, 1 ], [ 1, 1, 0, 0, 0, 1, 1, 0, 0, 0, 0, 1, 1 ], 
      [ 1, 1, 1, 0, 1, 1, 1, 0, 1, 0, 0, 0, 0 ], [ 1, 1, 1, 1, 1, 1, 1, 0, 1, 1, 1, 0, 0 ], 
      [ 1, 1, 1, 1, 1, 0, 1, 0, 1, 0, 1, 1, 0 ], [ 1, 1, 1, 1, 1, 0, 1, 1, 1, 0, 1, 0, 1 ], 
      [ 1, 1, 1, 1, 1, 1, 1, 1, 1, 1, 1, 1, 1 ], [ 1, 1, 1, 0, 1, 0, 1, 0, 1, 1, 0, 1, 0 ], 
      [ 1, 1, 1, 0, 1, 0, 1, 1, 1, 1, 0, 0, 1 ], [ 1, 1, 1, 0, 1, 1, 1, 1, 1, 0, 0, 1, 1 ], 
      [ 1, 1, 0, 1, 1, 1, 0, 0, 0, 1, 1, 0, 0 ], [ 1, 1, 0, 1, 1, 0, 0, 0, 0, 0, 1, 1, 0 ], 
      [ 1, 1, 0, 1, 1, 0, 0, 1, 0, 0, 1, 0, 1 ], [ 1, 1, 0, 1, 1, 1, 0, 1, 0, 1, 1, 1, 1 ], 
      [ 1, 1, 0, 0, 1, 0, 0, 0, 0, 1, 0, 1, 0 ], [ 1, 1, 0, 0, 1, 0, 0, 1, 0, 1, 0, 0, 1 ], 
      [ 1, 1, 0, 0, 1, 1, 0, 1, 0, 0, 0, 1, 1 ], [ 1, 0, 0, 0, 1, 0, 1, 1, 0, 0, 0, 0, 0 ], 
      [ 1, 0, 1, 0, 1, 0, 0, 1, 1, 0, 0, 0, 0 ], [ 1, 0, 1, 1, 1, 0, 0, 1, 1, 1, 1, 0, 0 ], 
      [ 1, 0, 1, 1, 1, 1, 0, 1, 1, 0, 1, 1, 0 ], [ 1, 0, 1, 1, 1, 1, 0, 0, 1, 0, 1, 0, 1 ], 
      [ 1, 0, 1, 1, 1, 0, 0, 0, 1, 1, 1, 1, 1 ], [ 1, 0, 1, 0, 1, 1, 0, 1, 1, 1, 0, 1, 0 ], 
      [ 1, 0, 1, 0, 1, 1, 0, 0, 1, 1, 0, 0, 1 ], [ 1, 0, 1, 0, 1, 0, 0, 0, 1, 0, 0, 1, 1 ], 
      [ 1, 0, 0, 1, 1, 0, 1, 1, 0, 1, 1, 0, 0 ], [ 1, 0, 0, 1, 1, 1, 1, 1, 0, 0, 1, 1, 0 ], 
      [ 1, 0, 0, 1, 1, 1, 1, 0, 0, 0, 1, 0, 1 ], [ 1, 0, 0, 1, 1, 0, 1, 0, 0, 1, 1, 1, 1 ], 
      [ 1, 0, 0, 0, 1, 1, 1, 1, 0, 1, 0, 1, 0 ], [ 1, 0, 0, 0, 1, 1, 1, 0, 0, 1, 0, 0, 1 ], 
      [ 1, 0, 0, 0, 1, 0, 1, 0, 0, 0, 0, 1, 1 ], [ 1, 0, 1, 0, 0, 0, 1, 0, 1, 0, 0, 0, 0 ], 
      [ 1, 0, 1, 1, 0, 0, 1, 0, 1, 1, 1, 0, 0 ], [ 1, 0, 1, 1, 0, 1, 1, 0, 1, 0, 1, 1, 0 ], 
      [ 1, 0, 1, 1, 0, 1, 1, 1, 1, 0, 1, 0, 1 ], [ 1, 0, 1, 1, 0, 0, 1, 1, 1, 1, 1, 1, 1 ], 
      [ 1, 0, 1, 0, 0, 1, 1, 0, 1, 1, 0, 1, 0 ], [ 1, 0, 1, 0, 0, 1, 1, 1, 1, 1, 0, 0, 1 ], 
      [ 1, 0, 1, 0, 0, 0, 1, 1, 1, 0, 0, 1, 1 ], [ 1, 0, 0, 1, 0, 0, 0, 0, 0, 1, 1, 0, 0 ], 
      [ 1, 0, 0, 1, 0, 1, 0, 0, 0, 0, 1, 1, 0 ], [ 1, 0, 0, 1, 0, 1, 0, 1, 0, 0, 1, 0, 1 ], 
      [ 1, 0, 0, 1, 0, 0, 0, 1, 0, 1, 1, 1, 1 ], [ 1, 0, 0, 0, 0, 1, 0, 0, 0, 1, 0, 1, 0 ], 
      [ 1, 0, 0, 0, 0, 1, 0, 1, 0, 1, 0, 0, 1 ], [ 1, 0, 0, 0, 0, 0, 0, 1, 0, 0, 0, 1, 1 ] ],
  GRP := Group( [ (  2, 98)(  3, 67)(  6, 12)(  7, 11)( 13, 19)( 14, 18)( 20, 68)( 21, 75)( 22, 74)( 23, 71)( 24, 72)
        ( 25, 73)( 26, 70)( 27, 69)( 28, 82)( 29, 81)( 30, 78)( 31, 79)( 32, 80)( 33, 77)( 34, 76)( 37, 43)( 38, 42)
        ( 44, 50)( 45, 49)( 51, 99)( 52,106)( 53,105)( 54,102)( 55,103)( 56,104)( 57,101)( 58,100)( 59,113)( 60,112)
        ( 61,109)( 62,110)( 63,111)( 64,108)( 65,107)( 84, 90)( 85, 89)( 91, 97)( 92, 96)(115,121)(116,120)(122,128)
        (123,127), (  4, 32)(  5, 29)(  6, 22)(  9, 23)( 10, 14)( 11, 15)( 12, 30)( 13, 25)( 16, 26)( 19, 33)
        ( 20, 28)( 27, 31)( 35, 63)( 36, 60)( 37, 53)( 40, 54)( 41, 45)( 42, 46)( 43, 61)( 44, 56)( 47, 57)( 50, 64)
        ( 51, 59)( 58, 62)( 67, 95)( 68, 92)( 69, 85)( 72, 86)( 73, 77)( 74, 78)( 75, 93)( 76, 88)( 79, 89)( 82, 96)
        ( 83, 91)( 90, 94)( 98,126)( 99,123)(100,116)(103,117)(104,108)(105,109)(106,124)(107,119)(110,120)(113,127)
        (114,122)(121,125), (  2,122,126,128, 98,114)(  3, 11, 95,  7, 67, 15)(  4, 18, 32, 10, 80, 14)(  5, 81, 29)
        (  6, 82, 30, 20, 74, 92)(  8, 66)(  9, 97, 23, 83, 71, 91)( 12, 96, 22, 68, 78, 28)( 13, 19, 33, 25, 73, 77)
        ( 16, 34, 26, 88, 70, 76)( 21, 75, 93)( 24, 90, 86, 84, 72, 94)( 27, 89, 85, 69, 79, 31)( 35,115, 63,125,111,
         121)( 36, 52, 60,124,112,106)( 37, 53, 61,109,105, 43)( 38, 54, 46,102, 42, 40)( 41, 55, 45,117, 49,103)
        ( 44,116, 64,110,104, 58)( 47,101, 57)( 48,118)( 50,100, 56, 62,108,120)( 51, 59,123,127,113, 99)
        ( 65,107,119), (  2,122,126, 66)(  3, 59,123, 95)(  4, 52, 12, 96)(  5, 81)(  6, 82, 36, 18)(  7,113, 99, 15)
        (  8,128, 98,114)(  9, 97, 35,115)( 10,112, 68, 78)( 11,127, 67, 51)( 13, 53, 43, 33)( 14, 22,106, 30)
        ( 16, 38, 50,100)( 17, 21, 75, 93)( 19, 37)( 20, 74,124, 80)( 23,121)( 24, 90, 86,118)( 25,105, 61, 77)
        ( 26,120, 54, 58)( 27, 89,117, 55)( 28, 60, 92, 32)( 31, 45, 85,103)( 34, 44,116, 40)( 39, 65,107,119)
        ( 41, 49, 69, 79)( 42, 64, 76, 56)( 46, 70,110,104)( 47,101)( 48, 84, 72, 94)( 62,108, 88,102)( 63, 91)
        ( 71,125,111, 83)( 73,109), (  1,  2, 35, 48,111,126)(  3,  4, 17, 80, 95, 66)(  5, 18, 77, 88, 97, 28)
        (  6, 11, 78, 85, 90, 31)(  7, 74, 93, 84, 27, 16)(  8, 71, 86, 87, 24,  9)( 10, 81, 92, 83, 34, 13)
        ( 12, 15, 70, 89, 94, 21)( 14, 73, 96, 91, 20, 19)( 22, 75, 30, 69, 26, 79)( 23, 72)( 25, 82, 29, 68, 33, 76)
        ( 32, 67)( 36, 49,108,119,128, 59)( 37, 42,109,116,121, 62)( 38,105,124,115, 58, 47)( 39,102,117,118, 55, 40)
        ( 41,112,123,114, 65, 44)( 43, 46,101,120,125, 52)( 45,104,127,122, 51, 50)( 53,106, 61,100, 57,110)( 54,103)
        ( 56,113, 60, 99, 64,107)( 63, 98) ] ),
  LOrb := 
   [ [ 1, 2, 3, 4, 5, 6, 7, 10, 13, 14, 17, 28, 29, 30, 31, 32, 33, 34, 35, 36, 37, 38, 41, 44, 45, 48, 59, 60, 61, 
          62, 63, 64, 65, 66, 67, 68, 69, 70, 73, 76, 77, 80, 91, 92, 93, 94, 95, 96, 97, 98, 99, 100, 101, 104, 
          107, 108, 111, 122, 123, 124, 125, 126, 127, 128 ], 
      [ 3, 4, 5, 6, 9, 12, 13, 16, 19, 20, 21, 24, 27, 28, 31, 34, 38, 39, 41, 42, 45, 46, 48, 49, 53, 54, 56, 57, 
          60, 61, 63, 64, 66, 67, 68, 69, 72, 75, 76, 79, 82, 83, 84, 87, 90, 91, 94, 97, 101, 102, 104, 105, 108, 
          109, 111, 112, 116, 117, 119, 120, 123, 124, 126, 127 ], 
      [ 6, 7, 13, 14, 37, 38, 44, 45, 52, 53, 54, 55, 59, 60, 61, 62, 67, 68, 69, 70, 73, 76, 77, 80 ] ],
  eRec := rec(
      GRA := rec(
          adjacencies := [ [ 2, 4, 5 ], [ 1, 3, 6 ], [ 2, 4, 7 ], [ 1, 3, 8 ], [ 1, 6, 8 ], [ 2, 5, 7 ], 
              [ 3, 6, 8 ], [ 4, 5, 7 ] ],
          group := Group( [ () ] ),
          isGraph := true,
          order := 8,
          representatives := [ 1, 2, 3, 4, 5, 6, 7, 8 ],
          schreierVector := [ -1, -2, -3, -4, -5, -6, -7, -8 ] ),
      ListEdges := [ [ 1, 2 ], [ 1, 4 ], [ 1, 5 ], [ 2, 3 ], [ 2, 6 ], [ 3, 4 ], [ 3, 7 ], [ 4, 8 ], [ 5, 6 ], 
          [ 5, 8 ], [ 6, 7 ], [ 7, 8 ] ],
      ListSet := [ [  ], [ 1 ], [ 1, 2 ], [ 1, 2, 3 ], [ 1, 2, 3, 4 ], [ 1, 2, 3, 4, 5 ], [ 1, 2, 3, 4, 5, 6 ], 
          [ 1, 2, 3, 4, 5, 6, 7 ], [ 1, 2, 3, 4, 5, 7 ], [ 1, 2, 3, 4, 6 ], [ 1, 2, 3, 4, 6, 7 ], [ 1, 2, 3, 4, 7 ], 
          [ 1, 2, 3, 5 ], [ 1, 2, 3, 5, 6 ], [ 1, 2, 3, 5, 6, 7 ], [ 1, 2, 3, 5, 7 ], [ 1, 2, 3, 6 ], 
          [ 1, 2, 3, 6, 7 ], [ 1, 2, 3, 7 ], [ 1, 2, 4 ], [ 1, 2, 4, 5 ], [ 1, 2, 4, 5, 6 ], [ 1, 2, 4, 5, 6, 7 ], 
          [ 1, 2, 4, 5, 7 ], [ 1, 2, 4, 6 ], [ 1, 2, 4, 6, 7 ], [ 1, 2, 4, 7 ], [ 1, 2, 5 ], [ 1, 2, 5, 6 ], 
          [ 1, 2, 5, 6, 7 ], [ 1, 2, 5, 7 ], [ 1, 2, 6 ], [ 1, 2, 6, 7 ], [ 1, 2, 7 ], [ 1, 3 ], [ 1, 3, 4 ], 
          [ 1, 3, 4, 5 ], [ 1, 3, 4, 5, 6 ], [ 1, 3, 4, 5, 6, 7 ], [ 1, 3, 4, 5, 7 ], [ 1, 3, 4, 6 ], 
          [ 1, 3, 4, 6, 7 ], [ 1, 3, 4, 7 ], [ 1, 3, 5 ], [ 1, 3, 5, 6 ], [ 1, 3, 5, 6, 7 ], [ 1, 3, 5, 7 ], 
          [ 1, 3, 6 ], [ 1, 3, 6, 7 ], [ 1, 3, 7 ], [ 1, 4 ], [ 1, 4, 5 ], [ 1, 4, 5, 6 ], [ 1, 4, 5, 6, 7 ], 
          [ 1, 4, 5, 7 ], [ 1, 4, 6 ], [ 1, 4, 6, 7 ], [ 1, 4, 7 ], [ 1, 5 ], [ 1, 5, 6 ], [ 1, 5, 6, 7 ], 
          [ 1, 5, 7 ], [ 1, 6 ], [ 1, 6, 7 ], [ 1, 7 ], [ 2 ], [ 2, 3 ], [ 2, 3, 4 ], [ 2, 3, 4, 5 ], 
          [ 2, 3, 4, 5, 6 ], [ 2, 3, 4, 5, 6, 7 ], [ 2, 3, 4, 5, 7 ], [ 2, 3, 4, 6 ], [ 2, 3, 4, 6, 7 ], 
          [ 2, 3, 4, 7 ], [ 2, 3, 5 ], [ 2, 3, 5, 6 ], [ 2, 3, 5, 6, 7 ], [ 2, 3, 5, 7 ], [ 2, 3, 6 ], 
          [ 2, 3, 6, 7 ], [ 2, 3, 7 ], [ 2, 4 ], [ 2, 4, 5 ], [ 2, 4, 5, 6 ], [ 2, 4, 5, 6, 7 ], [ 2, 4, 5, 7 ], 
          [ 2, 4, 6 ], [ 2, 4, 6, 7 ], [ 2, 4, 7 ], [ 2, 5 ], [ 2, 5, 6 ], [ 2, 5, 6, 7 ], [ 2, 5, 7 ], [ 2, 6 ], 
          [ 2, 6, 7 ], [ 2, 7 ], [ 3 ], [ 3, 4 ], [ 3, 4, 5 ], [ 3, 4, 5, 6 ], [ 3, 4, 5, 6, 7 ], [ 3, 4, 5, 7 ], 
          [ 3, 4, 6 ], [ 3, 4, 6, 7 ], [ 3, 4, 7 ], [ 3, 5 ], [ 3, 5, 6 ], [ 3, 5, 6, 7 ], [ 3, 5, 7 ], [ 3, 6 ], 
          [ 3, 6, 7 ], [ 3, 7 ], [ 4 ], [ 4, 5 ], [ 4, 5, 6 ], [ 4, 5, 6, 7 ], [ 4, 5, 7 ], [ 4, 6 ], [ 4, 6, 7 ], 
          [ 4, 7 ], [ 5 ], [ 5, 6 ], [ 5, 6, 7 ], [ 5, 7 ], [ 6 ], [ 6, 7 ], [ 7 ] ],
      ListVect := [ [ 1, 0, 0, 0, 0, 0, 0, 0, 0, 0, 0, 0, 0 ], [ 1, 1, 1, 1, 0, 0, 0, 0, 0, 0, 0, 0, 0 ], 
          [ 1, 0, 1, 1, 1, 1, 0, 0, 0, 0, 0, 0, 0 ], [ 1, 0, 1, 1, 0, 1, 1, 1, 0, 0, 0, 0, 0 ], 
          [ 1, 0, 0, 1, 0, 1, 0, 1, 1, 0, 0, 0, 0 ], [ 1, 0, 0, 0, 0, 1, 0, 1, 1, 1, 1, 0, 0 ], 
          [ 1, 0, 0, 0, 0, 0, 0, 1, 1, 0, 1, 1, 0 ], [ 1, 0, 0, 0, 0, 0, 0, 0, 1, 0, 1, 0, 1 ], 
          [ 1, 0, 0, 0, 0, 1, 0, 0, 1, 1, 1, 1, 1 ], [ 1, 0, 0, 1, 0, 0, 0, 1, 1, 1, 0, 1, 0 ], 
          [ 1, 0, 0, 1, 0, 0, 0, 0, 1, 1, 0, 0, 1 ], [ 1, 0, 0, 1, 0, 1, 0, 0, 1, 0, 0, 1, 1 ], 
          [ 1, 0, 1, 0, 0, 1, 1, 1, 0, 1, 1, 0, 0 ], [ 1, 0, 1, 0, 0, 0, 1, 1, 0, 0, 1, 1, 0 ], 
          [ 1, 0, 1, 0, 0, 0, 1, 0, 0, 0, 1, 0, 1 ], [ 1, 0, 1, 0, 0, 1, 1, 0, 0, 1, 1, 1, 1 ], 
          [ 1, 0, 1, 1, 0, 0, 1, 1, 0, 1, 0, 1, 0 ], [ 1, 0, 1, 1, 0, 0, 1, 0, 0, 1, 0, 0, 1 ], 
          [ 1, 0, 1, 1, 0, 1, 1, 0, 0, 0, 0, 1, 1 ], [ 1, 0, 0, 1, 1, 1, 1, 0, 1, 0, 0, 0, 0 ], 
          [ 1, 0, 0, 0, 1, 1, 1, 0, 1, 1, 1, 0, 0 ], [ 1, 0, 0, 0, 1, 0, 1, 0, 1, 0, 1, 1, 0 ], 
          [ 1, 0, 0, 0, 1, 0, 1, 1, 1, 0, 1, 0, 1 ], [ 1, 0, 0, 0, 1, 1, 1, 1, 1, 1, 1, 1, 1 ], 
          [ 1, 0, 0, 1, 1, 0, 1, 0, 1, 1, 0, 1, 0 ], [ 1, 0, 0, 1, 1, 0, 1, 1, 1, 1, 0, 0, 1 ], 
          [ 1, 0, 0, 1, 1, 1, 1, 1, 1, 0, 0, 1, 1 ], [ 1, 0, 1, 0, 1, 1, 0, 0, 0, 1, 1, 0, 0 ], 
          [ 1, 0, 1, 0, 1, 0, 0, 0, 0, 0, 1, 1, 0 ], [ 1, 0, 1, 0, 1, 0, 0, 1, 0, 0, 1, 0, 1 ], 
          [ 1, 0, 1, 0, 1, 1, 0, 1, 0, 1, 1, 1, 1 ], [ 1, 0, 1, 1, 1, 0, 0, 0, 0, 1, 0, 1, 0 ], 
          [ 1, 0, 1, 1, 1, 0, 0, 1, 0, 1, 0, 0, 1 ], [ 1, 0, 1, 1, 1, 1, 0, 1, 0, 0, 0, 1, 1 ], 
          [ 1, 1, 1, 1, 1, 0, 1, 1, 0, 0, 0, 0, 0 ], [ 1, 1, 0, 1, 1, 0, 0, 1, 1, 0, 0, 0, 0 ], 
          [ 1, 1, 0, 0, 1, 0, 0, 1, 1, 1, 1, 0, 0 ], [ 1, 1, 0, 0, 1, 1, 0, 1, 1, 0, 1, 1, 0 ], 
          [ 1, 1, 0, 0, 1, 1, 0, 0, 1, 0, 1, 0, 1 ], [ 1, 1, 0, 0, 1, 0, 0, 0, 1, 1, 1, 1, 1 ], 
          [ 1, 1, 0, 1, 1, 1, 0, 1, 1, 1, 0, 1, 0 ], [ 1, 1, 0, 1, 1, 1, 0, 0, 1, 1, 0, 0, 1 ], 
          [ 1, 1, 0, 1, 1, 0, 0, 0, 1, 0, 0, 1, 1 ], [ 1, 1, 1, 0, 1, 0, 1, 1, 0, 1, 1, 0, 0 ], 
          [ 1, 1, 1, 0, 1, 1, 1, 1, 0, 0, 1, 1, 0 ], [ 1, 1, 1, 0, 1, 1, 1, 0, 0, 0, 1, 0, 1 ], 
          [ 1, 1, 1, 0, 1, 0, 1, 0, 0, 1, 1, 1, 1 ], [ 1, 1, 1, 1, 1, 1, 1, 1, 0, 1, 0, 1, 0 ], 
          [ 1, 1, 1, 1, 1, 1, 1, 0, 0, 1, 0, 0, 1 ], [ 1, 1, 1, 1, 1, 0, 1, 0, 0, 0, 0, 1, 1 ], 
          [ 1, 1, 0, 1, 0, 0, 1, 0, 1, 0, 0, 0, 0 ], [ 1, 1, 0, 0, 0, 0, 1, 0, 1, 1, 1, 0, 0 ], 
          [ 1, 1, 0, 0, 0, 1, 1, 0, 1, 0, 1, 1, 0 ], [ 1, 1, 0, 0, 0, 1, 1, 1, 1, 0, 1, 0, 1 ], 
          [ 1, 1, 0, 0, 0, 0, 1, 1, 1, 1, 1, 1, 1 ], [ 1, 1, 0, 1, 0, 1, 1, 0, 1, 1, 0, 1, 0 ], 
          [ 1, 1, 0, 1, 0, 1, 1, 1, 1, 1, 0, 0, 1 ], [ 1, 1, 0, 1, 0, 0, 1, 1, 1, 0, 0, 1, 1 ], 
          [ 1, 1, 1, 0, 0, 0, 0, 0, 0, 1, 1, 0, 0 ], [ 1, 1, 1, 0, 0, 1, 0, 0, 0, 0, 1, 1, 0 ], 
          [ 1, 1, 1, 0, 0, 1, 0, 1, 0, 0, 1, 0, 1 ], [ 1, 1, 1, 0, 0, 0, 0, 1, 0, 1, 1, 1, 1 ], 
          [ 1, 1, 1, 1, 0, 1, 0, 0, 0, 1, 0, 1, 0 ], [ 1, 1, 1, 1, 0, 1, 0, 1, 0, 1, 0, 0, 1 ], 
          [ 1, 1, 1, 1, 0, 0, 0, 1, 0, 0, 0, 1, 1 ], [ 1, 1, 0, 0, 1, 1, 0, 0, 0, 0, 0, 0, 0 ], 
          [ 1, 1, 0, 0, 0, 1, 1, 1, 0, 0, 0, 0, 0 ], [ 1, 1, 1, 0, 0, 1, 0, 1, 1, 0, 0, 0, 0 ], 
          [ 1, 1, 1, 1, 0, 1, 0, 1, 1, 1, 1, 0, 0 ], [ 1, 1, 1, 1, 0, 0, 0, 1, 1, 0, 1, 1, 0 ], 
          [ 1, 1, 1, 1, 0, 0, 0, 0, 1, 0, 1, 0, 1 ], [ 1, 1, 1, 1, 0, 1, 0, 0, 1, 1, 1, 1, 1 ], 
          [ 1, 1, 1, 0, 0, 0, 0, 1, 1, 1, 0, 1, 0 ], [ 1, 1, 1, 0, 0, 0, 0, 0, 1, 1, 0, 0, 1 ], 
          [ 1, 1, 1, 0, 0, 1, 0, 0, 1, 0, 0, 1, 1 ], [ 1, 1, 0, 1, 0, 1, 1, 1, 0, 1, 1, 0, 0 ], 
          [ 1, 1, 0, 1, 0, 0, 1, 1, 0, 0, 1, 1, 0 ], [ 1, 1, 0, 1, 0, 0, 1, 0, 0, 0, 1, 0, 1 ], 
          [ 1, 1, 0, 1, 0, 1, 1, 0, 0, 1, 1, 1, 1 ], [ 1, 1, 0, 0, 0, 0, 1, 1, 0, 1, 0, 1, 0 ], 
          [ 1, 1, 0, 0, 0, 0, 1, 0, 0, 1, 0, 0, 1 ], [ 1, 1, 0, 0, 0, 1, 1, 0, 0, 0, 0, 1, 1 ], 
          [ 1, 1, 1, 0, 1, 1, 1, 0, 1, 0, 0, 0, 0 ], [ 1, 1, 1, 1, 1, 1, 1, 0, 1, 1, 1, 0, 0 ], 
          [ 1, 1, 1, 1, 1, 0, 1, 0, 1, 0, 1, 1, 0 ], [ 1, 1, 1, 1, 1, 0, 1, 1, 1, 0, 1, 0, 1 ], 
          [ 1, 1, 1, 1, 1, 1, 1, 1, 1, 1, 1, 1, 1 ], [ 1, 1, 1, 0, 1, 0, 1, 0, 1, 1, 0, 1, 0 ], 
          [ 1, 1, 1, 0, 1, 0, 1, 1, 1, 1, 0, 0, 1 ], [ 1, 1, 1, 0, 1, 1, 1, 1, 1, 0, 0, 1, 1 ], 
          [ 1, 1, 0, 1, 1, 1, 0, 0, 0, 1, 1, 0, 0 ], [ 1, 1, 0, 1, 1, 0, 0, 0, 0, 0, 1, 1, 0 ], 
          [ 1, 1, 0, 1, 1, 0, 0, 1, 0, 0, 1, 0, 1 ], [ 1, 1, 0, 1, 1, 1, 0, 1, 0, 1, 1, 1, 1 ], 
          [ 1, 1, 0, 0, 1, 0, 0, 0, 0, 1, 0, 1, 0 ], [ 1, 1, 0, 0, 1, 0, 0, 1, 0, 1, 0, 0, 1 ], 
          [ 1, 1, 0, 0, 1, 1, 0, 1, 0, 0, 0, 1, 1 ], [ 1, 0, 0, 0, 1, 0, 1, 1, 0, 0, 0, 0, 0 ], 
          [ 1, 0, 1, 0, 1, 0, 0, 1, 1, 0, 0, 0, 0 ], [ 1, 0, 1, 1, 1, 0, 0, 1, 1, 1, 1, 0, 0 ], 
          [ 1, 0, 1, 1, 1, 1, 0, 1, 1, 0, 1, 1, 0 ], [ 1, 0, 1, 1, 1, 1, 0, 0, 1, 0, 1, 0, 1 ], 
          [ 1, 0, 1, 1, 1, 0, 0, 0, 1, 1, 1, 1, 1 ], [ 1, 0, 1, 0, 1, 1, 0, 1, 1, 1, 0, 1, 0 ], 
          [ 1, 0, 1, 0, 1, 1, 0, 0, 1, 1, 0, 0, 1 ], [ 1, 0, 1, 0, 1, 0, 0, 0, 1, 0, 0, 1, 1 ], 
          [ 1, 0, 0, 1, 1, 0, 1, 1, 0, 1, 1, 0, 0 ], [ 1, 0, 0, 1, 1, 1, 1, 1, 0, 0, 1, 1, 0 ], 
          [ 1, 0, 0, 1, 1, 1, 1, 0, 0, 0, 1, 0, 1 ], [ 1, 0, 0, 1, 1, 0, 1, 0, 0, 1, 1, 1, 1 ], 
          [ 1, 0, 0, 0, 1, 1, 1, 1, 0, 1, 0, 1, 0 ], [ 1, 0, 0, 0, 1, 1, 1, 0, 0, 1, 0, 0, 1 ], 
          [ 1, 0, 0, 0, 1, 0, 1, 0, 0, 0, 0, 1, 1 ], [ 1, 0, 1, 0, 0, 0, 1, 0, 1, 0, 0, 0, 0 ], 
          [ 1, 0, 1, 1, 0, 0, 1, 0, 1, 1, 1, 0, 0 ], [ 1, 0, 1, 1, 0, 1, 1, 0, 1, 0, 1, 1, 0 ], 
          [ 1, 0, 1, 1, 0, 1, 1, 1, 1, 0, 1, 0, 1 ], [ 1, 0, 1, 1, 0, 0, 1, 1, 1, 1, 1, 1, 1 ], 
          [ 1, 0, 1, 0, 0, 1, 1, 0, 1, 1, 0, 1, 0 ], [ 1, 0, 1, 0, 0, 1, 1, 1, 1, 1, 0, 0, 1 ], 
          [ 1, 0, 1, 0, 0, 0, 1, 1, 1, 0, 0, 1, 1 ], [ 1, 0, 0, 1, 0, 0, 0, 0, 0, 1, 1, 0, 0 ], 
          [ 1, 0, 0, 1, 0, 1, 0, 0, 0, 0, 1, 1, 0 ], [ 1, 0, 0, 1, 0, 1, 0, 1, 0, 0, 1, 0, 1 ], 
          [ 1, 0, 0, 1, 0, 0, 0, 1, 0, 1, 1, 1, 1 ], [ 1, 0, 0, 0, 0, 1, 0, 0, 0, 1, 0, 1, 0 ], 
          [ 1, 0, 0, 0, 0, 1, 0, 1, 0, 1, 0, 0, 1 ], [ 1, 0, 0, 0, 0, 0, 0, 1, 0, 0, 0, 1, 1 ] ] ) );
