Delaunay polytope 12 vertices
 0 0 0 0 1 0 0
 1 0 0 0 1 0 -1
 1 1 1 1 1 -1 -3
 0 0 0 0 0 1 0
 0 0 0 1 0 0 0
 1 0 0 1 0 0 -1
 0 0 1 0 0 0 0
 1 0 1 0 0 0 -1
 0 1 0 0 0 0 0
 1 1 0 0 0 0 -1
 0 0 0 0 0 0 1
 1 0 0 0 0 0 0
Delaunay polytope 13 vertices
 0 0 0 0 1 0 0
 1 1 1 1 1 -1 -3
 0 0 0 0 0 1 0
 0 0 0 1 0 0 0
 1 0 0 1 0 0 -1
 0 1 1 0 0 0 -1
 1 1 1 0 0 0 -2
 0 0 1 0 0 0 0
 1 0 1 0 0 0 -1
 0 1 0 0 0 0 0
 1 1 0 0 0 0 -1
 0 0 0 0 0 0 1
 1 0 0 0 0 0 0
Delaunay polytope 12 vertices
 0 1 0 0 1 0 -1
 0 0 0 0 1 0 0
 1 1 1 1 1 -1 -3
 0 0 0 0 0 1 0
 0 0 0 1 0 0 0
 1 0 0 1 0 0 -1
 0 0 1 0 0 0 0
 1 0 1 0 0 0 -1
 0 1 0 0 0 0 0
 1 1 0 0 0 0 -1
 0 0 0 0 0 0 1
 1 0 0 0 0 0 0
Delaunay polytope 12 vertices
 0 0 0 0 0 1 0
 0 0 0 0 1 0 0
 0 0 0 1 0 0 0
 1 0 0 1 0 0 -1
 1 1 1 1 1 -1 -3
 0 0 0 0 -1 1 1
 0 0 1 0 0 0 0
 1 0 1 0 0 0 -1
 0 1 0 0 0 0 0
 1 1 0 0 0 0 -1
 0 0 0 0 0 0 1
 1 0 0 0 0 0 0
Delaunay polytope 12 vertices
 0 0 0 0 1 0 0
 1 1 1 1 1 -1 -3
 0 0 0 0 0 1 0
 0 0 0 -1 0 1 1
 0 0 0 1 0 0 0
 1 0 0 1 0 0 -1
 0 0 1 0 0 0 0
 1 0 1 0 0 0 -1
 0 1 0 0 0 0 0
 1 1 0 0 0 0 -1
 0 0 0 0 0 0 1
 1 0 0 0 0 0 0
Delaunay polytope 12 vertices
 0 0 0 0 1 0 0
 1 1 1 1 1 -1 -3
 -1 0 0 0 0 1 1
 0 0 0 0 0 1 0
 0 0 0 1 0 0 0
 1 0 0 1 0 0 -1
 0 0 1 0 0 0 0
 1 0 1 0 0 0 -1
 0 1 0 0 0 0 0
 1 1 0 0 0 0 -1
 0 0 0 0 0 0 1
 1 0 0 0 0 0 0
Delaunay polytope 13 vertices
 0 0 0 1 1 0 -1
 0 0 0 0 1 0 0
 1 1 1 1 1 -1 -3
 0 0 0 0 0 1 0
 0 0 0 1 0 0 0
 0 1 1 0 0 0 -1
 1 1 1 0 0 0 -2
 0 0 1 0 0 0 0
 1 0 1 0 0 0 -1
 0 1 0 0 0 0 0
 1 1 0 0 0 0 -1
 0 0 0 0 0 0 1
 1 0 0 0 0 0 0
Delaunay polytope 13 vertices
 0 0 0 0 0 1 0
 0 0 0 0 1 0 0
 0 0 0 1 0 0 0
 1 1 1 1 1 -1 -3
 0 0 0 0 -1 1 1
 0 1 1 0 0 0 -1
 1 1 1 0 0 0 -2
 0 0 1 0 0 0 0
 1 0 1 0 0 0 -1
 0 1 0 0 0 0 0
 1 1 0 0 0 0 -1
 0 0 0 0 0 0 1
 1 0 0 0 0 0 0
Delaunay polytope 12 vertices
 0 0 0 0 1 0 0
 1 1 1 1 1 -1 -3
 0 0 0 0 0 1 0
 0 0 1 1 0 0 -1
 0 1 0 1 0 0 -1
 0 0 0 1 0 0 0
 0 0 1 0 0 0 0
 1 0 1 0 0 0 -1
 0 1 0 0 0 0 0
 1 1 0 0 0 0 -1
 0 0 0 0 0 0 1
 1 0 0 0 0 0 0
Delaunay polytope 12 vertices
 0 0 1 0 1 0 -1
 0 0 0 0 1 0 0
 1 1 1 1 1 -1 -3
 0 0 0 0 0 1 0
 0 1 0 1 0 0 -1
 0 0 0 1 0 0 0
 0 0 1 0 0 0 0
 1 0 1 0 0 0 -1
 0 1 0 0 0 0 0
 1 1 0 0 0 0 -1
 0 0 0 0 0 0 1
 1 0 0 0 0 0 0
Delaunay polytope 12 vertices
 0 0 0 0 0 1 0
 0 0 0 0 1 0 0
 0 1 0 1 0 0 -1
 0 0 0 1 0 0 0
 1 1 1 1 1 -1 -3
 0 0 0 0 -1 1 1
 0 0 1 0 0 0 0
 1 0 1 0 0 0 -1
 0 1 0 0 0 0 0
 1 1 0 0 0 0 -1
 0 0 0 0 0 0 1
 1 0 0 0 0 0 0
Delaunay polytope 12 vertices
 0 0 0 0 1 0 0
 1 1 1 1 1 -1 -3
 0 0 0 0 0 1 0
 0 0 0 -1 0 1 1
 0 1 0 1 0 0 -1
 0 0 0 1 0 0 0
 0 0 1 0 0 0 0
 1 0 1 0 0 0 -1
 0 1 0 0 0 0 0
 1 1 0 0 0 0 -1
 0 0 0 0 0 0 1
 1 0 0 0 0 0 0
Delaunay polytope 12 vertices
 0 0 0 0 1 0 0
 1 1 1 1 1 -1 -3
 0 0 0 0 0 1 0
 0 -1 0 0 0 1 1
 0 1 0 1 0 0 -1
 0 0 0 1 0 0 0
 0 0 1 0 0 0 0
 1 0 1 0 0 0 -1
 0 1 0 0 0 0 0
 1 1 0 0 0 0 -1
 0 0 0 0 0 0 1
 1 0 0 0 0 0 0
Delaunay polytope 12 vertices
 0 0 0 1 1 0 -1
 0 0 0 0 0 1 0
 0 0 0 0 1 0 0
 0 0 0 1 0 0 0
 1 1 1 1 1 -1 -3
 0 0 0 0 -1 1 1
 0 0 1 0 0 0 0
 1 0 1 0 0 0 -1
 0 1 0 0 0 0 0
 1 1 0 0 0 0 -1
 0 0 0 0 0 0 1
 1 0 0 0 0 0 0
Delaunay polytope 12 vertices
 0 0 0 1 1 0 -1
 0 0 0 0 1 0 0
 1 1 1 1 1 -1 -3
 0 0 0 0 0 1 0
 0 0 -1 0 0 1 1
 0 0 0 1 0 0 0
 0 0 1 0 0 0 0
 1 0 1 0 0 0 -1
 0 1 0 0 0 0 0
 1 1 0 0 0 0 -1
 0 0 0 0 0 0 1
 1 0 0 0 0 0 0
Delaunay polytope 12 vertices
 0 0 0 1 1 0 -1
 0 0 0 0 1 0 0
 1 1 1 1 1 -1 -3
 -1 0 0 0 0 1 1
 0 0 0 0 0 1 0
 0 0 0 1 0 0 0
 0 0 1 0 0 0 0
 1 0 1 0 0 0 -1
 0 1 0 0 0 0 0
 1 1 0 0 0 0 -1
 0 0 0 0 0 0 1
 1 0 0 0 0 0 0
Delaunay polytope 12 vertices
 0 0 0 0 0 1 0
 0 0 0 0 1 0 0
 0 0 0 -1 0 1 1
 0 0 0 1 0 0 0
 0 0 0 0 -1 1 1
 1 1 1 1 1 -1 -3
 0 0 1 0 0 0 0
 1 0 1 0 0 0 -1
 0 1 0 0 0 0 0
 1 1 0 0 0 0 -1
 0 0 0 0 0 0 1
 1 0 0 0 0 0 0
Delaunay polytope 12 vertices
 0 0 0 0 0 1 0
 0 0 -1 0 0 1 1
 0 0 0 0 1 0 0
 0 0 0 1 0 0 0
 1 1 1 1 1 -1 -3
 0 0 0 0 -1 1 1
 0 0 1 0 0 0 0
 1 0 1 0 0 0 -1
 0 1 0 0 0 0 0
 1 1 0 0 0 0 -1
 0 0 0 0 0 0 1
 1 0 0 0 0 0 0
Delaunay polytope 12 vertices
 -1 0 0 0 0 1 1
 0 0 0 0 0 1 0
 0 0 0 0 1 0 0
 0 0 0 1 0 0 0
 1 1 1 1 1 -1 -3
 0 0 0 0 -1 1 1
 0 0 1 0 0 0 0
 1 0 1 0 0 0 -1
 0 1 0 0 0 0 0
 1 1 0 0 0 0 -1
 0 0 0 0 0 0 1
 1 0 0 0 0 0 0
Delaunay polytope 12 vertices
 0 0 0 1 0 0 0
 1 1 1 1 1 -1 -3
 1 1 1 1 0 -1 -2
 0 0 0 0 0 1 0
 0 0 0 0 -1 1 1
 0 0 0 0 1 0 0
 0 0 1 0 0 0 0
 1 0 1 0 0 0 -1
 0 1 0 0 0 0 0
 1 1 0 0 0 0 -1
 0 0 0 0 0 0 1
 1 0 0 0 0 0 0
Delaunay polytope 12 vertices
 0 0 0 0 0 1 0
 0 0 0 0 1 0 0
 1 1 1 1 1 -1 -3
 0 0 0 1 0 0 0
 0 0 1 0 0 0 0
 1 0 1 0 0 0 -1
 1 1 1 0 1 -1 -2
 0 0 0 0 -1 1 1
 0 1 0 0 0 0 0
 1 1 0 0 0 0 -1
 0 0 0 0 0 0 1
 1 0 0 0 0 0 0
Delaunay polytope 12 vertices
 0 0 0 0 0 1 0
 0 0 0 0 1 0 0
 0 0 0 1 0 0 0
 1 1 1 1 1 -1 -3
 1 1 0 1 1 -1 -2
 0 0 0 0 -1 1 1
 0 0 1 0 0 0 0
 1 0 1 0 0 0 -1
 0 1 0 0 0 0 0
 1 1 0 0 0 0 -1
 0 0 0 0 0 0 1
 1 0 0 0 0 0 0
Delaunay polytope 12 vertices
 0 0 0 0 0 1 0
 0 0 0 0 1 0 0
 0 0 0 1 0 0 0
 0 1 1 1 1 -1 -2
 1 1 1 1 1 -1 -3
 0 0 0 0 -1 1 1
 0 0 1 0 0 0 0
 1 0 1 0 0 0 -1
 0 1 0 0 0 0 0
 1 1 0 0 0 0 -1
 0 0 0 0 0 0 1
 1 0 0 0 0 0 0
Delaunay polytope 12 vertices
 0 0 0 0 1 0 0
 1 1 1 1 1 -1 -3
 0 0 0 0 0 1 0
 0 -1 0 0 0 1 1
 0 0 -1 0 0 1 1
 0 0 0 1 0 0 0
 0 0 1 0 0 0 0
 1 0 1 0 0 0 -1
 0 1 0 0 0 0 0
 1 1 0 0 0 0 -1
 0 0 0 0 0 0 1
 1 0 0 0 0 0 0
Delaunay polytope 13 vertices
 0 0 0 0 1 0 0
 1 1 1 1 1 -1 -3
 -1 0 0 0 0 1 1
 0 0 0 0 0 1 0
 -1 0 -1 0 0 1 2
 0 0 -1 0 0 1 1
 0 0 0 1 0 0 0
 0 0 1 0 0 0 0
 1 0 1 0 0 0 -1
 0 1 0 0 0 0 0
 1 1 0 0 0 0 -1
 0 0 0 0 0 0 1
 1 0 0 0 0 0 0
Delaunay polytope 12 vertices
 0 0 0 0 1 0 0
 1 1 1 1 1 -1 -3
 1 1 0 1 1 -1 -2
 0 0 0 0 0 1 0
 0 0 -1 0 0 1 1
 0 0 0 1 0 0 0
 0 0 1 0 0 0 0
 1 0 1 0 0 0 -1
 0 1 0 0 0 0 0
 1 1 0 0 0 0 -1
 0 0 0 0 0 0 1
 1 0 0 0 0 0 0
Delaunay polytope 12 vertices
 0 0 0 0 1 0 0
 1 1 1 1 1 -1 -3
 1 0 1 1 1 -1 -2
 0 0 0 0 0 1 0
 0 0 -1 0 0 1 1
 0 0 0 1 0 0 0
 0 0 1 0 0 0 0
 1 0 1 0 0 0 -1
 0 1 0 0 0 0 0
 1 1 0 0 0 0 -1
 0 0 0 0 0 0 1
 1 0 0 0 0 0 0
Delaunay polytope 12 vertices
 0 0 0 0 1 0 0
 0 1 1 1 1 -1 -2
 1 1 1 1 1 -1 -3
 0 0 0 0 0 1 0
 0 0 -1 0 0 1 1
 0 0 0 1 0 0 0
 0 0 1 0 0 0 0
 1 0 1 0 0 0 -1
 0 1 0 0 0 0 0
 1 1 0 0 0 0 -1
 0 0 0 0 0 0 1
 1 0 0 0 0 0 0
Delaunay polytope 12 vertices
 0 0 0 0 1 0 0
 0 1 1 1 1 -1 -2
 1 1 1 1 1 -1 -3
 -1 0 0 0 0 1 1
 0 0 0 0 0 1 0
 0 0 0 1 0 0 0
 0 0 1 0 0 0 0
 1 0 1 0 0 0 -1
 0 1 0 0 0 0 0
 1 1 0 0 0 0 -1
 0 0 0 0 0 0 1
 1 0 0 0 0 0 0
Delaunay polytope 12 vertices
 0 0 0 0 0 1 0
 0 0 0 0 1 0 0
 0 0 0 -1 0 1 1
 0 0 1 1 0 0 -1
 0 0 0 1 0 0 0
 0 0 0 0 -1 1 1
 1 1 1 1 1 -1 -3
 0 0 1 0 0 0 0
 0 1 0 0 0 0 0
 1 1 0 0 0 0 -1
 0 0 0 0 0 0 1
 1 0 0 0 0 0 0
Delaunay polytope 12 vertices
 0 0 1 1 0 0 -1
 0 0 0 1 0 0 0
 1 1 1 1 1 -1 -3
 1 1 1 1 0 -1 -2
 0 0 0 0 0 1 0
 0 0 0 0 -1 1 1
 0 0 0 0 1 0 0
 0 0 1 0 0 0 0
 0 1 0 0 0 0 0
 1 1 0 0 0 0 -1
 0 0 0 0 0 0 1
 1 0 0 0 0 0 0
Delaunay polytope 12 vertices
 0 0 0 0 0 1 0
 0 0 0 0 1 0 0
 0 0 1 1 0 0 -1
 1 1 1 1 1 -1 -3
 0 0 0 1 0 0 0
 0 0 1 0 0 0 0
 1 1 1 0 1 -1 -2
 0 0 0 0 -1 1 1
 0 1 0 0 0 0 0
 1 1 0 0 0 0 -1
 0 0 0 0 0 0 1
 1 0 0 0 0 0 0
Delaunay polytope 13 vertices
 0 0 0 0 1 0 0
 1 1 1 1 1 -1 -3
 0 0 0 0 0 1 0
 0 0 -1 0 0 1 1
 0 0 0 -1 0 1 1
 0 0 -1 -1 0 1 2
 0 0 1 1 0 0 -1
 0 0 0 1 0 0 0
 0 0 1 0 0 0 0
 0 1 0 0 0 0 0
 1 1 0 0 0 0 -1
 0 0 0 0 0 0 1
 1 0 0 0 0 0 0
Delaunay polytope 12 vertices
 0 0 0 0 1 0 0
 1 1 1 1 1 -1 -3
 0 0 0 0 0 1 0
 0 -1 0 0 0 1 1
 0 0 0 -1 0 1 1
 0 0 1 1 0 0 -1
 0 0 0 1 0 0 0
 0 0 1 0 0 0 0
 0 1 0 0 0 0 0
 1 1 0 0 0 0 -1
 0 0 0 0 0 0 1
 1 0 0 0 0 0 0
Delaunay polytope 12 vertices
 0 0 0 0 1 0 0
 1 1 1 1 1 -1 -3
 1 1 1 0 1 -1 -2
 0 0 0 0 0 1 0
 0 0 0 -1 0 1 1
 0 0 1 1 0 0 -1
 0 0 0 1 0 0 0
 0 0 1 0 0 0 0
 0 1 0 0 0 0 0
 1 1 0 0 0 0 -1
 0 0 0 0 0 0 1
 1 0 0 0 0 0 0
Delaunay polytope 12 vertices
 0 0 0 0 1 0 0
 1 1 1 1 1 -1 -3
 1 1 0 1 1 -1 -2
 0 0 0 0 0 1 0
 0 0 0 -1 0 1 1
 0 0 1 1 0 0 -1
 0 0 0 1 0 0 0
 0 0 1 0 0 0 0
 0 1 0 0 0 0 0
 1 1 0 0 0 0 -1
 0 0 0 0 0 0 1
 1 0 0 0 0 0 0
Delaunay polytope 12 vertices
 0 0 0 0 1 0 0
 1 1 1 1 1 -1 -3
 1 0 1 1 1 -1 -2
 0 0 0 0 0 1 0
 0 0 0 -1 0 1 1
 0 0 1 1 0 0 -1
 0 0 0 1 0 0 0
 0 0 1 0 0 0 0
 0 1 0 0 0 0 0
 1 1 0 0 0 0 -1
 0 0 0 0 0 0 1
 1 0 0 0 0 0 0
Delaunay polytope 12 vertices
 0 0 0 0 0 1 0
 0 0 -1 0 0 1 1
 0 0 0 0 1 0 0
 0 0 0 -1 0 1 1
 0 0 0 1 0 0 0
 0 0 0 0 -1 1 1
 1 1 1 1 1 -1 -3
 0 0 1 0 0 0 0
 0 1 0 0 0 0 0
 1 1 0 0 0 0 -1
 0 0 0 0 0 0 1
 1 0 0 0 0 0 0
Delaunay polytope 12 vertices
 0 0 0 0 0 1 0
 0 -1 0 0 0 1 1
 0 0 0 0 1 0 0
 0 0 0 -1 0 1 1
 0 0 0 1 0 0 0
 0 0 0 0 -1 1 1
 1 1 1 1 1 -1 -3
 0 0 1 0 0 0 0
 0 1 0 0 0 0 0
 1 1 0 0 0 0 -1
 0 0 0 0 0 0 1
 1 0 0 0 0 0 0
Delaunay polytope 12 vertices
 0 0 0 0 0 1 0
 0 0 0 1 0 0 0
 0 0 0 0 -1 1 1
 1 1 1 1 1 -1 -3
 0 0 0 0 1 0 0
 0 0 1 0 0 0 0
 1 1 1 1 0 -1 -2
 0 0 0 -1 0 1 1
 0 1 0 0 0 0 0
 1 1 0 0 0 0 -1
 0 0 0 0 0 0 1
 1 0 0 0 0 0 0
Delaunay polytope 12 vertices
 0 0 0 0 0 1 0
 0 0 0 0 1 0 0
 0 0 0 -1 0 1 1
 0 0 0 1 0 0 0
 0 0 0 0 -1 1 1
 1 1 1 1 1 -1 -3
 1 1 0 1 1 -1 -2
 0 0 1 0 0 0 0
 0 1 0 0 0 0 0
 1 1 0 0 0 0 -1
 0 0 0 0 0 0 1
 1 0 0 0 0 0 0
Delaunay polytope 12 vertices
 0 0 0 0 0 1 0
 0 0 0 0 1 0 0
 0 0 0 -1 0 1 1
 0 0 0 1 0 0 0
 0 0 0 0 -1 1 1
 1 1 1 1 1 -1 -3
 1 0 1 1 1 -1 -2
 0 0 1 0 0 0 0
 0 1 0 0 0 0 0
 1 1 0 0 0 0 -1
 0 0 0 0 0 0 1
 1 0 0 0 0 0 0
Delaunay polytope 13 vertices
 -1 0 0 0 0 1 1
 0 0 0 0 0 1 0
 -1 -1 0 0 0 1 2
 0 -1 0 0 0 1 1
 0 0 0 0 1 0 0
 0 0 0 1 0 0 0
 1 1 1 1 1 -1 -3
 0 0 0 0 -1 1 1
 0 0 1 0 0 0 0
 0 1 0 0 0 0 0
 1 1 0 0 0 0 -1
 0 0 0 0 0 0 1
 1 0 0 0 0 0 0
Delaunay polytope 12 vertices
 0 0 0 1 0 0 0
 1 1 1 1 1 -1 -3
 1 1 1 1 0 -1 -2
 0 0 0 0 0 1 0
 0 -1 0 0 0 1 1
 0 0 0 0 -1 1 1
 0 0 0 0 1 0 0
 0 0 1 0 0 0 0
 0 1 0 0 0 0 0
 1 1 0 0 0 0 -1
 0 0 0 0 0 0 1
 1 0 0 0 0 0 0
Delaunay polytope 12 vertices
 0 0 0 0 0 1 0
 0 -1 0 0 0 1 1
 0 0 0 0 1 0 0
 1 1 1 1 1 -1 -3
 0 0 0 1 0 0 0
 0 0 1 0 0 0 0
 1 1 1 0 1 -1 -2
 0 0 0 0 -1 1 1
 0 1 0 0 0 0 0
 1 1 0 0 0 0 -1
 0 0 0 0 0 0 1
 1 0 0 0 0 0 0
Delaunay polytope 12 vertices
 0 0 0 0 0 1 0
 0 -1 0 0 0 1 1
 0 0 0 0 1 0 0
 0 0 0 1 0 0 0
 1 1 1 1 1 -1 -3
 1 0 1 1 1 -1 -2
 0 0 0 0 -1 1 1
 0 0 1 0 0 0 0
 0 1 0 0 0 0 0
 1 1 0 0 0 0 -1
 0 0 0 0 0 0 1
 1 0 0 0 0 0 0
Delaunay polytope 12 vertices
 0 0 0 0 0 1 0
 0 -1 0 0 0 1 1
 0 0 0 0 1 0 0
 0 0 0 1 0 0 0
 0 1 1 1 1 -1 -2
 1 1 1 1 1 -1 -3
 0 0 0 0 -1 1 1
 0 0 1 0 0 0 0
 0 1 0 0 0 0 0
 1 1 0 0 0 0 -1
 0 0 0 0 0 0 1
 1 0 0 0 0 0 0
Delaunay polytope 13 vertices
 0 0 0 0 1 0 0
 1 1 1 1 1 -1 -3
 1 0 1 1 1 -1 -2
 -1 0 0 0 0 1 1
 0 0 0 0 0 1 0
 -1 -1 0 0 0 1 2
 0 -1 0 0 0 1 1
 0 0 0 1 0 0 0
 0 0 1 0 0 0 0
 0 1 0 0 0 0 0
 1 1 0 0 0 0 -1
 0 0 0 0 0 0 1
 1 0 0 0 0 0 0
Delaunay polytope 12 vertices
 0 -1 0 0 0 1 1
 0 0 0 0 0 1 0
 0 0 -1 0 0 1 1
 0 0 0 0 1 0 0
 0 0 0 -1 0 1 1
 0 0 0 1 0 0 0
 0 0 0 0 -1 1 1
 1 1 1 1 1 -1 -3
 0 0 1 0 0 0 0
 0 0 0 0 0 0 1
 0 1 0 0 0 0 0
 1 0 0 0 0 0 0
Delaunay polytope 12 vertices
 0 0 0 0 0 1 0
 0 0 0 1 0 0 0
 0 0 -1 0 0 1 1
 0 0 0 0 -1 1 1
 1 1 1 1 1 -1 -3
 0 0 0 0 1 0 0
 0 0 1 0 0 0 0
 0 0 0 -1 0 1 1
 1 1 1 1 0 -1 -2
 0 0 0 0 0 0 1
 0 1 0 0 0 0 0
 1 0 0 0 0 0 0
Delaunay polytope 12 vertices
 0 0 0 0 0 1 0
 0 0 -1 0 0 1 1
 0 0 0 0 1 0 0
 0 0 0 -1 0 1 1
 0 0 0 1 0 0 0
 0 0 0 0 -1 1 1
 1 0 1 1 1 -1 -2
 1 1 1 1 1 -1 -3
 0 0 1 0 0 0 0
 0 0 0 0 0 0 1
 0 1 0 0 0 0 0
 1 0 0 0 0 0 0
Delaunay polytope 12 vertices
 1 1 1 1 1 -1 -3
 0 0 0 0 0 1 0
 0 0 0 0 1 0 0
 0 0 0 1 0 0 0
 0 0 1 0 0 0 0
 1 1 1 0 1 -1 -2
 1 1 1 1 0 -1 -2
 0 0 0 -1 0 1 1
 0 0 0 0 -1 1 1
 0 0 0 0 0 0 1
 0 1 0 0 0 0 0
 1 0 0 0 0 0 0
Delaunay polytope 12 vertices
 0 0 0 0 0 1 0
 0 0 0 1 0 0 0
 0 0 0 0 -1 1 1
 1 1 1 1 1 -1 -3
 0 0 0 0 1 0 0
 1 1 0 1 1 -1 -2
 0 0 1 0 0 0 0
 1 1 1 1 0 -1 -2
 0 0 0 -1 0 1 1
 0 0 0 0 0 0 1
 0 1 0 0 0 0 0
 1 0 0 0 0 0 0
Delaunay polytope 12 vertices
 0 0 0 0 0 1 0
 0 0 0 0 1 0 0
 0 0 0 -1 0 1 1
 0 0 0 1 0 0 0
 0 0 0 0 -1 1 1
 1 0 1 1 1 -1 -2
 1 1 1 1 1 -1 -3
 1 1 0 1 1 -1 -2
 0 0 1 0 0 0 0
 0 0 0 0 0 0 1
 0 1 0 0 0 0 0
 1 0 0 0 0 0 0
Delaunay polytope 13 vertices
 0 0 1 0 0 0 0
 0 1 0 0 0 0 0
 1 1 0 -1 0 0 0
 1 1 0 0 -1 0 0
 1 1 0 0 0 0 -1
 0 1 0 0 0 -1 1
 1 1 0 0 0 -1 0
 0 0 0 0 0 1 0
 1 0 0 0 0 1 -1
 0 0 0 0 0 0 1
 0 0 0 0 1 0 0
 0 0 0 1 0 0 0
 1 0 0 0 0 0 0
Delaunay polytope 13 vertices
 0 0 0 1 0 0 0
 0 0 1 0 0 0 0
 1 0 1 0 0 0 -1
 0 1 0 0 0 0 0
 1 1 0 0 0 0 -1
 1 1 0 0 -1 0 0
 0 1 0 0 0 -1 1
 1 1 0 0 0 -1 0
 0 0 0 0 0 1 0
 1 0 0 0 0 1 -1
 0 0 0 0 1 0 0
 0 0 0 0 0 0 1
 1 0 0 0 0 0 0
Delaunay polytope 13 vertices
 0 0 0 1 0 0 0
 0 0 1 0 0 0 0
 1 0 1 0 -1 0 0
 0 1 0 0 0 0 0
 1 1 0 0 -1 0 0
 1 1 0 0 0 0 -1
 0 1 0 0 0 -1 1
 1 1 0 0 0 -1 0
 0 0 0 0 0 1 0
 1 0 0 0 0 1 -1
 0 0 0 0 0 0 1
 0 0 0 0 1 0 0
 1 0 0 0 0 0 0
Delaunay polytope 13 vertices
 0 0 1 0 0 0 0
 1 0 1 -1 0 0 0
 0 0 0 1 0 0 0
 0 1 0 0 0 0 0
 1 1 0 0 -1 0 0
 1 1 0 0 0 0 -1
 0 1 0 0 0 -1 1
 1 1 0 0 0 -1 0
 0 0 0 0 0 1 0
 1 0 0 0 0 1 -1
 0 0 0 0 0 0 1
 0 0 0 0 1 0 0
 1 0 0 0 0 0 0
Delaunay polytope 14 vertices
 0 0 0 1 0 0 0
 0 0 1 0 0 0 0
 0 1 0 0 0 0 0
 1 1 0 0 0 0 -1
 0 1 0 0 -1 0 1
 1 1 0 0 -1 0 0
 0 1 0 0 0 -1 1
 1 1 0 0 0 -1 0
 0 0 0 0 0 1 0
 1 0 0 0 0 1 -1
 0 0 0 0 1 0 0
 1 0 0 0 1 0 -1
 0 0 0 0 0 0 1
 1 0 0 0 0 0 0
Delaunay polytope 13 vertices
 0 0 1 1 -1 0 0
 0 0 0 1 0 0 0
 0 0 1 0 0 0 0
 0 1 0 0 0 0 0
 1 1 0 0 -1 0 0
 1 1 0 0 0 0 -1
 0 1 0 0 0 -1 1
 1 1 0 0 0 -1 0
 0 0 0 0 0 1 0
 1 0 0 0 0 1 -1
 0 0 0 0 0 0 1
 0 0 0 0 1 0 0
 1 0 0 0 0 0 0
Delaunay polytope 13 vertices
 1 0 1 1 -1 0 -1
 0 0 0 1 0 0 0
 0 0 1 0 0 0 0
 0 1 0 0 0 0 0
 1 1 0 0 -1 0 0
 1 1 0 0 0 0 -1
 0 1 0 0 0 -1 1
 1 1 0 0 0 -1 0
 0 0 0 0 0 1 0
 1 0 0 0 0 1 -1
 0 0 0 0 0 0 1
 0 0 0 0 1 0 0
 1 0 0 0 0 0 0
Delaunay polytope 14 vertices
 0 0 0 0 1 0 0
 0 0 0 1 0 0 0
 0 0 1 0 0 0 0
 1 0 1 0 0 0 -1
 0 0 1 0 0 -1 1
 1 0 1 0 0 -1 0
 0 1 0 0 0 0 0
 1 1 0 0 0 0 -1
 0 1 0 0 0 -1 1
 1 1 0 0 0 -1 0
 0 0 0 0 0 1 0
 1 0 0 0 0 1 -1
 0 0 0 0 0 0 1
 1 0 0 0 0 0 0
Delaunay polytope 13 vertices
 0 0 0 1 0 0 0
 0 0 1 0 0 0 0
 1 0 1 0 0 0 -1
 1 0 1 0 -1 0 0
 0 0 0 0 1 0 0
 0 1 0 0 0 0 0
 1 1 0 0 0 0 -1
 0 1 0 0 0 -1 1
 1 1 0 0 0 -1 0
 0 0 0 0 0 1 0
 1 0 0 0 0 1 -1
 0 0 0 0 0 0 1
 1 0 0 0 0 0 0
Delaunay polytope 13 vertices
 0 0 0 0 1 0 0
 0 0 0 1 0 0 0
 1 0 0 1 0 0 -1
 0 0 1 0 0 0 0
 1 0 1 0 0 0 -1
 0 1 0 0 0 0 0
 1 1 0 0 0 0 -1
 0 1 0 0 0 -1 1
 1 1 0 0 0 -1 0
 0 0 0 0 0 1 0
 1 0 0 0 0 1 -1
 0 0 0 0 0 0 1
 1 0 0 0 0 0 0
Delaunay polytope 13 vertices
 0 0 0 1 0 0 0
 1 0 0 1 -1 0 0
 0 0 0 0 1 0 0
 0 0 1 0 0 0 0
 1 0 1 0 0 0 -1
 0 1 0 0 0 0 0
 1 1 0 0 0 0 -1
 0 1 0 0 0 -1 1
 1 1 0 0 0 -1 0
 0 0 0 0 0 1 0
 1 0 0 0 0 1 -1
 0 0 0 0 0 0 1
 1 0 0 0 0 0 0
Delaunay polytope 13 vertices
 0 0 0 0 1 0 0
 0 1 0 1 0 -1 0
 0 0 0 1 0 0 0
 0 0 1 0 0 0 0
 1 0 1 0 0 0 -1
 0 1 0 0 0 0 0
 1 1 0 0 0 0 -1
 0 1 0 0 0 -1 1
 1 1 0 0 0 -1 0
 0 0 0 0 0 1 0
 1 0 0 0 0 1 -1
 0 0 0 0 0 0 1
 1 0 0 0 0 0 0
Delaunay polytope 13 vertices
 0 0 0 0 1 0 0
 0 0 1 1 0 0 -1
 0 0 0 1 0 0 0
 0 0 1 0 0 0 0
 1 0 1 0 0 0 -1
 0 1 0 0 0 0 0
 1 1 0 0 0 0 -1
 0 1 0 0 0 -1 1
 1 1 0 0 0 -1 0
 0 0 0 0 0 1 0
 1 0 0 0 0 1 -1
 0 0 0 0 0 0 1
 1 0 0 0 0 0 0
Delaunay polytope 13 vertices
 0 0 0 1 0 0 0
 0 0 1 1 -1 0 0
 0 0 0 0 1 0 0
 0 0 1 0 0 0 0
 1 0 1 0 0 0 -1
 0 1 0 0 0 0 0
 1 1 0 0 0 0 -1
 0 1 0 0 0 -1 1
 1 1 0 0 0 -1 0
 0 0 0 0 0 1 0
 1 0 0 0 0 1 -1
 0 0 0 0 0 0 1
 1 0 0 0 0 0 0
Delaunay polytope 13 vertices
 0 0 1 0 0 0 0
 1 0 1 0 0 0 -1
 1 1 1 -1 -1 0 0
 0 0 0 0 1 0 0
 0 0 0 1 0 0 0
 0 1 0 0 0 0 0
 1 1 0 0 0 0 -1
 0 1 0 0 0 -1 1
 1 1 0 0 0 -1 0
 0 0 0 0 0 1 0
 1 0 0 0 0 1 -1
 0 0 0 0 0 0 1
 1 0 0 0 0 0 0
Delaunay polytope 13 vertices
 0 0 0 1 0 0 0
 1 1 -1 1 -1 0 0
 0 0 0 0 1 0 0
 0 0 1 0 0 0 0
 1 0 1 0 0 0 -1
 0 1 0 0 0 0 0
 1 1 0 0 0 0 -1
 0 1 0 0 0 -1 1
 1 1 0 0 0 -1 0
 0 0 0 0 0 1 0
 1 0 0 0 0 1 -1
 0 0 0 0 0 0 1
 1 0 0 0 0 0 0
Delaunay polytope 13 vertices
 0 0 0 1 0 0 0
 1 0 1 1 -1 -1 0
 0 0 0 0 1 0 0
 0 0 1 0 0 0 0
 1 0 1 0 0 0 -1
 0 1 0 0 0 0 0
 1 1 0 0 0 0 -1
 0 1 0 0 0 -1 1
 1 1 0 0 0 -1 0
 0 0 0 0 0 1 0
 1 0 0 0 0 1 -1
 0 0 0 0 0 0 1
 1 0 0 0 0 0 0
Delaunay polytope 13 vertices
 0 0 1 0 0 0 0
 1 0 1 -1 0 0 0
 1 0 1 0 -1 0 0
 0 0 0 0 1 0 0
 0 0 0 1 0 0 0
 0 1 0 0 0 0 0
 1 1 0 0 0 0 -1
 0 1 0 0 0 -1 1
 1 1 0 0 0 -1 0
 0 0 0 0 0 1 0
 1 0 0 0 0 1 -1
 0 0 0 0 0 0 1
 1 0 0 0 0 0 0
Delaunay polytope 13 vertices
 0 0 0 1 0 0 0
 1 0 0 1 -1 0 0
 0 0 1 0 0 0 0
 1 0 1 0 -1 0 0
 0 0 0 0 1 0 0
 0 1 0 0 0 0 0
 1 1 0 0 0 0 -1
 0 1 0 0 0 -1 1
 1 1 0 0 0 -1 0
 0 0 0 0 0 1 0
 1 0 0 0 0 1 -1
 0 0 0 0 0 0 1
 1 0 0 0 0 0 0
Delaunay polytope 13 vertices
 0 0 1 1 0 -1 0
 0 0 0 1 0 0 0
 0 0 1 0 0 0 0
 1 0 1 0 -1 0 0
 0 0 0 0 1 0 0
 0 1 0 0 0 0 0
 1 1 0 0 0 0 -1
 0 1 0 0 0 -1 1
 1 1 0 0 0 -1 0
 0 0 0 0 0 1 0
 1 0 0 0 0 1 -1
 0 0 0 0 0 0 1
 1 0 0 0 0 0 0
Delaunay polytope 13 vertices
 0 0 0 1 1 0 -1
 0 0 0 1 0 0 0
 0 0 1 0 0 0 0
 1 0 1 0 -1 0 0
 0 0 0 0 1 0 0
 0 1 0 0 0 0 0
 1 1 0 0 0 0 -1
 0 1 0 0 0 -1 1
 1 1 0 0 0 -1 0
 0 0 0 0 0 1 0
 1 0 0 0 0 1 -1
 0 0 0 0 0 0 1
 1 0 0 0 0 0 0
Delaunay polytope 13 vertices
 0 0 0 1 1 -1 0
 0 0 0 1 0 0 0
 0 0 1 0 0 0 0
 1 0 1 0 -1 0 0
 0 0 0 0 1 0 0
 0 1 0 0 0 0 0
 1 1 0 0 0 0 -1
 0 1 0 0 0 -1 1
 1 1 0 0 0 -1 0
 0 0 0 0 0 1 0
 1 0 0 0 0 1 -1
 0 0 0 0 0 0 1
 1 0 0 0 0 0 0
Delaunay polytope 13 vertices
 0 0 1 0 0 0 0
 0 0 1 -1 0 1 0
 1 0 1 0 -1 0 0
 0 0 0 0 1 0 0
 0 0 0 1 0 0 0
 0 1 0 0 0 0 0
 1 1 0 0 0 0 -1
 0 1 0 0 0 -1 1
 1 1 0 0 0 -1 0
 0 0 0 0 0 1 0
 1 0 0 0 0 1 -1
 0 0 0 0 0 0 1
 1 0 0 0 0 0 0
Delaunay polytope 13 vertices
 0 0 1 0 0 0 0
 0 0 1 -1 0 0 1
 1 0 1 0 -1 0 0
 0 0 0 0 1 0 0
 0 0 0 1 0 0 0
 0 1 0 0 0 0 0
 1 1 0 0 0 0 -1
 0 1 0 0 0 -1 1
 1 1 0 0 0 -1 0
 0 0 0 0 0 1 0
 1 0 0 0 0 1 -1
 0 0 0 0 0 0 1
 1 0 0 0 0 0 0
Delaunay polytope 13 vertices
 0 0 1 0 0 0 0
 1 0 1 0 -1 0 0
 0 0 0 0 1 0 0
 0 1 0 -1 1 0 0
 0 0 0 1 0 0 0
 0 1 0 0 0 0 0
 1 1 0 0 0 0 -1
 0 1 0 0 0 -1 1
 1 1 0 0 0 -1 0
 0 0 0 0 0 1 0
 1 0 0 0 0 1 -1
 0 0 0 0 0 0 1
 1 0 0 0 0 0 0
Delaunay polytope 12 vertices centrally symmetric
 0 1 0 0 0 0 0
 1 1 -1 0 0 0 0
 1 1 0 -1 0 0 0
 1 1 0 0 -1 0 0
 1 1 0 0 0 -1 0
 1 1 0 0 0 0 -1
 0 0 0 0 0 0 1
 0 0 0 0 0 1 0
 0 0 0 0 1 0 0
 0 0 0 1 0 0 0
 0 0 1 0 0 0 0
 1 0 0 0 0 0 0
Delaunay polytope 13 vertices
 0 0 1 0 0 0 0
 0 1 0 0 0 0 0
 1 1 0 -1 0 0 0
 1 1 0 0 0 -1 0
 1 1 0 0 0 0 -1
 0 1 0 -1 -1 1 1
 1 1 0 0 -1 0 0
 0 0 0 0 1 0 0
 1 0 0 1 1 -1 -1
 0 0 0 0 0 0 1
 0 0 0 0 0 1 0
 0 0 0 1 0 0 0
 1 0 0 0 0 0 0
Delaunay polytope 12 vertices
 1 0 0 1 1 -1 -1
 0 0 0 1 0 0 0
 1 0 1 0 1 -1 -1
 0 0 1 0 0 0 0
 0 1 0 0 0 0 0
 1 1 0 0 0 -1 0
 1 1 0 0 0 0 -1
 1 1 0 0 -1 0 0
 0 0 0 0 1 0 0
 0 0 0 0 0 0 1
 0 0 0 0 0 1 0
 1 0 0 0 0 0 0
Delaunay polytope 12 vertices
 0 0 0 0 1 0 0
 0 1 -1 0 1 -1 1
 0 0 1 1 0 -1 0
 0 0 0 1 0 0 0
 0 0 1 0 0 0 0
 1 0 1 0 0 0 -1
 0 1 0 0 0 0 0
 1 1 0 0 0 0 -1
 1 1 0 0 0 -1 0
 0 0 0 0 0 1 0
 0 0 0 0 0 0 1
 1 0 0 0 0 0 0
Delaunay polytope 12 vertices
 0 0 1 0 0 0 0
 1 0 1 0 0 0 -1
 2 1 1 -1 0 -1 -1
 0 0 1 0 -1 1 0
 0 0 0 0 1 0 0
 0 0 0 1 0 0 0
 0 1 0 0 0 0 0
 1 1 0 0 0 0 -1
 1 1 0 0 0 -1 0
 0 0 0 0 0 1 0
 0 0 0 0 0 0 1
 1 0 0 0 0 0 0
Delaunay polytope 12 vertices
 1 0 1 1 -2 1 -1
 0 0 0 1 0 0 0
 1 0 0 1 -1 0 0
 0 0 1 0 0 0 0
 1 0 1 0 -1 0 0
 0 0 0 0 1 0 0
 0 1 0 0 0 0 0
 1 1 0 0 0 0 -1
 1 1 0 0 0 -1 0
 0 0 0 0 0 1 0
 0 0 0 0 0 0 1
 1 0 0 0 0 0 0
Delaunay polytope 12 vertices
 1 0 1 1 -1 -1 0
 0 0 0 1 1 0 -1
 0 0 0 1 0 0 0
 0 0 1 0 0 0 0
 1 0 1 0 -1 0 0
 0 0 0 0 1 0 0
 0 1 0 0 0 0 0
 1 1 0 0 0 -1 0
 1 1 0 0 0 0 -1
 0 0 0 0 0 0 1
 0 0 0 0 0 1 0
 1 0 0 0 0 0 0
Delaunay polytope 12 vertices
 0 0 0 1 0 0 0
 0 0 1 1 -1 0 0
 -1 0 0 1 -1 1 1
 1 0 1 0 1 -1 -1
 0 0 0 0 1 0 0
 0 0 1 0 0 0 0
 0 1 0 0 0 0 0
 1 1 0 0 0 -1 0
 1 1 0 0 0 0 -1
 0 0 0 0 0 0 1
 0 0 0 0 0 1 0
 1 0 0 0 0 0 0
Delaunay polytope 12 vertices
 0 0 0 0 0 1 0
 1 0 0 0 0 1 -1
 0 0 0 0 1 0 0
 1 0 0 0 1 0 -1
 0 0 0 1 0 0 0
 1 0 0 1 0 0 -1
 0 0 1 0 0 0 0
 1 0 1 0 0 0 -1
 0 1 0 0 0 0 0
 1 1 0 0 0 0 -1
 0 0 0 0 0 0 1
 1 0 0 0 0 0 0
Delaunay polytope 13 vertices
 0 0 0 0 0 1 0
 0 0 1 0 0 0 0
 1 0 1 0 0 0 -1
 0 1 1 -1 -1 0 1
 1 1 1 -1 -1 0 0
 0 0 0 0 1 0 0
 1 0 0 0 1 0 -1
 0 0 0 1 0 0 0
 1 0 0 1 0 0 -1
 0 1 0 0 0 0 0
 1 1 0 0 0 0 -1
 0 0 0 0 0 0 1
 1 0 0 0 0 0 0
Delaunay polytope 12 vertices
 0 1 0 0 1 0 -1
 0 0 0 0 1 0 0
 0 0 1 1 1 -1 -1
 0 0 0 0 0 1 0
 0 0 0 1 0 0 0
 1 0 0 1 0 0 -1
 0 0 1 0 0 0 0
 1 0 1 0 0 0 -1
 0 1 0 0 0 0 0
 1 1 0 0 0 0 -1
 0 0 0 0 0 0 1
 1 0 0 0 0 0 0
Delaunay polytope 12 vertices
 0 0 1 0 0 0 0
 1 0 1 0 0 0 -1
 1 1 1 -1 -1 0 0
 1 1 1 -1 0 -1 0
 0 0 0 0 0 1 0
 0 0 0 0 1 0 0
 0 0 0 1 0 0 0
 1 0 0 1 0 0 -1
 0 1 0 0 0 0 0
 1 1 0 0 0 0 -1
 0 0 0 0 0 0 1
 1 0 0 0 0 0 0
Delaunay polytope 12 vertices
 0 0 0 0 0 1 0
 0 1 1 -1 0 1 -1
 0 0 0 0 1 0 0
 0 1 1 -1 1 0 -1
 0 0 0 1 0 0 0
 1 0 0 1 0 0 -1
 0 0 1 0 0 0 0
 1 0 1 0 0 0 -1
 0 1 0 0 0 0 0
 1 1 0 0 0 0 -1
 0 0 0 0 0 0 1
 1 0 0 0 0 0 0
Delaunay polytope 12 vertices
 0 0 0 1 0 0 0
 0 0 1 1 -1 0 0
 0 1 0 1 -1 0 0
 1 0 0 1 0 -1 0
 0 0 0 0 0 1 0
 0 0 0 0 1 0 0
 0 0 1 0 0 0 0
 1 0 1 0 0 0 -1
 0 1 0 0 0 0 0
 1 1 0 0 0 0 -1
 0 0 0 0 0 0 1
 1 0 0 0 0 0 0
Delaunay polytope 12 vertices
 0 1 -1 1 1 -1 0
 0 0 0 0 1 0 0
 0 0 0 1 0 0 0
 1 0 0 1 0 -1 0
 0 1 0 0 0 1 -1
 0 0 0 0 0 1 0
 0 0 1 0 0 0 0
 1 0 1 0 0 0 -1
 0 1 0 0 0 0 0
 1 1 0 0 0 0 -1
 0 0 0 0 0 0 1
 1 0 0 0 0 0 0
Delaunay polytope 12 vertices
 0 0 0 1 0 0 0
 0 0 0 1 -1 0 1
 1 0 0 1 0 -1 0
 0 0 0 0 0 1 0
 0 1 1 0 -1 1 -1
 0 0 0 0 1 0 0
 0 0 1 0 0 0 0
 1 0 1 0 0 0 -1
 0 1 0 0 0 0 0
 1 1 0 0 0 0 -1
 0 0 0 0 0 0 1
 1 0 0 0 0 0 0
Delaunay polytope 12 vertices
 0 1 -1 1 1 0 -1
 0 0 0 0 1 0 0
 0 0 0 1 0 0 0
 0 1 -1 1 0 0 0
 1 0 0 1 0 -1 0
 0 0 0 0 0 1 0
 0 0 1 0 0 0 0
 1 0 1 0 0 0 -1
 0 1 0 0 0 0 0
 1 1 0 0 0 0 -1
 0 0 0 0 0 0 1
 1 0 0 0 0 0 0
Delaunay polytope 12 vertices
 0 0 0 1 0 0 0
 0 0 1 1 -1 -1 1
 0 1 0 1 -1 0 0
 0 0 0 0 1 1 -1
 0 0 0 0 1 0 0
 0 0 1 0 0 0 0
 1 0 1 0 0 -1 0
 0 0 0 0 0 1 0
 0 1 0 0 0 0 0
 1 1 0 0 0 0 -1
 0 0 0 0 0 0 1
 1 0 0 0 0 0 0
