Delaunay polytope with 9 vertices
 1 0 0 0 0 0 0
 0 1 0 0 0 0 0
 0 0 1 0 0 0 0
 0 0 0 1 0 0 0
 0 0 0 0 1 0 0
 0 0 0 0 0 1 0
 0 0 0 0 0 0 1
 1 1 0 0 0 0 -1
 1 1 0 0 0 -1 0

Delaunay polytope with 9 vertices
 1 0 0 0 0 0 0
 0 1 0 0 0 0 0
 0 0 1 0 0 0 0
 0 0 0 1 0 0 0
 0 0 0 0 1 0 0
 0 0 0 0 0 1 0
 0 0 0 0 0 0 1
 1 1 0 0 0 0 -1
 1 0 1 0 0 0 -1

Delaunay polytope with 9 vertices
 1 0 0 0 0 0 0
 0 1 0 0 0 0 0
 0 0 1 0 0 0 0
 0 0 0 1 0 0 0
 0 0 0 0 1 0 0
 0 0 0 0 0 1 0
 0 0 0 0 0 0 1
 1 1 0 0 0 0 -1
 1 0 1 0 0 -1 0

Delaunay polytope with 9 vertices
 1 0 0 0 0 0 0
 0 1 0 0 0 0 0
 0 0 1 0 0 0 0
 0 0 0 1 0 0 0
 0 0 0 0 1 0 0
 0 0 0 0 0 1 0
 0 0 0 0 0 0 1
 1 1 0 0 0 0 -1
 0 0 1 1 0 -1 0

Delaunay polytope with 9 vertices
 1 0 0 0 0 0 0
 0 1 0 0 0 0 0
 0 0 1 0 0 0 0
 0 0 0 1 0 0 0
 0 0 0 0 1 0 0
 0 0 0 0 0 1 0
 0 0 0 0 0 0 1
 1 1 0 0 0 0 -1
 1 2 1 2 -1 -1 -3

Delaunay polytope with 9 vertices
 1 0 0 0 0 0 0
 0 1 0 0 0 0 0
 0 0 1 0 0 0 0
 0 0 0 1 0 0 0
 0 0 0 0 1 0 0
 0 0 0 0 0 1 0
 0 0 0 0 0 0 1
 1 1 0 0 0 0 -1
 -1 -3 -1 1 1 2 2

Delaunay polytope with 9 vertices
 1 0 0 0 0 0 0
 0 1 0 0 0 0 0
 0 0 1 0 0 0 0
 0 0 0 1 0 0 0
 0 0 0 0 1 0 0
 0 0 0 0 0 1 0
 0 0 0 0 0 0 1
 1 1 0 0 0 0 -1
 1 3 2 -1 -1 -1 -2

Delaunay polytope with 9 vertices
 1 0 0 0 0 0 0
 0 1 0 0 0 0 0
 0 0 1 0 0 0 0
 0 0 0 1 0 0 0
 0 0 0 0 1 0 0
 0 0 0 0 0 1 0
 0 0 0 0 0 0 1
 1 1 0 0 0 0 -1
 2 3 1 -1 -1 -2 -1

Delaunay polytope with 9 vertices
 1 0 0 0 0 0 0
 0 1 0 0 0 0 0
 0 0 1 0 0 0 0
 0 0 0 1 0 0 0
 0 0 0 0 1 0 0
 0 0 0 0 0 1 0
 0 0 0 0 0 0 1
 1 1 0 0 0 0 -1
 1 1 1 0 -1 -1 0

Delaunay polytope with 9 vertices
 1 0 0 0 0 0 0
 0 1 0 0 0 0 0
 0 0 1 0 0 0 0
 0 0 0 1 0 0 0
 0 0 0 0 1 0 0
 0 0 0 0 0 1 0
 0 0 0 0 0 0 1
 1 1 0 0 0 0 -1
 1 0 1 1 0 -1 -1

Delaunay polytope with 9 vertices
 1 0 0 0 0 0 0
 0 1 0 0 0 0 0
 0 0 1 0 0 0 0
 0 0 0 1 0 0 0
 0 0 0 0 1 0 0
 0 0 0 0 0 1 0
 0 0 0 0 0 0 1
 1 1 0 0 0 0 -1
 1 0 1 1 -1 -1 0

Delaunay polytope with 9 vertices
 1 0 0 0 0 0 0
 0 1 0 0 0 0 0
 0 0 1 0 0 0 0
 0 0 0 1 0 0 0
 0 0 0 0 1 0 0
 0 0 0 0 0 1 0
 0 0 0 0 0 0 1
 1 1 0 0 0 0 -1
 1 0 1 0 -1 -1 1

Delaunay polytope with 9 vertices
 1 0 0 0 0 0 0
 0 1 0 0 0 0 0
 0 0 1 0 0 0 0
 0 0 0 1 0 0 0
 0 0 0 0 1 0 0
 0 0 0 0 0 1 0
 0 0 0 0 0 0 1
 1 1 0 0 0 0 -1
 1 -1 1 1 0 -1 0

Delaunay polytope with 9 vertices
 1 0 0 0 0 0 0
 0 1 0 0 0 0 0
 0 0 1 0 0 0 0
 0 0 0 1 0 0 0
 0 0 0 0 1 0 0
 0 0 0 0 0 1 0
 0 0 0 0 0 0 1
 1 1 0 0 0 0 -1
 1 1 1 1 -1 -2 0

Delaunay polytope with 9 vertices
 1 0 0 0 0 0 0
 0 1 0 0 0 0 0
 0 0 1 0 0 0 0
 0 0 0 1 0 0 0
 0 0 0 0 1 0 0
 0 0 0 0 0 1 0
 0 0 0 0 0 0 1
 1 1 0 0 0 0 -1
 -1 -2 1 1 1 1 0

Delaunay polytope with 9 vertices
 1 0 0 0 0 0 0
 0 1 0 0 0 0 0
 0 0 1 0 0 0 0
 0 0 0 1 0 0 0
 0 0 0 0 1 0 0
 0 0 0 0 0 1 0
 0 0 0 0 0 0 1
 1 1 0 0 0 0 -1
 1 0 1 1 1 -1 -2

Delaunay polytope with 9 vertices
 1 0 0 0 0 0 0
 0 1 0 0 0 0 0
 0 0 1 0 0 0 0
 0 0 0 1 0 0 0
 0 0 0 0 1 0 0
 0 0 0 0 0 1 0
 0 0 0 0 0 0 1
 1 1 0 0 0 0 -1
 1 0 1 1 1 -2 -1

Delaunay polytope with 9 vertices
 1 0 0 0 0 0 0
 0 1 0 0 0 0 0
 0 0 1 0 0 0 0
 0 0 0 1 0 0 0
 0 0 0 0 1 0 0
 0 0 0 0 0 1 0
 0 0 0 0 0 0 1
 1 1 0 0 0 0 -1
 1 0 1 1 -1 -2 1

Delaunay polytope with 9 vertices
 1 0 0 0 0 0 0
 0 1 0 0 0 0 0
 0 0 1 0 0 0 0
 0 0 0 1 0 0 0
 0 0 0 0 1 0 0
 0 0 0 0 0 1 0
 0 0 0 0 0 0 1
 1 1 0 0 0 0 -1
 1 -1 1 1 1 -2 0

Delaunay polytope with 9 vertices
 1 0 0 0 0 0 0
 0 1 0 0 0 0 0
 0 0 1 0 0 0 0
 0 0 0 1 0 0 0
 0 0 0 0 1 0 0
 0 0 0 0 0 1 0
 0 0 0 0 0 0 1
 1 1 0 0 0 0 -1
 1 1 2 -1 -1 -1 0

Delaunay polytope with 9 vertices
 1 0 0 0 0 0 0
 0 1 0 0 0 0 0
 0 0 1 0 0 0 0
 0 0 0 1 0 0 0
 0 0 0 0 1 0 0
 0 0 0 0 0 1 0
 0 0 0 0 0 0 1
 1 1 0 0 0 0 -1
 1 0 2 -1 -1 -1 1

Delaunay polytope with 9 vertices
 1 0 0 0 0 0 0
 0 1 0 0 0 0 0
 0 0 1 0 0 0 0
 0 0 0 1 0 0 0
 0 0 0 0 1 0 0
 0 0 0 0 0 1 0
 0 0 0 0 0 0 1
 1 1 2 2 -1 -1 -3
 1 0 1 1 0 -1 -1

Delaunay polytope with 9 vertices
 1 0 0 0 0 0 0
 0 1 0 0 0 0 0
 0 0 1 0 0 0 0
 0 0 0 1 0 0 0
 0 0 0 0 1 0 0
 0 0 0 0 0 1 0
 0 0 0 0 0 0 1
 1 1 2 2 -1 -1 -3
 0 0 -1 -1 1 1 1

Delaunay polytope with 9 vertices
 1 0 0 0 0 0 0
 0 1 0 0 0 0 0
 0 0 1 0 0 0 0
 0 0 0 1 0 0 0
 0 0 0 0 1 0 0
 0 0 0 0 0 1 0
 0 0 0 0 0 0 1
 -1 -1 -1 -2 1 2 3
 -1 0 0 -1 1 1 1

Delaunay polytope with 9 vertices
 1 0 0 0 0 0 0
 0 1 0 0 0 0 0
 0 0 1 0 0 0 0
 0 0 0 1 0 0 0
 0 0 0 0 1 0 0
 0 0 0 0 0 1 0
 0 0 0 0 0 0 1
 1 1 1 0 0 -1 -1
 1 1 1 -1 -1 0 0

Delaunay polytope with 9 vertices
 1 0 0 0 0 0 0
 0 1 0 0 0 0 0
 0 0 1 0 0 0 0
 0 0 0 1 0 0 0
 0 0 0 0 1 0 0
 0 0 0 0 0 1 0
 0 0 0 0 0 0 1
 1 1 1 0 0 -1 -1
 1 1 0 1 -1 0 -1

Delaunay polytope with 9 vertices
 1 0 0 0 0 0 0
 0 1 0 0 0 0 0
 0 0 1 0 0 0 0
 0 0 0 1 0 0 0
 0 0 0 0 1 0 0
 0 0 0 0 0 1 0
 0 0 0 0 0 0 1
 1 1 1 0 0 -1 -1
 1 1 0 -1 -1 1 0

Delaunay polytope with 9 vertices
 1 0 0 0 0 0 0
 0 1 0 0 0 0 0
 0 0 1 0 0 0 0
 0 0 0 1 0 0 0
 0 0 0 0 1 0 0
 0 0 0 0 0 1 0
 0 0 0 0 0 0 1
 1 1 1 0 0 -1 -1
 1 0 0 1 -1 1 -1

