Delaunay polytope with 21 vertices
 1 0 0 0 0 0 0
 0 1 0 0 0 0 0
 0 0 1 0 0 0 0
 0 0 0 1 0 0 0
 0 0 0 0 1 0 0
 0 0 0 0 0 1 0
 0 0 0 0 0 0 1
 1 1 0 0 0 0 -1
 1 1 0 0 0 -1 0
 1 1 0 0 -1 0 0
 1 1 0 -1 0 0 0
 1 0 1 0 0 0 -1
 1 0 1 0 0 -1 0
 1 0 1 0 -1 0 0
 1 0 1 -1 0 0 0
 1 1 1 0 0 -1 -1
 1 1 1 0 -1 0 -1
 1 1 1 0 -1 -1 0
 1 1 1 -1 0 0 -1
 1 1 1 -1 0 -1 0
 1 1 1 -1 -1 0 0

Delaunay polytope with 21 vertices
 1 0 0 0 0 0 0
 0 1 0 0 0 0 0
 0 0 1 0 0 0 0
 0 0 0 1 0 0 0
 0 0 0 0 1 0 0
 0 0 0 0 0 1 0
 0 0 0 0 0 0 1
 1 1 0 0 0 0 -1
 1 1 0 0 0 -1 0
 1 1 0 0 -1 0 0
 1 1 0 -1 0 0 0
 1 0 1 0 0 0 -1
 1 0 1 0 0 -1 0
 1 0 1 0 -1 0 0
 1 0 1 -1 0 0 0
 1 1 1 0 0 -1 -1
 1 1 1 0 -1 0 -1
 1 1 1 0 -1 -1 0
 1 1 1 -1 0 0 -1
 1 1 1 -1 0 -1 0
 2 1 1 0 -1 -1 -1

Delaunay polytope with 21 vertices
 1 0 0 0 0 0 0
 0 1 0 0 0 0 0
 0 0 1 0 0 0 0
 0 0 0 1 0 0 0
 0 0 0 0 1 0 0
 0 0 0 0 0 1 0
 0 0 0 0 0 0 1
 1 1 0 0 0 0 -1
 1 1 0 0 0 -1 0
 1 1 0 0 -1 0 0
 1 1 0 -1 0 0 0
 1 0 1 0 0 0 -1
 1 0 1 0 0 -1 0
 1 0 1 0 -1 0 0
 1 0 1 -1 0 0 0
 1 1 1 0 0 -1 -1
 1 1 1 0 -1 0 -1
 1 1 1 0 -1 -1 0
 1 1 1 -1 0 0 -1
 1 1 1 -1 0 -1 0
 2 1 1 -1 -1 0 -1

Delaunay polytope with 21 vertices
 1 0 0 0 0 0 0
 0 1 0 0 0 0 0
 0 0 1 0 0 0 0
 0 0 0 1 0 0 0
 0 0 0 0 1 0 0
 0 0 0 0 0 1 0
 0 0 0 0 0 0 1
 1 1 0 0 0 0 -1
 1 1 0 0 0 -1 0
 1 1 0 0 -1 0 0
 1 1 0 -1 0 0 0
 1 0 1 0 0 0 -1
 1 0 1 0 0 -1 0
 1 0 1 0 -1 0 0
 1 0 1 -1 0 0 0
 1 1 1 0 0 -1 -1
 1 1 1 0 -1 0 -1
 1 1 1 0 -1 -1 0
 1 1 1 -1 0 0 -1
 2 1 1 0 -1 -1 -1
 2 1 1 -1 -1 -1 0

Delaunay polytope with 21 vertices
 1 0 0 0 0 0 0
 0 1 0 0 0 0 0
 0 0 1 0 0 0 0
 0 0 0 1 0 0 0
 0 0 0 0 1 0 0
 0 0 0 0 0 1 0
 0 0 0 0 0 0 1
 1 1 0 0 0 0 -1
 1 1 0 0 0 -1 0
 1 1 0 0 -1 0 0
 1 1 0 -1 0 0 0
 1 0 1 0 0 0 -1
 1 0 1 0 0 -1 0
 1 0 1 0 -1 0 0
 1 0 1 -1 0 0 0
 1 1 1 0 0 -1 -1
 1 1 1 0 -1 0 -1
 1 1 1 0 -1 -1 0
 1 1 1 -1 0 0 -1
 2 1 1 -1 0 -1 -1
 2 1 1 -1 -1 -1 0

Delaunay polytope with 21 vertices
 1 0 0 0 0 0 0
 0 1 0 0 0 0 0
 0 0 1 0 0 0 0
 0 0 0 1 0 0 0
 0 0 0 0 1 0 0
 0 0 0 0 0 1 0
 0 0 0 0 0 0 1
 1 1 0 0 0 0 -1
 1 1 0 0 0 -1 0
 1 1 0 0 -1 0 0
 1 1 0 -1 0 0 0
 1 0 1 0 0 0 -1
 1 0 1 0 0 -1 0
 1 0 1 0 -1 0 0
 1 0 1 -1 0 0 0
 1 1 1 0 0 -1 -1
 1 1 1 0 -1 0 -1
 1 1 1 0 -1 -1 0
 1 1 1 -1 0 0 -1
 2 1 1 -1 -1 -1 0
 2 1 2 -1 -1 -1 -1

Delaunay polytope with 21 vertices
 1 0 0 0 0 0 0
 0 1 0 0 0 0 0
 0 0 1 0 0 0 0
 0 0 0 1 0 0 0
 0 0 0 0 1 0 0
 0 0 0 0 0 1 0
 0 0 0 0 0 0 1
 1 1 0 0 0 0 -1
 1 1 0 0 0 -1 0
 1 1 0 0 -1 0 0
 1 1 0 -1 0 0 0
 1 0 1 0 0 0 -1
 1 0 1 0 0 -1 0
 1 0 1 0 -1 0 0
 1 0 1 -1 0 0 0
 1 1 1 0 0 -1 -1
 1 1 1 0 -1 0 -1
 1 1 1 0 -1 -1 0
 2 1 1 0 -1 -1 -1
 2 1 2 -1 -1 -1 -1
 2 2 1 -1 -1 -1 -1

Delaunay polytope with 21 vertices
 1 0 0 0 0 0 0
 0 1 0 0 0 0 0
 0 0 1 0 0 0 0
 0 0 0 1 0 0 0
 0 0 0 0 1 0 0
 0 0 0 0 0 1 0
 0 0 0 0 0 0 1
 1 1 0 0 0 0 -1
 1 1 0 0 0 -1 0
 1 1 0 0 -1 0 0
 1 1 0 -1 0 0 0
 1 0 1 0 0 0 -1
 1 0 1 0 0 -1 0
 1 0 1 0 -1 0 0
 1 0 1 -1 0 0 0
 1 1 1 0 0 -1 -1
 1 1 1 0 -1 0 -1
 1 1 1 0 -1 -1 0
 2 1 1 -1 0 -1 -1
 2 1 1 -1 -1 0 -1
 2 1 1 -1 -1 -1 0

Delaunay polytope with 21 vertices
 1 0 0 0 0 0 0
 0 1 0 0 0 0 0
 0 0 1 0 0 0 0
 0 0 0 1 0 0 0
 0 0 0 0 1 0 0
 0 0 0 0 0 1 0
 0 0 0 0 0 0 1
 1 1 0 0 0 0 -1
 1 1 0 0 0 -1 0
 1 1 0 0 -1 0 0
 1 1 0 -1 0 0 0
 1 0 1 0 0 0 -1
 1 0 1 0 0 -1 0
 1 0 1 0 -1 0 0
 1 0 1 -1 0 0 0
 1 1 1 0 0 -1 -1
 1 1 1 0 -1 0 -1
 1 1 1 0 -1 -1 0
 2 1 1 -1 0 -1 -1
 2 1 1 -1 -1 0 -1
 2 1 2 -1 -1 -1 -1

Delaunay polytope with 21 vertices
 1 0 0 0 0 0 0
 0 1 0 0 0 0 0
 0 0 1 0 0 0 0
 0 0 0 1 0 0 0
 0 0 0 0 1 0 0
 0 0 0 0 0 1 0
 0 0 0 0 0 0 1
 1 1 0 0 0 0 -1
 1 1 0 0 0 -1 0
 1 1 0 0 -1 0 0
 1 1 0 -1 0 0 0
 1 0 1 0 0 0 -1
 1 0 1 0 0 -1 0
 1 0 1 0 -1 0 0
 1 0 1 -1 0 0 0
 1 1 1 0 0 -1 -1
 1 1 1 0 -1 0 -1
 1 1 1 0 -1 -1 0
 2 1 1 -1 0 -1 -1
 2 1 2 -1 -1 -1 -1
 2 2 1 -1 -1 -1 -1

Delaunay polytope with 21 vertices
 1 0 0 0 0 0 0
 0 1 0 0 0 0 0
 0 0 1 0 0 0 0
 0 0 0 1 0 0 0
 0 0 0 0 1 0 0
 0 0 0 0 0 1 0
 0 0 0 0 0 0 1
 1 1 0 0 0 0 -1
 1 1 0 0 0 -1 0
 1 1 0 0 -1 0 0
 1 1 0 -1 0 0 0
 1 0 1 0 0 0 -1
 1 0 1 0 0 -1 0
 1 0 1 0 -1 0 0
 1 0 1 -1 0 0 0
 1 1 1 0 0 -1 -1
 1 1 1 0 -1 0 -1
 1 1 1 -1 0 0 -1
 2 1 1 -1 -1 -1 0
 2 1 2 -1 -1 -1 -1
 2 2 1 -1 -1 -1 -1

Delaunay polytope with 21 vertices
 1 0 0 0 0 0 0
 0 1 0 0 0 0 0
 0 0 1 0 0 0 0
 0 0 0 1 0 0 0
 0 0 0 0 1 0 0
 0 0 0 0 0 1 0
 0 0 0 0 0 0 1
 1 1 0 0 0 0 -1
 1 1 0 0 0 -1 0
 1 1 0 0 -1 0 0
 1 1 0 -1 0 0 0
 1 0 1 0 0 0 -1
 1 0 1 0 0 -1 0
 1 0 1 0 -1 0 0
 1 0 1 -1 0 0 0
 1 1 1 0 0 -1 -1
 1 1 1 0 -1 0 -1
 1 1 1 -1 0 -1 0
 1 1 1 -1 -1 0 0
 2 1 2 -1 -1 -1 -1
 2 2 1 -1 -1 -1 -1

Delaunay polytope with 21 vertices
 1 0 0 0 0 0 0
 0 1 0 0 0 0 0
 0 0 1 0 0 0 0
 0 0 0 1 0 0 0
 0 0 0 0 1 0 0
 0 0 0 0 0 1 0
 0 0 0 0 0 0 1
 1 1 0 0 0 0 -1
 1 1 0 0 0 -1 0
 1 1 0 0 -1 0 0
 1 1 0 -1 0 0 0
 1 0 1 0 0 0 -1
 1 0 1 0 0 -1 0
 1 0 1 0 -1 0 0
 1 0 1 -1 0 0 0
 1 1 1 0 0 -1 -1
 1 1 1 0 -1 0 -1
 1 1 1 -1 0 -1 0
 2 1 1 -1 -1 0 -1
 2 1 1 -1 -1 -1 0
 2 1 2 -1 -1 -1 -1

Delaunay polytope with 21 vertices
 1 0 0 0 0 0 0
 0 1 0 0 0 0 0
 0 0 1 0 0 0 0
 0 0 0 1 0 0 0
 0 0 0 0 1 0 0
 0 0 0 0 0 1 0
 0 0 0 0 0 0 1
 1 1 0 0 0 0 -1
 1 1 0 0 0 -1 0
 1 1 0 0 -1 0 0
 1 1 0 -1 0 0 0
 1 0 1 0 0 0 -1
 1 0 1 0 0 -1 0
 1 0 1 0 -1 0 0
 1 0 1 -1 0 0 0
 1 1 1 0 0 -1 -1
 1 1 1 0 -1 0 -1
 1 1 1 -1 0 -1 0
 2 1 1 -1 -1 0 -1
 2 1 2 -1 -1 -1 -1
 2 2 1 -1 -1 -1 -1

Delaunay polytope with 21 vertices
 1 0 0 0 0 0 0
 0 1 0 0 0 0 0
 0 0 1 0 0 0 0
 0 0 0 1 0 0 0
 0 0 0 0 1 0 0
 0 0 0 0 0 1 0
 0 0 0 0 0 0 1
 1 1 0 0 0 0 -1
 1 1 0 0 0 -1 0
 1 1 0 0 -1 0 0
 1 1 0 -1 0 0 0
 1 0 1 0 0 0 -1
 1 0 1 0 0 -1 0
 1 0 1 0 -1 0 0
 0 0 1 1 0 0 -1
 0 0 1 1 0 -1 0
 0 0 1 1 -1 0 0
 1 1 1 0 0 -1 -1
 1 0 1 1 0 -1 -1
 1 0 1 1 -1 0 -1
 1 0 1 1 -1 -1 0

Delaunay polytope with 21 vertices
 1 0 0 0 0 0 0
 0 1 0 0 0 0 0
 0 0 1 0 0 0 0
 0 0 0 1 0 0 0
 0 0 0 0 1 0 0
 0 0 0 0 0 1 0
 0 0 0 0 0 0 1
 1 1 0 0 0 0 -1
 1 1 0 0 0 -1 0
 1 1 0 0 -1 0 0
 1 1 0 -1 0 0 0
 1 0 1 0 0 0 -1
 1 0 1 0 0 -1 0
 1 0 1 0 -1 0 0
 0 0 1 1 0 0 -1
 0 0 1 1 0 -1 0
 0 0 1 1 -1 0 0
 1 1 1 0 0 -1 -1
 1 0 1 1 0 -1 -1
 1 0 1 1 -1 0 -1
 1 0 2 1 -1 -1 -1

Delaunay polytope with 21 vertices
 1 0 0 0 0 0 0
 0 1 0 0 0 0 0
 0 0 1 0 0 0 0
 0 0 0 1 0 0 0
 0 0 0 0 1 0 0
 0 0 0 0 0 1 0
 0 0 0 0 0 0 1
 1 1 0 0 0 0 -1
 1 1 0 0 0 -1 0
 1 1 0 0 -1 0 0
 1 1 0 -1 0 0 0
 1 0 1 0 0 0 -1
 1 0 1 0 0 -1 0
 1 0 1 0 -1 0 0
 0 0 1 1 0 0 -1
 0 0 1 1 0 -1 0
 0 0 1 1 -1 0 0
 1 1 1 0 0 -1 -1
 1 0 1 1 -1 0 -1
 1 0 1 1 -1 -1 0
 2 1 1 0 -1 -1 -1

Delaunay polytope with 21 vertices
 1 0 0 0 0 0 0
 0 1 0 0 0 0 0
 0 0 1 0 0 0 0
 0 0 0 1 0 0 0
 0 0 0 0 1 0 0
 0 0 0 0 0 1 0
 0 0 0 0 0 0 1
 1 1 0 0 0 0 -1
 1 1 0 0 0 -1 0
 1 1 0 0 -1 0 0
 1 1 0 -1 0 0 0
 1 0 1 0 0 0 -1
 1 0 1 0 0 -1 0
 1 0 1 0 -1 0 0
 0 0 1 1 0 0 -1
 0 0 1 1 0 -1 0
 0 0 1 1 -1 0 0
 1 1 1 0 0 -1 -1
 1 0 1 1 -1 0 -1
 1 0 1 1 -1 -1 0
 1 0 2 1 -1 -1 -1

Delaunay polytope with 21 vertices
 1 0 0 0 0 0 0
 0 1 0 0 0 0 0
 0 0 1 0 0 0 0
 0 0 0 1 0 0 0
 0 0 0 0 1 0 0
 0 0 0 0 0 1 0
 0 0 0 0 0 0 1
 1 1 0 0 0 0 -1
 1 1 0 0 0 -1 0
 1 1 0 0 -1 0 0
 1 1 0 -1 0 0 0
 1 0 1 0 0 0 -1
 1 0 1 0 0 -1 0
 1 0 1 0 -1 0 0
 0 0 1 1 0 0 -1
 0 0 1 1 0 -1 0
 0 0 1 1 -1 0 0
 1 1 1 0 0 -1 -1
 1 0 1 1 -1 0 -1
 2 1 1 0 -1 -1 -1
 1 0 2 1 -1 -1 -1

Delaunay polytope with 21 vertices
 1 0 0 0 0 0 0
 0 1 0 0 0 0 0
 0 0 1 0 0 0 0
 0 0 0 1 0 0 0
 0 0 0 0 1 0 0
 0 0 0 0 0 1 0
 0 0 0 0 0 0 1
 1 1 0 0 0 0 -1
 1 1 0 0 0 -1 0
 1 1 0 0 -1 0 0
 1 1 0 -1 0 0 0
 1 0 1 0 0 0 -1
 1 0 1 0 0 -1 0
 1 0 1 0 -1 0 0
 0 0 1 1 0 0 -1
 0 0 1 1 0 -1 0
 0 0 1 1 -1 0 0
 1 1 1 0 0 -1 -1
 2 1 1 0 -1 -1 -1
 1 0 2 1 -1 -1 -1
 1 1 1 1 -1 -1 -1

Delaunay polytope with 21 vertices
 1 0 0 0 0 0 0
 0 1 0 0 0 0 0
 0 0 1 0 0 0 0
 0 0 0 1 0 0 0
 0 0 0 0 1 0 0
 0 0 0 0 0 1 0
 0 0 0 0 0 0 1
 1 1 0 0 0 0 -1
 1 1 0 0 0 -1 0
 1 1 0 0 -1 0 0
 1 1 0 -1 0 0 0
 1 0 1 0 0 0 -1
 1 0 1 0 0 -1 0
 1 0 1 0 -1 0 0
 0 0 1 1 0 0 -1
 0 0 1 1 0 -1 0
 0 0 1 1 -1 0 0
 1 0 1 1 0 -1 -1
 1 0 1 1 -1 0 -1
 1 0 1 1 -1 -1 0
 1 0 2 1 -1 -1 -1

Delaunay polytope with 21 vertices
 1 0 0 0 0 0 0
 0 1 0 0 0 0 0
 0 0 1 0 0 0 0
 0 0 0 1 0 0 0
 0 0 0 0 1 0 0
 0 0 0 0 0 1 0
 0 0 0 0 0 0 1
 1 1 0 0 0 0 -1
 1 1 0 0 0 -1 0
 1 1 0 0 -1 0 0
 1 1 0 -1 0 0 0
 1 0 1 0 0 0 -1
 1 0 1 0 0 -1 0
 1 0 1 0 -1 0 0
 0 0 1 1 0 0 -1
 0 0 1 1 0 -1 0
 0 0 1 1 -1 0 0
 1 0 1 1 0 -1 -1
 2 1 1 0 -1 -1 -1
 1 0 2 1 -1 -1 -1
 1 1 1 1 -1 -1 -1

Delaunay polytope with 21 vertices
 1 0 0 0 0 0 0
 0 1 0 0 0 0 0
 0 0 1 0 0 0 0
 0 0 0 1 0 0 0
 0 0 0 0 1 0 0
 0 0 0 0 0 1 0
 0 0 0 0 0 0 1
 1 1 0 0 0 0 -1
 1 1 0 0 0 -1 0
 1 1 0 0 -1 0 0
 1 1 0 -1 0 0 0
 1 0 1 0 0 0 -1
 1 0 1 0 0 -1 0
 1 0 1 0 -1 0 0
 0 0 1 1 0 0 -1
 0 0 1 1 0 -1 0
 1 1 1 0 0 -1 -1
 1 0 1 1 -1 0 -1
 1 0 1 1 -1 -1 0
 1 0 2 1 -1 -1 -1
 1 1 1 1 -1 -1 -1

Delaunay polytope with 21 vertices
 1 0 0 0 0 0 0
 0 1 0 0 0 0 0
 0 0 1 0 0 0 0
 0 0 0 1 0 0 0
 0 0 0 0 1 0 0
 0 0 0 0 0 1 0
 0 0 0 0 0 0 1
 1 1 0 0 0 0 -1
 1 1 0 0 0 -1 0
 1 1 0 0 -1 0 0
 1 0 1 0 0 0 -1
 1 0 1 0 0 -1 0
 1 0 1 0 -1 0 0
 1 0 0 1 0 0 -1
 1 0 0 1 0 -1 0
 0 0 0 1 1 0 -1
 0 0 0 1 1 -1 0
 0 0 -1 1 1 0 0
 1 1 1 0 0 -1 -1
 1 1 1 0 -1 0 -1
 1 1 1 0 -1 -1 0

Delaunay polytope with 21 vertices
 1 0 0 0 0 0 0
 0 1 0 0 0 0 0
 0 0 1 0 0 0 0
 0 0 0 1 0 0 0
 0 0 0 0 1 0 0
 0 0 0 0 0 1 0
 0 0 0 0 0 0 1
 1 1 0 0 0 0 -1
 1 1 0 0 0 -1 0
 1 1 0 0 -1 0 0
 1 0 1 0 0 0 -1
 1 0 1 0 0 -1 0
 1 0 1 0 -1 0 0
 1 0 0 1 0 0 -1
 1 0 0 1 0 -1 0
 0 0 0 1 1 0 -1
 0 0 0 1 1 -1 0
 0 0 -1 1 1 0 0
 1 1 1 0 0 -1 -1
 1 1 1 0 -1 0 -1
 1 0 1 1 0 -1 -1

Delaunay polytope with 21 vertices
 1 0 0 0 0 0 0
 0 1 0 0 0 0 0
 0 0 1 0 0 0 0
 0 0 0 1 0 0 0
 0 0 0 0 1 0 0
 0 0 0 0 0 1 0
 0 0 0 0 0 0 1
 1 1 0 0 0 0 -1
 1 1 0 0 0 -1 0
 1 1 0 0 -1 0 0
 1 0 1 0 0 0 -1
 1 0 1 0 0 -1 0
 1 0 1 0 -1 0 0
 1 0 0 1 0 0 -1
 1 0 0 1 0 -1 0
 0 0 0 1 1 0 -1
 0 0 0 1 1 -1 0
 0 0 -1 1 1 0 0
 1 1 1 0 0 -1 -1
 1 1 0 1 0 -1 -1
 1 0 1 1 0 -1 -1

Delaunay polytope with 21 vertices
 1 0 0 0 0 0 0
 0 1 0 0 0 0 0
 0 0 1 0 0 0 0
 0 0 0 1 0 0 0
 0 0 0 0 1 0 0
 0 0 0 0 0 1 0
 0 0 0 0 0 0 1
 1 1 0 0 0 0 -1
 1 1 0 0 0 -1 0
 1 1 0 0 -1 0 0
 1 0 1 0 0 0 -1
 1 0 1 0 0 -1 0
 1 0 1 0 -1 0 0
 1 0 0 1 0 0 -1
 1 0 0 1 0 -1 0
 0 0 0 1 1 0 -1
 0 0 0 1 1 -1 0
 0 0 -1 1 1 0 0
 1 1 1 0 0 -1 -1
 1 1 0 1 0 -1 -1
 2 1 1 0 -1 -1 -1

Delaunay polytope with 21 vertices
 1 0 0 0 0 0 0
 0 1 0 0 0 0 0
 0 0 1 0 0 0 0
 0 0 0 1 0 0 0
 0 0 0 0 1 0 0
 0 0 0 0 0 1 0
 0 0 0 0 0 0 1
 1 1 0 0 0 0 -1
 1 1 0 0 0 -1 0
 1 1 0 0 -1 0 0
 1 0 1 0 0 0 -1
 1 0 1 0 0 -1 0
 1 0 1 0 -1 0 0
 1 0 0 1 0 0 -1
 1 0 0 1 0 -1 0
 0 0 0 1 1 0 -1
 0 0 0 1 1 -1 0
 0 0 -1 1 1 0 0
 1 1 1 0 0 -1 -1
 1 0 1 1 0 -1 -1
 1 0 0 1 1 -1 -1

Delaunay polytope with 21 vertices
 1 0 0 0 0 0 0
 0 1 0 0 0 0 0
 0 0 1 0 0 0 0
 0 0 0 1 0 0 0
 0 0 0 0 1 0 0
 0 0 0 0 0 1 0
 0 0 0 0 0 0 1
 1 1 0 0 0 0 -1
 1 1 0 0 0 -1 0
 1 1 0 0 -1 0 0
 1 0 1 0 0 0 -1
 1 0 1 0 0 -1 0
 1 0 1 0 -1 0 0
 1 0 0 1 0 0 -1
 1 0 0 1 0 -1 0
 0 0 0 1 1 0 -1
 0 0 0 1 1 -1 0
 0 0 -1 1 1 0 0
 1 1 1 0 0 -1 -1
 1 0 1 1 0 -1 -1
 2 1 1 0 -1 -1 -1

Delaunay polytope with 21 vertices
 1 0 0 0 0 0 0
 0 1 0 0 0 0 0
 0 0 1 0 0 0 0
 0 0 0 1 0 0 0
 0 0 0 0 1 0 0
 0 0 0 0 0 1 0
 0 0 0 0 0 0 1
 1 1 0 0 0 0 -1
 1 1 0 0 0 -1 0
 1 1 0 0 -1 0 0
 1 0 1 0 0 0 -1
 1 0 1 0 0 -1 0
 1 0 1 0 -1 0 0
 1 0 0 1 0 0 -1
 1 0 0 1 0 -1 0
 0 0 0 1 1 0 -1
 0 0 0 1 1 -1 0
 0 0 -1 1 1 0 0
 1 1 0 1 0 -1 -1
 1 0 1 1 0 -1 -1
 1 0 0 1 1 -1 -1

Delaunay polytope with 21 vertices
 1 0 0 0 0 0 0
 0 1 0 0 0 0 0
 0 0 1 0 0 0 0
 0 0 0 1 0 0 0
 0 0 0 0 1 0 0
 0 0 0 0 0 1 0
 0 0 0 0 0 0 1
 1 1 0 0 0 0 -1
 1 1 0 0 0 -1 0
 1 1 0 0 -1 0 0
 1 0 1 0 0 0 -1
 1 0 1 0 0 -1 0
 1 0 1 0 -1 0 0
 1 0 0 1 0 0 -1
 1 0 0 1 0 -1 0
 0 0 0 1 1 0 -1
 0 0 0 1 1 -1 0
 1 1 1 0 0 -1 -1
 1 1 1 0 -1 0 -1
 1 1 1 0 -1 -1 0
 1 0 0 1 1 -1 -1

Delaunay polytope with 21 vertices
 1 0 0 0 0 0 0
 0 1 0 0 0 0 0
 0 0 1 0 0 0 0
 0 0 0 1 0 0 0
 0 0 0 0 1 0 0
 0 0 0 0 0 1 0
 0 0 0 0 0 0 1
 1 1 0 0 0 0 -1
 1 1 0 0 0 -1 0
 1 1 0 0 -1 0 0
 1 0 1 0 0 0 -1
 1 0 1 0 0 -1 0
 1 0 1 0 -1 0 0
 1 0 0 1 0 0 -1
 1 0 0 1 0 -1 0
 0 0 0 1 1 0 -1
 0 0 0 1 1 -1 0
 1 1 1 0 0 -1 -1
 1 1 1 0 -1 0 -1
 1 1 1 0 -1 -1 0
 2 1 1 0 -1 -1 -1

Delaunay polytope with 21 vertices
 1 0 0 0 0 0 0
 0 1 0 0 0 0 0
 0 0 1 0 0 0 0
 0 0 0 1 0 0 0
 0 0 0 0 1 0 0
 0 0 0 0 0 1 0
 0 0 0 0 0 0 1
 1 1 0 0 0 0 -1
 1 1 0 0 0 -1 0
 1 1 0 0 -1 0 0
 1 0 1 0 0 0 -1
 1 0 1 0 0 -1 0
 1 0 1 0 -1 0 0
 1 0 0 1 0 0 -1
 1 0 0 1 0 -1 0
 0 0 0 1 1 0 -1
 0 0 0 1 1 -1 0
 1 1 1 0 0 -1 -1
 1 1 1 0 -1 0 -1
 1 1 0 1 0 -1 -1
 1 0 1 1 0 -1 -1

Delaunay polytope with 21 vertices
 1 0 0 0 0 0 0
 0 1 0 0 0 0 0
 0 0 1 0 0 0 0
 0 0 0 1 0 0 0
 0 0 0 0 1 0 0
 0 0 0 0 0 1 0
 0 0 0 0 0 0 1
 1 1 0 0 0 0 -1
 1 1 0 0 0 -1 0
 1 1 0 0 -1 0 0
 1 0 1 0 0 0 -1
 1 0 1 0 0 -1 0
 1 0 1 0 -1 0 0
 1 0 0 1 0 0 -1
 1 0 0 1 0 -1 0
 0 0 0 1 1 0 -1
 0 0 0 1 1 -1 0
 1 1 1 0 0 -1 -1
 1 1 0 1 0 -1 -1
 1 0 1 1 0 -1 -1
 1 0 0 1 1 -1 -1

Delaunay polytope with 21 vertices
 1 0 0 0 0 0 0
 0 1 0 0 0 0 0
 0 0 1 0 0 0 0
 0 0 0 1 0 0 0
 0 0 0 0 1 0 0
 0 0 0 0 0 1 0
 0 0 0 0 0 0 1
 1 1 0 0 0 0 -1
 1 1 0 0 0 -1 0
 1 1 0 0 -1 0 0
 1 0 1 0 0 0 -1
 1 0 1 0 0 -1 0
 1 0 1 0 -1 0 0
 1 0 0 1 0 0 -1
 1 0 0 1 0 -1 0
 0 0 0 1 1 0 -1
 0 0 0 1 1 -1 0
 1 1 1 0 0 -1 -1
 1 1 0 1 0 -1 -1
 1 0 1 1 0 -1 -1
 2 1 1 0 -1 -1 -1

Delaunay polytope with 21 vertices
 1 0 0 0 0 0 0
 0 1 0 0 0 0 0
 0 0 1 0 0 0 0
 0 0 0 1 0 0 0
 0 0 0 0 1 0 0
 0 0 0 0 0 1 0
 0 0 0 0 0 0 1
 1 1 0 0 0 0 -1
 1 1 0 0 0 -1 0
 1 1 0 0 -1 0 0
 1 0 1 0 0 0 -1
 1 0 1 0 0 -1 0
 1 0 1 0 -1 0 0
 1 0 0 1 0 0 -1
 0 0 0 1 1 -1 0
 0 0 -1 1 1 0 0
 0 -1 0 1 1 0 0
 1 1 1 0 0 -1 -1
 1 1 1 0 -1 -1 0
 1 1 0 1 0 -1 -1
 1 0 1 1 0 -1 -1

Delaunay polytope with 21 vertices
 1 0 0 0 0 0 0
 0 1 0 0 0 0 0
 0 0 1 0 0 0 0
 0 0 0 1 0 0 0
 0 0 0 0 1 0 0
 0 0 0 0 0 1 0
 0 0 0 0 0 0 1
 1 1 0 0 0 0 -1
 1 1 0 0 0 -1 0
 1 1 0 0 -1 0 0
 1 0 1 0 0 0 -1
 1 0 1 0 0 -1 0
 1 0 1 0 -1 0 0
 1 0 0 1 0 0 -1
 0 0 0 1 1 -1 0
 0 0 -1 1 1 0 0
 0 -1 0 1 1 0 0
 1 1 1 0 0 -1 -1
 1 1 1 0 -1 -1 0
 1 1 0 1 0 -1 -1
 1 0 0 1 1 -1 -1

Delaunay polytope with 21 vertices
 1 0 0 0 0 0 0
 0 1 0 0 0 0 0
 0 0 1 0 0 0 0
 0 0 0 1 0 0 0
 0 0 0 0 1 0 0
 0 0 0 0 0 1 0
 0 0 0 0 0 0 1
 1 1 0 0 0 0 -1
 1 1 0 0 0 -1 0
 1 1 0 0 -1 0 0
 1 0 1 0 0 0 -1
 1 0 1 0 0 -1 0
 1 0 1 0 -1 0 0
 1 0 0 1 0 0 -1
 0 0 0 1 1 -1 0
 0 0 -1 1 1 0 0
 0 -1 0 1 1 0 0
 1 1 1 0 0 -1 -1
 1 1 0 1 0 -1 -1
 1 0 1 1 0 -1 -1
 2 1 1 0 -1 -1 -1

Delaunay polytope with 21 vertices
 1 0 0 0 0 0 0
 0 1 0 0 0 0 0
 0 0 1 0 0 0 0
 0 0 0 1 0 0 0
 0 0 0 0 1 0 0
 0 0 0 0 0 1 0
 0 0 0 0 0 0 1
 1 1 0 0 0 0 -1
 1 1 0 0 0 -1 0
 1 1 0 0 -1 0 0
 1 0 1 0 0 0 -1
 1 0 1 0 0 -1 0
 1 0 0 1 0 0 -1
 1 0 0 1 0 -1 0
 0 0 1 0 1 0 -1
 0 0 1 0 1 -1 0
 1 1 0 1 -1 0 -1
 1 1 0 1 -1 -1 0
 1 0 1 1 0 -1 -1
 1 0 1 0 1 -1 -1
 2 1 0 1 -1 -1 -1

